0.015 1.01 0.22399999999999998 0.42200000000000004 12.99 -0.4354 0.47% 3.0 0.220%
0.02 1.023 0.248 0.365 12.39 -0.2533 0.45% 7.0 0.270%
0.03 1.069 0.35100000000000003 0.244 12.59 -0.1388 0.70% 2.0 0.323%
0.04 1.157 0.36200000000000004 0.23800000000000002 14.6 -0.1453 1.15% 2.0 0.490%
0.05 1.2890000000000001 0.4 0.218 14.85 -0.1282 1.48% 0.5 0.706%
0.06 1.4509999999999998 0.466 0.185 14.8 -0.1055 1.93% 0.5 0.782%
0.08 1.986 0.488 0.19699999999999998 11.86 -0.0951 3.81% 0.5 1.918%
0.1 2.532 0.625 0.14 11.98 -0.0947 3.41% 0.5 1.565%
0.15 3.411 0.935 0.033 13.43 -0.0406 1.49% 35.0 1.021%
0.2 3.529 1.139 -0.013999999999999999 12.77 -0.0218 1.21% 10.0 0.727%
0.3 3.188 1.3090000000000002 -0.048 9.23 -0.0099 1.08% 0.5 0.393%
0.4 2.84 1.389 -0.067 20.01 0.0139 0.77% 0.5 0.336%
0.5 2.627 1.3969999999999998 -0.07 17.55 0.0148 0.92% 0.5 0.282%
0.6 2.456 1.3969999999999998 -0.07200000000000001 16.3 0.0173 0.88% 2.0 0.322%
0.8 2.2640000000000002 1.3519999999999999 -0.066 16.77 0.0175 1.11% 0.5 0.306%
1.0 2.128 1.3130000000000002 -0.061 15.5 0.017 0.64% 0.5 0.276%
1.5 1.939 1.222 -0.046 14.93 0.0143 0.86% 0.5 0.296%
2.0 1.835 1.147 -0.03 16.46 0.0074 0.79% 0.5 0.243%
3.0 1.685 1.057 -0.008 12.35 -0.0057 0.88% 1.0 0.337%
4.0 1.589 0.983 0.015 11.87 -0.0235 1.30% 1.0 0.713%
5.0 1.501 0.956 0.024 12.99 -0.0361 0.86% 10.0 0.452%
6.0 1.432 0.945 0.027999999999999997 12.78 -0.035 1.24% 1.0 0.562%
8.0 1.334 0.934 0.033 12.11 -0.0332 1.61% 0.5 0.715%
10.0 1.2830000000000001 0.89 0.05 13.89 -0.0525 1.73% 4.0 1.093%
15.0 1.175 0.934 0.04 14.39 -0.0436 2.08% 1.0 0.985%
