0.015 1.002 0.293 0.254 28.31 -0.3727 0.1 2 0.03 
0.02 1.003 0.468 0.137 25.30 -0.0820 0.1 3 0.03 
0.03 1.005 0.336 0.224 25.06 -0.2039 0.0 8 0.02 
0.04 1.010 0.301 0.257 14.81 -0.0871 0.1 2 0.03 
0.05 1.016 0.323 0.235 15.31 -0.0834 0.1 1 0.04 
0.06 1.025 0.287 0.282 14.53 -0.1333 0.1 2 0.04 
0.08 1.051 0.269 0.303 13.80 -0.1469 0.2 0.5 0.13 
0.1 1.083 0.275 0.301 13.80 -0.1524 0.3 0.5 0.17 
0.115 1.112 0.296 0.288 14.38 -0.1479 0.5 0.5 0.23 
0.116 1.968 1.637 0.052 21.32 -0.0506 10.6 40 5.21 
0.12 1.924 1.585 0.054 29.37 -0.0986 10.4 40 5.08 
0.13 1.974 1.313 0.092 12.99 -0.0580 6.6 3 3.99 
0.14 1.914 1.147 0.108 17.44 -0.0748 5.3 4 2.70 
0.15 1.832 0.976 0.134 16.75 -0.1034 3.7 1 1.87 
0.16 1.844 0.758 0.187 15.92 -0.1590 2.2 1 1.46 
0.17 1.833 0.574 0.244 16.03 -0.2092 2.5 35 1.32 
0.18 1.821 0.417 0.301 17.53 -0.2278 2.1 2 1.09 
0.19 1.801 0.331 0.290 27.59 -0.0809 2.3 0.5 1.13 
0.2 1.759 0.334 0.147 13.39 -0.0426 0.2 0.5 0.10 
0.25 1.654 0.102 0.421 20.53 -0.1007 0.8 1 0.41 
0.3 1.587 0.089 0.563 13.59 -0.2424 1.1 2 0.51 
0.4 1.571 0.179 0.441 13.56 -0.2670 2.5 0.5 1.15 
0.5 1.592 0.272 0.339 13.60 -0.2137 2.9 0.5 1.30 
0.6 1.464 0.420 0.220 13.49 -0.1309 2.1 0.5 0.98 
0.8 1.571 0.493 0.183 13.47 -0.1102 2.3 0.5 1.10 
1.0 1.591 0.574 0.146 13.46 -0.0912 2.1 0.5 1.11 
1.5 1.643 0.702 0.104 14.01 -0.0780 3.3 0.5 1.42 
2.0 1.677 0.715 0.107 13.60 -0.0909 6.7 0.5 2.50 
3.0 1.612 0.707 0.123 !3.68 -0.1233 10.0 0.5 3.60 
4.0 1.518 0.704 0.132 14.03 -0.1340 10.5 0.5 3.77 
5.0 1.514 0.674 0.153 14.30 -0.1542 11.5 0.5 4.23 
6.0 1.487 0.680 0.158 14.45 -0.1618 10.8 0.5 4.15 
8.0 1.492 0.762 0.139 14.43 -0.1499 10.8 0.5 4.23 
10.0 1.461 0.911 0.100 14.26 -0.1188 9.8 0.5 3.69 
15.0 1.468 1.114 0.070 13.88 -0.1022 8.6 0.5 3.56 
