0.015 1.0070000000000001 0.585 0.034 9.72 0.1113 0.60% 0.5 0.296%
0.02 1.0170000000000001 0.37 0.247 11.26 -0.1771 0.44% 2.0 0.257%
0.03 1.056 0.363 0.237 12.8 -0.1459 0.53% 35.0 0.356%
0.04 1.127 0.38 0.222 13.84 -0.1211 0.84% 0.5 0.458%
0.05 1.24 0.389 0.225 14.22 -0.1325 1.52% 0.5 0.601%
0.06 1.382 0.45 0.19 14.77 -0.1058 2.01% 0.5 0.802%
0.08 1.7409999999999999 0.573 0.136 15.85 -0.0738 1.90% 2.0 0.750%
0.1 2.2030000000000003 0.685 0.099 15.97 -0.068 1.43% 2.0 0.670%
0.15 3.245 0.871 0.051 13.42 -0.0502 2.20% 0.5 1.297%
0.2 3.471 1.072 0.002 12.89 -0.0317 1.53% 3.0 0.998%
0.3 3.1719999999999997 1.273 -0.042 10.25 -0.0103 0.79% 5.0 0.415%
0.4 2.8480000000000003 1.3559999999999999 -0.061 27.24 0.0185 0.84% 4.0 0.469%
0.5 2.615 1.38 -0.067 17.03 0.0123 0.78% 2.0 0.381%
0.6 2.477 1.364 -0.065 21.16 0.0171 0.79% 0.5 0.282%
0.8 2.258 1.3459999999999999 -0.065 16.21 0.0164 0.34% 2.0 0.207%
1.0 2.129 1.304 -0.059000000000000004 16.33 0.0164 0.75% 0.5 0.251%
1.5 1.936 1.222 -0.046 15.6 0.0151 0.76% 0.5 0.289%
2.0 1.834 1.1440000000000001 -0.028999999999999998 17.2 0.0068 0.78% 0.5 0.279%
3.0 1.6869999999999998 1.05 -0.005 11.95 -0.0099 0.76% 1.0 0.346%
4.0 1.589 0.978 0.017 12.17 -0.025 1.30% 1.0 0.683%
5.0 1.4980000000000002 0.963 0.021 14.58 -0.0317 1.45% 1.0 0.830%
6.0 1.429 0.9440000000000001 0.028999999999999998 12.99 -0.0361 0.97% 20.0 0.615%
8.0 1.33 0.932 0.035 12.38 -0.0364 1.77% 0.5 0.854%
10.0 1.274 0.903 0.047 13.91 -0.0513 1.84% 4.0 1.136%
15.0 1.167 0.9570000000000001 0.034 14.47 -0.0375 2.26% 0.5 0.966%
