0.015 1.3980000000000001 0.526 0.153 14.42 -0.0777 1.92% 0.5 0.819%
0.02 1.9 0.7390000000000001 0.076 16.46 -0.0363 0.74% 25.0 0.327%
0.03 3.725 1.153 -0.027000000000000003 12.57 0.0085 0.96% 0.5 0.373%
0.04 5.0680000000000005 1.735 -0.127 14.1 0.0554 1.91% 15.0 1.207%
0.05 5.593999999999999 2.066 -0.16399999999999998 14.48 0.0692 2.68% 2.0 1.395%
0.06 5.4239999999999995 2.287 -0.18600000000000003 14.66 0.079 2.17% 25.0 1.300%
0.08 4.862 2.488 -0.204 14.81 0.0832 2.38% 15.0 1.307%
0.1 4.305 2.548 -0.209 14.88 0.0834 2.34% 15.0 1.197%
0.15 3.523 2.491 -0.205 14.96 0.0796 1.90% 15.0 1.028%
0.2 3.173 2.365 -0.196 14.77 0.0757 1.95% 15.0 0.989%
0.3 2.7969999999999997 2.129 -0.175 14.96 0.0694 2.62% 35.0 1.397%
0.4 2.6289999999999996 1.925 -0.153 14.84 0.0631 1.64% 35.0 0.904%
0.5 2.456 1.801 -0.138 16.05 0.0618 2.75% 2.0 1.200%
0.6 2.399 1.663 -0.11900000000000001 14.98 0.0457 1.15% 2.0 0.650%
0.8 2.198 1.5630000000000002 -0.109 14.09 0.0461 1.76% 1.0 1.105%
1.0 2.0869999999999997 1.4609999999999999 -0.09300000000000001 14.2 0.0406 2.31% 0.5 1.149%
1.5 1.9409999999999998 1.275 -0.06 14.29 0.0266 1.92% 0.5 0.809%
2.0 1.8430000000000002 1.167 -0.037000000000000005 14.53 0.0143 1.63% 0.5 0.596%
3.0 1.715 1.05 -0.011000000000000001 14.52 0.0027 0.93% 0.5 0.285%
4.0 1.626 0.99 0.003 12.82 -0.002 0.57% 2.0 0.262%
5.0 1.564 0.9470000000000001 0.013999999999999999 15.05 -0.0068 0.49% 5.0 0.271%
6.0 1.5190000000000001 0.9 0.03 12.35 -0.0186 1.73% 0.5 0.607%
8.0 1.43 0.884 0.033 12.11 -0.0158 0.69% 1.0 0.359%
10.0 1.3780000000000001 0.8590000000000001 0.04 14.32 -0.0221 1.03% 0.5 0.500%
15.0 1.2830000000000001 0.838 0.047 15.91 -0.0324 0.96% 0.5 0.512%
