0.015 1.022 0.415 0.19 11.16 -0.0775 0.62% 0.5 0.288%
0.02 1.051 0.426 0.179 17.64 -0.1078 0.81% 0.5 0.298%
0.03 1.18 0.395 0.215 14.4 -0.117 1.44% 0.5 0.588%
0.04 1.401 0.455 0.18899999999999997 14.61 -0.1049 1.91% 0.5 0.760%
0.05 1.6769999999999998 0.604 0.11900000000000001 16.85 -0.0604 1.81% 2.0 0.694%
0.06 2.178 0.604 0.139 13.56 -0.078 3.08% 0.5 1.521%
0.08 3.0589999999999997 0.82 0.064 13.99 -0.0488 1.41% 10.0 0.887%
0.1 3.7119999999999997 1.0270000000000001 0.009000000000000001 13.77 -0.0262 0.87% 4.0 0.514%
0.15 4.043 1.348 -0.06 13.94 0.01 2.24% 0.5 0.798%
0.2 3.678 1.506 -0.087 14.36 0.0243 2.46% 0.5 1.120%
0.3 3.11 1.5819999999999999 -0.1 14.45 0.029 2.49% 0.5 1.051%
0.4 2.781 1.571 -0.1 14.57 0.0299 2.02% 0.5 0.870%
0.5 2.57 1.541 -0.09699999999999999 14.87 0.0301 1.65% 0.5 0.785%
0.6 2.4330000000000003 1.4969999999999999 -0.091 15.01 0.0283 1.45% 0.5 0.706%
0.8 2.242 1.4240000000000002 -0.081 15.08 0.0267 1.81% 0.5 0.622%
1.0 2.124 1.358 -0.071 14.98 0.0243 1.49% 0.5 0.521%
1.5 1.9409999999999998 1.2409999999999999 -0.051 14.38 0.0185 1.48% 0.5 0.479%
2.0 1.838 1.155 -0.033 14.32 0.01 0.83% 0.5 0.305%
3.0 1.699 1.051 -0.008 11.58 -0.0039 0.43% 2.0 0.221%
4.0 1.5959999999999999 0.998 0.006 12.8 -0.0112 0.87% 1.0 0.375%
5.0 1.528 0.948 0.021 14.62 -0.0256 1.67% 0.5 0.794%
6.0 1.456 0.9440000000000001 0.022000000000000002 15.19 -0.0273 0.95% 1.0 0.553%
8.0 1.367 0.907 0.036000000000000004 11.95 -0.0307 0.94% 1.0 0.533%
10.0 1.298 0.9159999999999999 0.033 13.35 -0.0293 1.67% 1.0 0.751%
15.0 1.202 0.9129999999999999 0.037000000000000005 14.31 -0.036 1.48% 1.0 0.713%
