0.015 1.0090000000000001 0.495 0.141 29.38 -0.2851 0.46% 0.5 0.285%
0.02 1.022 0.465 0.151 30.59 -0.3021 0.65% 0.5 0.280%
0.03 1.081 0.344 0.252 13.45 -0.1508 0.69% 0.5 0.281%
0.04 1.18 0.397 0.21100000000000002 14.36 -0.1139 1.46% 0.5 0.537%
0.05 1.337 0.42 0.209 14.32 -0.1214 1.60% 0.5 0.747%
0.06 1.5219999999999998 0.509 0.162 15.42 -0.0887 1.37% 0.5 0.643%
0.08 2.134 0.54 0.17 13.5 -0.1007 3.47% 0.5 1.811%
0.1 2.716 0.6990000000000001 0.107 13.3 -0.076 3.45% 0.5 1.602%
0.15 3.5580000000000003 1.0070000000000001 0.013999999999999999 13.47 -0.0308 1.24% 4.0 0.814%
0.2 3.5989999999999998 1.199 -0.027000000000000003 12.18 -0.0147 0.78% 5.0 0.488%
0.3 3.161 1.3780000000000001 -0.064 21.31 0.0125 1.16% 2.0 0.439%
0.4 2.8289999999999997 1.426 -0.07400000000000001 16.7 0.0152 1.22% 0.5 0.441%
0.5 2.615 1.4240000000000002 -0.075 17.17 0.0174 0.93% 0.5 0.343%
0.6 2.456 1.41 -0.07400000000000001 17.12 0.0183 1.00% 0.5 0.354%
0.8 2.248 1.375 -0.071 15.67 0.0202 1.08% 0.5 0.374%
1.0 2.1180000000000003 1.334 -0.066 14.93 0.0208 0.83% 35.0 0.387%
1.5 1.943 1.222 -0.046 15.07 0.0146 0.99% 0.5 0.330%
2.0 1.831 1.1540000000000001 -0.032 15.62 0.0088 0.60% 0.5 0.251%
3.0 1.692 1.052 -0.006999999999999999 12.91 -0.0061 0.47% 1.0 0.263%
4.0 1.5919999999999999 0.985 0.013000000000000001 12.56 -0.0204 1.12% 1.0 0.631%
5.0 1.501 0.97 0.017 15.63 -0.0287 0.94% 10.0 0.518%
6.0 1.4369999999999998 0.9440000000000001 0.027000000000000003 13.04 -0.033 0.94% 4.0 0.566%
8.0 1.3419999999999999 0.924 0.035 12.28 -0.0338 1.32% 1.0 0.730%
10.0 1.28 0.9109999999999999 0.040999999999999995 13.91 -0.0434 1.54% 1.0 0.980%
15.0 1.176 0.948 0.033 14.53 -0.0363 2.00% 1.0 0.964%
