0.015 1.002 0.293 0.254 28.31 -0.3727 0.1 2 0.03 
0.02 1.003 0.468 0.137 25.30 -0.0820 0.1 3 0.03 
0.03 1.007 0.309 0.264 13.16 -0.1229 0.1 2 0.02 
0.04 1.014 0.304 0.262 13.53 -0.0970 0.1 35 0.03 
0.05 1.024 0.294 0.267 14.35 -0.1097 0.1 0.5 0.03 
0.06 1.036 0.300 0.272 13.88 -0.1245 0.1 2 0.06 
0.08 1.076 0.277 0.297 13.69 -0.1425 0.3 2 0.14 
0.088 1.094 0.278 0.297 13.92 -0.1448 0.4 0.5 0.19 
0.089 2.035 1.655 0.058 13.81 -0.0425 11.6 20 6.28 
0.09 2.066 1.587 0.069 14.04 -0.0620 12.4 3 6.87 
0.1 1.934 1.336 0.096 12.88 -0.0695 9.4 3 4.89 
0.11 1.822 1.191 0.099 19.22 -0.0665 4.3 4 2.42 
0.12 1.784 0.931 0.145 16.52 -0.1150 3.5 1 1.74 
0.13 1.778 0.653 0.221 15.89 -0.1956 2.8 35 1.40 
0.14 1.764 0.426 0.306 16.90 -0.2462 2.0 0.5 1.11 
0.15 1.728 0.304 0.298 27.59 -0.0003 2.7 0.5 1.09 
0.16 1.688 0.305 0.112 10.90 -0.0463 0.2 3 0.09 
0.2 1.589 0.078 0.489 17.42 -0.1064 0.8 1 0.31 
0.3 1.530 0.144 0.476 13.28 -0.2522 2.0 0.5 0.96 
0.4 1.594 0.262 0.347 13.60 -0.2151 2.9 0.5 1.23 
0.5 1.674 0.352 0.276 13.67 -0.1762 3.1 0.5 1.34 
0.6 1.555 0.496 0.181 13.55 -0.1093 2.0 0.5 0.98 
0.8 1.685 0.570 0.149 13.53 -0.0930 2.2 0.5 1.13 
1.0 1.741 0.635 0.124 13.51 -0.0829 2.5 0.5 1.23 
1.5 1.719 0.784 0.076 13.99 -0.0636 3.2 0.5 1.31 
2.0 1.730 0.784 0.084 13.50 -0.0798 6.2 0.5 2.38 
3.0 1.642 0.764 0.104 13.62 -0.1140 9.5 0.5 3.60 
4.0 1.524 0.764 0.112 13.91 -0.1241 10.3 0.5 3.79 
5.0 1.521 0.714 0.141 14.20 -0.1537 10.5 0.5 4.20 
6.0 1.475 0.737 0.138 14.36 -0.1503 10.5 0.5 4.14 
8.0 1.480 0.791 0.132 14.35 -0.1495 9.7 0.5 4.15 
10.0 1.428 0.963 0.086 14.23 -0.1084 9.6 0.5 3.63 
15.0 1.437 1.152 0.062 13.87 -0.0968 8.1 0.5 3.45 
