0.015 1.002 0.539 0.111 11.48 -0.0337 0.1 0.5 0.03
0.02 1.005 0.39299999999999996 0.191 10.33 -0.0581 0.1 4.0 0.02
0.03 1.015 0.325 0.239 14.39 -0.0881 0.1 2.0 0.03
0.04 1.031 0.31 0.258 14.22 -0.1014 0.1 2.0 0.03
0.05 1.053 0.32299999999999995 0.243 14.3 -0.0957 0.1 2.0 0.06
0.06 1.777 1.5 0.063 29.33 -0.1035 10.2 40.0 5.18
0.08 1.734 0.5870000000000001 0.245 16.07 -0.2151 2.1 35.0 1.26
0.1 1.643 0.237 -0.006999999999999999 18.36 0.0556 0.3 0.5 0.17
0.15 1.4669999999999999 0.06 0.6779999999999999 14.02 -0.3125 1.2 0.5 0.56
0.2 1.485 0.14400000000000002 0.486 13.76 -0.2671 2.1 0.5 0.94
0.3 1.6569999999999998 0.287 0.316 13.38 -0.1787 2.4 0.5 1.09
0.4 1.879 0.41100000000000003 0.24 13.78 -0.1558 3.1 0.5 1.41
0.5 2.022 0.511 0.187 13.85 -0.1264 3.4 0.5 1.55
0.6 1.976 0.614 0.13699999999999998 13.66 -0.095 2.7 0.5 1.34
0.8 2.062 0.711 0.1 13.6 -0.0757 2.6 0.5 1.32
1.0 2.0669999999999997 0.772 0.08 13.51 -0.0669 2.4 0.5 1.29
1.5 1.903 0.8909999999999999 0.046 13.68 -0.0522 2.9 0.5 1.24
2.0 1.8840000000000001 0.865 0.06 13.37 -0.0694 5.1 0.5 2.17
3.0 1.785 0.8009999999999999 0.09300000000000001 13.53 -0.1111 7.9 0.5 3.41
4.0 1.65 0.7879999999999999 0.10400000000000001 13.87 -0.1217 9.4 0.5 3.7
5.0 1.6669999999999998 0.727 0.135 14.15 -0.1502 8.9 0.5 3.9
6.0 1.631 0.74 0.135 14.3 -0.1487 8.4 0.5 3.75
8.0 1.6480000000000001 0.8140000000000001 0.11900000000000001 14.28 -0.1368 7.5 0.5 3.55
10.0 1.5859999999999999 0.976 0.077 14.14 -0.1007 7.0 0.5 3.07
15.0 1.581 1.19 0.046 13.74 -0.081 5.0 0.5 2.51
