0.015 1.002 0.293 0.254 28.31 -0.3727 0.1 2 0.03 
0.02 1.003 0.468 0.137 25.30 -0.0820 0.1 3 0.03 
0.03 1.009 0.357 0.220 13.52 -0.0868 0.1 7 0.03 
0.04 1.019 0.320 0.251 13.89 -0.1026 0.1 0.5 0.03 
0.05 1.034 0.296 0.263 14.01 -0.0992 0.1 2 0.05 
0.06 1.054 0.284 0.277 13.97 -0.1120 0.3 0.5 0.10 
0.069 1.074 0.294 0.276 14.04 -0.1256 0.2 0.5 0.12 
0.07 2.031 1.752 0.048 13.52 -0.0343 10.6 20 6.03 
0.08 1.984 1.385 0.089 12.82 -0.0580 10.3 3 5.00 
0.09 1.816 1.185 0.099 25.50 -0.1234 4.3 0.5 2.44 
0.1 1.790 0.836 0.168 16.34 -0.1388 2.8 1 1.49 
0.11 1.787 0.519 0.269 16.14 -0.2305 2.3 35 1.25 
0.12 1.772 0.303 0.332 26.71 -0.2009 3.0 0.5 1.45 
0.13 1.711 0.290 0.090 9.05 -0.0461 0.2 15 0.09 
0.14 1.658 0.191 0.060 11.41 0.0664 0.2 20 0.12 
0.15 1.594 0.107 0.313 24.26 -0.0182 0.9 2 0.40 
0.2 1.521 0.074 0.631 13.95 -0.3015 1.2 2 0.62 
0.3 1.559 0.203 0.396 13.31 -0.2181 2.3 0.5 1.03 
0.4 1.678 0.326 0.294 13.71 -0.1849 2.9 0.5 1.29 
0.5 1.793 0.418 0.235 13.74 -0.1529 3.2 0.5 1.43 
0.6 1.715 0.537 0.166 13.58 -0.1058 2.2 0.5 1.13 
0.8 1.834 0.627 0.128 13.58 -0.0851 2.5 0.5 1.23 
1.0 1.872 0.692 0.105 13.53 -0.0762 2.5 0.5 1.29 
1.5 1.784 0.841 0.059 13.85 -0.0560 2.6 0.5 1.18 
2.0 1.764 0.842 0.065 13.44 -0.0686 5.4 0.5 2.17 
3.0 1.659 0.813 0.087 13.54 -0.1032 8.8 0.5 3.42 
4.0 1.542 0.800 0.100 13.85 -0.1176 9.9 0.5 3.74 
5.0 1.527 0.756 0.125 14.14 -0.1422 10.2 0.5 4.13 
6.0 1.485 0.758 0.131 14.29 -0.1478 9.7 0.5 4.06 
8.0 1.482 0.803 0.128 14.31 -0.1487 8.9 0.5 4.02 
10.0 1.432 0.957 0.088 14.21 -0.1128 8.6 0.5 3.55 
15.0 1.432 1.160 0.059 13.89 -0.0949 7.1 0.5 3.22 
