0.015 1.001 2.044 -0.31 11.15 0.2519 0.46% 3.0 0.175%
0.02 1.006 0.23 0.442 12.61 -0.5099 0.49% 10.0 0.234%
0.03 1.0170000000000001 0.37 0.247 11.26 -0.1771 0.44% 2.0 0.257%
0.04 1.038 0.392 0.19699999999999998 25.45 -0.2886 0.58% 0.5 0.283%
0.05 1.071 0.353 0.243 12.89 -0.1407 0.39% 0.5 0.163%
0.06 1.121 0.34 0.25 14.53 -0.1501 1.02% 0.5 0.446%
0.08 1.246 0.395 0.217 14.39 -0.1226 2.08% 0.5 0.792%
0.1 1.381 0.539 0.133 19.42 -0.0874 2.07% 2.0 0.680%
0.15 2.12 0.47200000000000003 0.20800000000000002 13.51 -0.1372 5.43% 0.5 2.600%
0.2 2.603 0.6709999999999999 0.12 13.45 -0.0928 6.52% 0.5 2.781%
0.3 2.926 0.9209999999999999 0.039 12.8 -0.0495 4.82% 0.5 2.001%
0.4 2.795 1.07 0.002 12.19 -0.0331 3.45% 0.5 1.529%
0.5 2.612 1.158 -0.02 11.56 -0.019 2.55% 0.5 1.093%
0.6 2.479 1.1909999999999998 -0.027999999999999997 10.74 -0.0147 2.09% 0.5 0.878%
0.8 2.27 1.21 -0.033 8.79 -0.0131 1.16% 0.5 0.587%
1.0 2.129 1.2109999999999999 -0.036000000000000004 7.13 -0.009 1.03% 0.5 0.444%
1.5 1.952 1.149 -0.025 8.18 -0.0085 0.56% 2.0 0.300%
2.0 1.835 1.113 -0.019 9.49 -0.0052 0.81% 1.0 0.328%
3.0 1.673 1.041 0.001 12.27 -0.0174 1.97% 0.5 0.834%
4.0 1.5419999999999998 1.016 0.01 14.08 -0.0286 2.41% 1.0 1.046%
5.0 1.4509999999999998 0.993 0.019 14.15 -0.0372 1.96% 1.0 1.015%
6.0 1.381 0.9840000000000001 0.023 14.3 -0.0395 2.29% 0.5 1.076%
8.0 1.2890000000000001 0.9590000000000001 0.036000000000000004 14.05 -0.0494 2.35% 1.0 1.217%
10.0 1.226 0.958 0.040999999999999995 14.33 -0.0536 2.70% 1.0 1.25870
15.0 1.1420000000000001 0.9440000000000001 0.057 14.81 -0.0634 2.39% 1.0 1.209%
