0.015 1.005 0.420 0.170 18.40 -0.0827 0.1 5 0.02 
0.02 1.011 0.363 0.217 13.09 -0.0857 0.1 20 0.02 
0.029 1.029 0.364 0.208 15.46 -0.0683 0.1 5 0.04 
0.03 1.770 1.862 0.042 11.05 -0.0312 11.2 3 4.91 
0.035 1.706 1.603 0.054 37.42 -0.1959 15.9 40 6.20 
0.04 1.660 1.261 0.088 13.32 -0.0262 6.0 15 3.45 
0.045 1.647 0.877 0.154 17.73 -0.1176 2.7 4 1.51 
0.05 1.639 0.492 0.280 16.68 -0.2376 2.2 20 0.95 
0.055 1.609 0.314 0.248 14.92 0.1000 1.4 0.5 0.84 
0.06 1.568 0.257 -0.078 21.17 0.0538 0.6 0.5 0.28 
0.08 1.393 0.034 0.733 14.24 -0.2271 0.5 1 0.25 
0.09 1.357 0.055 0.663 13.81 -0.2694 1.4 0.5 0.57 
0.1 1.337 0.069 0.659 13.41 -0.3590 1.3 2 0.71 
0.15 1.438 0.181 0.428 13.86 -0.2354 1.7 0.5 0.84 
0.2 1.624 0.283 0.326 13.92 -0.1909 2.5 0.5 1.09 
0.3 1.917 0.456 0.205 13.82 -0.1165 2.1 0.5 1.02 
0.4 2.260 0.590 0.152 13.87 -0.1081 3.0 0.5 1.52 
0.5 2.364 0.706 0.107 13.87 -0.0848 3.3 0.5 1.49 
0.6 2.396 0.775 0.082 13.73 -0.0710 2.9 0.5 1.38 
0.8 2.348 0.865 0.053 13.63 -0.0547 2.1 0.5 1.14 
1.0 2.259 0.914 0.038 13.50 -0.0462 1.8 0.5 0.99 
1.5 1.917 1.035 0.004 13.66 -0.0240 1.0 5 0.52 
2.0 1.849 0.993 0.019 13.12 -0.0385 1.9 0.5 1.12 
3.0 1.713 0.924 0.047 13.27 -0.0708 4.7 0.5 2.28 
4.0 1.585 0.891 0.063 13.64 -0.0860 6.3 0.5 2.76 
5.0 1.558 0.825 0.092 13.89 -0.1131 6.5 0.5 3.16 
6.0 1.513 0.796 0.108 14.10 -0.1277 5.9 0.5 3.19 
8.0 1.477 0.810 0.112 14.34 -0.1294 6.0 1 3.11 
10.0 1.418 0.914 0.085 14.29 -0.1043 5.6 1 2.82 
15.0 1.413 1.082 0.059 14.09 -0.0884 4.7 1 2.32 
