0.015 1.051 0.409 0.19699999999999998 11.44 -0.0913 0.78% 0.5 0.267%
0.02 1.121 0.41 0.20199999999999999 14.55 -0.1108 1.31% 0.5 0.464%
0.03 1.401 0.47200000000000003 0.18 14.69 -0.0944 2.07% 0.5 0.757%
0.04 1.849 0.629 0.114 16.17 -0.0596 1.35% 2.0 0.566%
0.05 2.535 0.737 0.08800000000000001 14.98 -0.0626 2.26% 0.5 1.051%
0.06 3.1710000000000003 0.922 0.033 14.39 -0.0303 1.23% 0.5 0.557%
0.08 4.169 1.22 -0.038 11.66 0.0065 1.44% 0.5 0.567%
0.1 4.5089999999999995 1.444 -0.079 13.36 0.026 2.39% 0.5 1.110%
0.15 4.045 1.73 -0.124 13.53 0.0491 2.84% 0.5 1.686%
0.2 3.614 1.784 -0.131 13.78 0.0503 2.97% 0.5 1.587%
0.3 3.0239999999999996 1.7690000000000001 -0.13 13.87 0.0478 2.03% 10.0 1.397%
0.4 2.721 1.702 -0.122 14.15 0.044 1.80% 10.0 1.206%
0.5 2.5380000000000003 1.635 -0.114 14.25 0.041 1.84% 0.5 1.065%
0.6 2.4019999999999997 1.569 -0.10400000000000001 14.56 0.0366 1.89% 0.5 0.958%
0.8 2.227 1.469 -0.09 14.86 0.0327 1.66% 0.5 0.833%
1.0 2.112 1.3869999999999998 -0.077 14.85 0.0282 1.57% 0.5 0.697%
1.5 1.936 1.253 -0.054000000000000006 14.28 0.0205 1.22% 0.5 0.505%
2.0 1.845 1.1540000000000001 -0.034 14.75 0.0125 1.07% 0.5 0.379%
3.0 1.706 1.05 -0.009000000000000001 10.63 -0.0012 0.61% 0.5 0.215%
4.0 1.614 0.983 0.009000000000000001 13.16 -0.012 0.63% 35.0 0.323%
5.0 1.5419999999999998 0.946 0.019 12.67 -0.015 1.15% 1.0 0.589%
6.0 1.479 0.929 0.024 15.97 -0.0271 1.20% 0.5 0.536%
8.0 1.3880000000000001 0.903 0.033 12.28 -0.0233 0.86% 1.0 0.472%
10.0 1.324 0.894 0.036000000000000004 13.93 -0.0286 1.19% 1.0 0.619%
15.0 1.225 0.892 0.038 14.72 -0.0327 2.07% 0.5 0.768%
