0.015 1.7519999999999998 0.6779999999999999 0.09699999999999999 15.02 -0.0473 2.16% 0.5 0.813%
0.02 2.694 0.953 0.023 15.1 -0.0242 2.59% 0.5 1.018%
0.03 4.721 1.6269999999999998 -0.11 14.85 0.0449 1.31% 15.0 0.705%
0.04 5.5489999999999995 2.219 -0.182 14.33 0.0778 2.46% 35.0 1.455%
0.05 5.727 2.489 -0.204 14.75 0.0837 2.43% 15.0 1.228%
0.06 5.34 2.667 -0.218 14.84 0.0878 2.40% 15.0 1.140%
0.08 4.566 2.7910000000000004 -0.226 14.99 0.086 2.05% 15.0 1.065%
0.1 4.037 2.781 -0.22399999999999998 15.38 0.0818 1.92% 15.0 0.989%
0.15 3.648 2.431 -0.18899999999999997 17.16 0.0543 7.34% 3.0 3.542%
0.2 3.253 2.3280000000000003 -0.183 17.94 0.0629 6.91% 3.0 3.361%
0.3 2.7230000000000003 2.2119999999999997 -0.183 15.15 0.0714 2.54% 3.0 1.109%
0.4 2.533 2.0269999999999997 -0.16699999999999998 14.34 0.0653 2.02% 15.0 1.129%
0.5 2.43 1.86 -0.14800000000000002 14.53 0.0607 2.02% 15.0 1.062%
0.6 2.358 1.72 -0.129 14.73 0.051 2.14% 2.0 1.067%
0.8 2.186 1.588 -0.113 14.15 0.0485 1.86% 25.0 1.030%
1.0 2.086 1.475 -0.096 13.96 0.0419 1.76% 1.0 1.118%
1.5 1.935 1.285 -0.062 14.35 0.0279 1.65% 0.5 0.798%
2.0 1.8330000000000002 1.183 -0.042 14.13 0.0192 1.16% 0.5 0.572%
3.0 1.715 1.054 -0.013000000000000001 12.91 0.0054 0.90% 0.5 0.292%
4.0 1.63 0.986 0.004 14.96 -0.0035 0.48% 0.5 0.186%
5.0 1.571 0.938 0.017 13.83 -0.01 0.57% 1.0 0.233%
6.0 1.525 0.903 0.027000000000000003 13.17 -0.0144 0.75% 0.5 0.329%
8.0 1.4509999999999998 0.856 0.043 11.15 -0.023 0.59% 20.0 0.316%
10.0 1.389 0.856 0.04 14.51 -0.0208 0.79% 1.0 0.395%
15.0 1.295 0.8340000000000001 0.047 14.05 -0.0265 1.25% 0.5 0.516%
