0.015 1.002 0.293 0.254 28.31 -0.3727 0.1 2.0 0.03
0.02 1.003 0.46799999999999997 0.13699999999999998 25.3 -0.082 0.1 3.0 0.03
0.03 1.0070000000000001 0.309 0.264 13.16 -0.1229 0.1 2.0 0.02
0.04 1.014 0.304 0.262 13.53 -0.097 0.1 35.0 0.03
0.05 1.024 0.294 0.267 14.35 -0.1097 0.1 0.5 0.03
0.06 1.036 0.3 0.272 13.88 -0.1245 0.1 2.0 0.06
0.08 1.0759999999999998 0.27699999999999997 0.297 13.69 -0.1425 0.3 2.0 0.14
0.1 1.9340000000000002 1.3359999999999999 0.096 12.88 -0.0695 9.4 3.0 4.89
0.15 1.7280000000000002 0.304 0.298 27.59 -0.0003 2.7 0.5 1.09
0.2 1.589 0.078 0.489 17.42 -0.1064 0.8 1.0 0.31
0.3 1.53 0.14400000000000002 0.47600000000000003 13.28 -0.2522 2.0 0.5 0.96
0.4 1.594 0.262 0.34700000000000003 13.6 -0.2151 2.9 0.5 1.23
0.5 1.6740000000000002 0.35200000000000004 0.276 13.67 -0.1762 3.1 0.5 1.34
0.6 1.555 0.496 0.18100000000000002 13.55 -0.1093 2.0 0.5 0.98
0.8 1.685 0.57 0.149 13.53 -0.093 2.2 0.5 1.13
1.0 1.7409999999999999 0.635 0.124 13.51 -0.0829 2.5 0.5 1.23
1.5 1.719 0.784 0.076 13.99 -0.0636 3.2 0.5 1.31
2.0 1.73 0.784 0.084 13.5 -0.0798 6.2 0.5 2.38
3.0 1.642 0.764 0.10400000000000001 13.62 -0.114 9.5 0.5 3.6
4.0 1.524 0.764 0.11199999999999999 13.91 -0.1241 10.3 0.5 3.79
5.0 1.521 0.7140000000000001 0.141 14.2 -0.1537 10.5 0.5 4.2
6.0 1.475 0.737 0.138 14.36 -0.1503 10.5 0.5 4.14
8.0 1.48 0.7909999999999999 0.132 14.35 -0.1495 9.7 0.5 4.15
10.0 1.4280000000000002 0.963 0.086 14.23 -0.1084 9.6 0.5 3.63
15.0 1.4369999999999998 1.1520000000000001 0.062 13.87 -0.0968 8.1 0.5 3.45
