0.015 1.002 0.293 0.254 28.31 -0.3727 0.1 2.0 0.03
0.02 1.003 0.46799999999999997 0.13699999999999998 25.3 -0.082 0.1 3.0 0.03
0.03 1.0090000000000001 0.35700000000000004 0.22 13.52 -0.0868 0.1 7.0 0.03
0.04 1.0190000000000001 0.32 0.251 13.89 -0.1026 0.1 0.5 0.03
0.05 1.034 0.29600000000000004 0.263 14.01 -0.0992 0.1 2.0 0.05
0.06 1.054 0.284 0.27699999999999997 13.97 -0.112 0.3 0.5 0.1
0.08 1.984 1.385 0.08900000000000001 12.82 -0.058 10.3 3.0 5.0
0.1 1.79 0.836 0.168 16.34 -0.1388 2.8 1.0 1.49
0.15 1.594 0.107 0.313 24.26 -0.0182 0.9 2.0 0.4
0.2 1.521 0.07400000000000001 0.631 13.95 -0.3015 1.2 2.0 0.62
0.3 1.5590000000000002 0.203 0.396 13.31 -0.2181 2.3 0.5 1.03
0.4 1.6780000000000002 0.326 0.294 13.71 -0.1849 2.9 0.5 1.29
0.5 1.7930000000000001 0.418 0.235 13.74 -0.1529 3.2 0.5 1.43
0.6 1.715 0.537 0.166 13.58 -0.1058 2.2 0.5 1.13
0.8 1.834 0.627 0.128 13.58 -0.0851 2.5 0.5 1.23
1.0 1.8719999999999999 0.6920000000000001 0.105 13.53 -0.0762 2.5 0.5 1.29
1.5 1.784 0.841 0.059000000000000004 13.85 -0.056 2.6 0.5 1.18
2.0 1.764 0.8420000000000001 0.065 13.44 -0.0686 5.4 0.5 2.17
3.0 1.659 0.813 0.087 13.54 -0.1032 8.8 0.5 3.42
4.0 1.5419999999999998 0.8 0.1 13.85 -0.1176 9.9 0.5 3.74
5.0 1.527 0.7559999999999999 0.125 14.14 -0.1422 10.2 0.5 4.13
6.0 1.485 0.758 0.131 14.29 -0.1478 9.7 0.5 4.06
8.0 1.482 0.8029999999999999 0.128 14.31 -0.1487 8.9 0.5 4.02
10.0 1.432 0.9570000000000001 0.08800000000000001 14.21 -0.1128 8.6 0.5 3.55
15.0 1.432 1.16 0.059000000000000004 13.89 -0.0949 7.1 0.5 3.22
