0.015 1.009 0.381 0.200 14.36 -0.0830 0.1 10 0.03 
0.019 1.017 0.371 0.206 13.93 -0.0734 0.1 20 0.03 
0.02 1.227 2.045 0.020 18.14 -0.0082 6.9 3 3.83 
0.021 1.288 1.841 0.045 11.92 -0.0339 10.8 3 4.54 
0.022 1.328 1.724 0.057 11.13 -0.0457 11.5 3 4.81 
0.024 1.331 1.717 0.039 29.26 -0.0626 12.9 40 6.28 
0.026 1.410 1.483 0.062 27.06 -0.0612 11.4 40 4.81 
0.028 1.483 1.259 0.090 40.17 -0.2892 6.4 3 3.67 
0.03 1.514 1.100 0.106 28.01 -0.1191 4.4 8 2.35 
0.035 1.532 0.524 0.263 16.92 -0.2180 1.6 20 0.69 
0.04 1.489 0.320 0.107 23.22 -0.0448 0.5 10 0.23 
0.05 1.383 0.052 -0.154 8.30 0.1218 0.4 40 0.26 
0.06 1.327 0.023 0.799 14.91 -0.1910 0.4 2 0.16 
0.08 1.300 0.081 0.573 14.04 -0.2282 1.6 0.5 0.56 
0.1 1.194 0.253 0.328 13.79 -0.1685 0.9 0.5 0.42 
0.15 1.447 0.321 0.287 14.10 -0.1596 1.6 0.5 0.75 
0.2 2.280 0.307 0.318 14.03 -0.1986 3.8 0.5 1.68 
0.3 2.386 0.559 0.159 14.06 -0.0975 2.3 0.5 1.16 
0.4 2.678 0.714 0.106 13.91 -0.0868 2.8 0.5 1.53 
0.5 2.696 0.830 0.067 13.90 -0.0645 2.7 0.5 1.32 
0.6 2.652 0.892 0.047 13.76 -0.0533 2.1 0.5 1.13 
0.8 2.504 0.966 0.025 13.66 -0.0397 1.5 5 0.82 
1.0 2.369 1.001 0.014 13.55 -0.0314 1.8 5 0.72 
1.5 1.941 1.093 -0.011 13.47 -0.0147 0.9 5 0.32 
2.0 1.850 1.048 0.002 13.07 -0.0244 1.4 5 0.73 
3.0 1.720 0.956 0.034 13.21 -0.0571 3.1 0.5 1.75 
4.0 1.600 0.906 0.054 13.52 -0.0749 4.5 0.5 2.24 
5.0 1.570 0.833 0.084 13.78 -0.1024 4.8 0.5 2.69 
6.0 1.514 0.811 0.096 14.00 -0.1130 4.9 1 2.77 
8.0 1.480 0.792 0.111 14.29 -0.1246 5.1 1 2.77 
10.0 1.413 0.878 0.087 14.35 -0.1013 5.0 1 2.49 
15.0 1.406 1.018 0.063 14.28 -0.0848 3.8 1 2.02 
