0.015 1.003 0.464 0.161 11.39 -0.0760 0.0 2 0.02 
0.02 1.007 0.390 0.194 13.63 -0.0649 0.1 0.5 0.03 
0.03 1.021 0.349 0.221 14.76 -0.0813 0.1 10 0.03 
0.039 1.904 1.836 0.046 11.29 -0.0355 11.9 3 5.14 
0.04 1.891 1.773 0.052 10.42 -0.0383 12.1 3 5.21
0.042 1.904 1.666 0.061 10.66 -0.0405 12.5 3 5.45 
0.044 1.794 1.681 0.047 36.73 -0.1520 17.0 40 6.46 
0.046 1.795 1.555 0.060 38.82 -0.1952 9.3 40 5.02 
0.048 1.736 1.485 0.063 29.86 -0.1106 16.0 40 5.98 
0.05 1.820 1.285 0.095 21.62 -0.1009 9.1 3 4.84 
0.055 1.718 1.080 0.115 21.46 -0.1000 3.8 8 2.18 
0.06 1.693 0.781 0.181 16.56 -0.1494 2.3 1 1.22 
0.07 1.688 0.290 0.358 26.28 -0.3190 3.2 0.5 1.64 
0.08 1.602 0.212 -0.056 14.11 0.0650 0.3 1 0.16 
0.09 1.506 0.068 0.371 24.07 -0.0119 1.2 1 0.47 
0.1 1.453 0.043 0.640 14.28 -0.1659 0.6 1 0.25 
0.15 1.429 0.109 0.549 13.75 -0.2886 1.8 0.5 0.80 
0.2 1.518 0.212 0.394 13.84 -0.2265 2.3 0.5 1.00 
0.3 1.809 0.349 0.271 13.54 -0.1550 2.5 0.5 1.15 
0.4 2.080 0.487 0.199 13.86 -0.1328 3.6 0.5 1.56 
0.5 2.102 0.617 0.139 13.88 -0.0990 3.0 0.5 1.41 
0.6 2.185 0.687 0.111 13.71 -0.0842 2.9 0.5 1.42 
0.8 2.211 0.786 0.076 13.61 -0.0650 2.7 0.5 1.28 
1.0 2.173 0.841 0.059 13.53 -0.0569 2.2 0.5 1.18 
1.5 2.007 0.923 0.038 13.54 -0.0498 2.8 0.5 1.22 
2.0 1.987 0.886 0.054 13.32 -0.0668 4.8 0.5 2.09 
3.0 1.910 0.803 0.092 13.49 -0.1107 7.6 0.5 3.35 
4.0 1.795 0.768 0.111 13.85 -0.1284 8.8 0.5 3.72 
5.0 1.855 0.700 0.145 14.11 -0.1596 8.4 0.5 3.92 
6.0 1.823 0.710 0.145 14.27 -0.1574 8.0 0.5 3.77 
8.0 1.906 0.777 0.129 14.28 -0.1449 7.2 0.5 3.57 
10.0 1.887 0.930 0.087 14.06 -0.1104 6.9 0.5 3.24 
15.0 1.987 1.151 0.050 13.77 -0.0849 4.9 0.5 
