0.015 1.016 0.294 0.302 11.36 -0.1627 0.51% 8.0 0.286%
0.02 1.04 0.303 0.264 28.62 -0.5075 0.43% 2.0 0.214%
0.03 1.115 0.387 0.215 13.89 -0.1155 0.73% 3.0 0.396%
0.04 1.2670000000000001 0.405 0.213 14.75 -0.1239 1.86% 0.5 0.734%
0.05 1.476 0.48 0.17800000000000002 14.71 -0.0989 1.66% 0.5 0.731%
0.06 1.733 0.578 0.136 15.24 -0.0744 5.01% 0.5 1.779%
0.08 2.529 0.648 0.126 13.15 -0.0819 2.43% 0.5 1.373%
0.1 3.177 0.841 0.06 13.6 -0.0536 1.97% 0.5 1.137%
0.15 3.835 1.165 -0.023 12.88 -0.0107 0.90% 2.0 0.425%
0.2 3.68 1.339 -0.055999999999999994 19.72 0.0054 1.34% 0.5 0.539%
0.3 3.1510000000000002 1.473 -0.081 16.17 0.0191 1.91% 0.5 0.735%
0.4 2.84 1.475 -0.08199999999999999 16.92 0.0191 1.00% 0.5 0.325%
0.5 2.5989999999999998 1.4769999999999999 -0.085 15.49 0.0223 1.79% 0.5 0.589%
0.6 2.444 1.455 -0.083 15.62 0.0234 1.50% 0.5 0.531%
0.8 2.252 1.395 -0.075 15.38 0.0225 1.68% 0.5 0.512%
1.0 2.13 1.3359999999999999 -0.066 15.62 0.0209 1.18% 0.5 0.394%
1.5 1.9380000000000002 1.234 -0.049 14.81 0.0167 0.73% 0.5 0.325%
2.0 1.84 1.146 -0.03 15.78 0.007 0.97% 0.5 0.304%
3.0 1.6909999999999998 1.0590000000000002 -0.01 11.88 -0.0022 0.53% 1.0 0.253%
4.0 1.591 0.998 0.006999999999999999 13.09 -0.013 1.18% 1.0 0.447%
5.0 1.5130000000000001 0.9620000000000001 0.018000000000000002 14.66 -0.0251 1.75% 1.0 0.774%
6.0 1.444 0.953 0.021 15.16 -0.0294 1.17% 0.5 0.599%
8.0 1.351 0.9309999999999999 0.028999999999999998 13.09 -0.0258 1.71% 0.5 0.777%
10.0 1.291 0.9079999999999999 0.039 13.43 -0.0369 1.71% 0.5 0.851%
15.0 1.19 0.922 0.038 14.24 -0.0391 2.00% 0.5 0.902%
