0.015 1.022 0.415 0.190 11.16 -0.0775 0.62% 0.5 0.288% 
0.020 1.051 0.426 0.179 17.64 -0.1078 0.81% 0.5 0.298% 
0.030 1.180 0.395 0.215 14.40 -0.1170 1.44% 0.5 0.588% 
0.040 1.401 0.455 0.189 14.61 -0.1049 1.91% 0.5 0.760% 
0.050 1.677 0.604 0.119 16.85 -0.0604 1.81% 2.0 0.694% 
0.060 2.178 0.604 0.139 13.56 -0.0780 3.08% 0.5 1.521% 
0.080 3.059 0.820 0.064 13.99 -0.0488 1.41% 10.0 0.887% 
0.100 3.712 1.027 0.009 13.77 -0.0262 0.87% 4.0 0.514% 
0.150 4.043 1.348 -0.060 13.94 0.0100 2.24% 0.5 0.798% 
0.200 3.678 1.506 -0.087 14.36 0.0243 2.46% 0.5 1.120% 
0.300 3.110 1.582 -0.100 14.45 0.0290 2.49% 0.5 1.051% 
0.400 2.781 1.571 -0.100 14.57 0.0299 2.02% 0.5 0.870% 
0.500 2.570 1.541 -0.097 14.87 0.0301 1.65% 0.5 0.785% 
0.600 2.433 1.497 -0.091 15.01 0.0283 1.45% 0.5 0.706% 
0.800 2.242 1.424 -0.081 15.08 0.0267 1.81% 0.5 0.622% 
1.000 2.124 1.358 -0.071 14.98 0.0243 1.49% 0.5 0.521% 
1.500 1.941 1.241 -0.051 14.38 0.0185 1.48% 0.5 0.479% 
2.000 1.838 1.155 -0.033 14.32 0.0100 0.83% 0.5 0.305% 
3.000 1.699 1.051 -0.008 11.58 -0.0039 0.43% 2.0 0.221% 
4.000 1.596 0.998 0.006 12.80 -0.0112 0.87% 1.0 0.375% 
5.000 1.528 0.948 0.021 14.62 -0.0256 1.67% 0.5 0.794% 
6.000 1.456 0.944 0.022 15.19 -0.0273 0.95% 1.0 0.553% 
8.000 1.367 0.907 0.036 11.95 -0.0307 0.94% 1.0 0.533% 
10.000 1.298 0.916 0.033 13.35 -0.0293 1.67% 1.0 0.751% 
15.000 1.202 0.913 0.037 14.31 -0.0360 1.48% 1.0 0.713% 
