0.015 2.597 0.964 0.020 12.81 -0.0195 2.76% 0.5 1.234% 
0.020 3.819 1.501 -0.086 16.20 0.0274 2.77% 0.5 0.869% 
0.030 5.682 2.348 -0.190 14.96 0.0674 1.84% 15.0 1.153% 
0.040 5.706 2.771 -0.222 14.91 0.0771 2.04% 15.0 1.289% 
0.050 5.186 2.923 -0.229 15.43 0.0747 2.00% 15.0 1.126% 
0.060 4.750 2.950 -0.227 16.03 0.0689 2.03% 0.5 0.971% 
0.080 4.196 2.877 -0.217 17.74 0.0596 2.75% 0.5 1.034% 
0.100 3.842 2.783 -0.210 19.63 0.0630 2.56% 0.5 1.019% 
0.150 3.212 2.600 -0.199 19.35 0.0582 1.58% 0.5 0.660% 
0.200 3.098 2.416 -0.189 17.56 0.0573 1.71% 0.5 0.625% 
0.300 2.722 2.183 -0.175 15.88 0.0592 1.47% 15.0 0.807% 
0.400 2.519 2.060 -0.168 15.38 0.0640 2.88% 0.5 1.251% 
0.500 2.395 1.912 -0.154 14.75 0.0605 2.20% 15.0 1.160% 
0.600 2.287 1.810 -0.144 14.46 0.0619 2.26% 15.0 1.300% 
0.800 2.159 1.632 -0.121 13.99 0.0528 1.74% 25.0 1.176% 
1.000 2.081 1.491 -0.099 14.06 0.0439 1.51% 1.0 1.016% 
1.500 1.933 1.296 -0.065 13.59 0.0291 1.49% 0.5 0.758% 
2.000 1.837 1.182 -0.042 13.81 0.0193 1.30% 0.5 0.622% 
3.000 1.712 1.060 -0.015 13.20 0.0073 0.74% 0.5 0.298% 
4.000 1.639 0.978 0.006 13.80 -0.0039 0.89% 0.5 0.316% 
5.000 1.575 0.941 0.015 13.97 -0.0071 0.39% 2.0 0.196% 
6.000 1.535 0.897 0.028 13.94 -0.0143 0.49% 25.0 0.304% 
8.000 1.455 0.869 0.036 10.77 -0.0140 0.58% 30.0 0.287% 
10.000 1.405 0.842 0.044 13.44 -0.0218 0.64% 35.0 0.371% 
15.000 1.313 0.818 0.051 13.60 -0.0256 1.21% 0.5 0.474% 
