0.015 1.007 0.585 0.034 9.72 0.1113 0.60% 0.5 0.296% 
0.020 1.017 0.370 0.247 11.26 -0.1771 0.44% 2.0 0.257% 
0.030 1.056 0.363 0.237 12.80 -0.1459 0.53% 35.0 0.356% 
0.040 1.127 0.380 0.222 13.84 -0.1211 0.84% 0.5 0.458% 
0.050 1.240 0.389 0.225 14.22 -0.1325 1.52% 0.5 0.601% 
0.060 1.382 0.450 0.190 14.77 -0.1058 2.01% 0.5 0.802% 
0.080 1.741 0.573 0.136 15.85 -0.0738 1.90% 2.0 0.750% 
0.100 2.203 0.685 0.099 15.97 -0.0680 1.43% 2.0 0.670% 
0.150 3.245 0.871 0.051 13.42 -0.0502 2.20% 0.5 1.297% 
0.200 3.471 1.072 0.002 12.89 -0.0317 1.53% 3.0 0.998% 
0.300 3.172 1.273 -0.042 10.25 -0.0103 0.79% 5.0 0.415% 
0.400 2.848 1.356 -0.061 27.24 0.0185 0.84% 4.0 0.469% 
0.500 2.615 1.380 -0.067 17.03 0.0123 0.78% 2.0 0.381% 
0.600 2.477 1.364 -0.065 21.16 0.0171 0.79% 0.5 0.282% 
0.800 2.258 1.346 -0.065 16.21 0.0164 0.34% 2.0 0.207% 
1.000 2.129 1.304 -0.059 16.33 0.0164 0.75% 0.5 0.251% 
1.500 1.936 1.222 -0.046 15.60 0.0151 0.76% 0.5 0.289%
2.000 1.834 1.144 -0.029 17.20 0.0068 0.78% 0.5 0.279% 
3.000 1.687 1.050 -0.005 11.95 -0.0099 0.76% 1.0 0.346% 
4.000 1.589 0.978 0.017 12.17 -0.0250 1.30% 1.0 0.683% 
5.000 1.498 0.963 0.021 14.58 -0.0317 1.45% 1.0 0.830% 
6.000 1.429 0.944 0.029 12.99 -0.0361 0.97% 20.0 0.615% 
8.000 1.330 0.932 0.035 12.38 -0.0364 1.77% 0.5 0.854% 
10.000 1.274 0.903 0.047 13.91 -0.0513 1.84% 4.0 1.136% 
15.000 1.167 0.957 0.034 14.47 -0.0375 2.26% 0.5 0.966% 
