0.015 1.0090000000000001 0.381 0.2 14.36 -0.083 0.1 10.0 0.03
0.02 1.227 2.045 0.02 18.14 -0.0082 6.9 3.0 3.83
0.03 1.514 1.1 0.106 28.01 -0.1191 4.4 8.0 2.35
0.04 1.489 0.32 0.107 23.22 -0.0448 0.5 10.0 0.23
0.05 1.383 0.052000000000000005 -0.154 8.3 0.1218 0.4 40.0 0.26
0.06 1.327 0.023 0.799 14.91 -0.191 0.4 2.0 0.16
0.08 1.3 0.081 0.573 14.04 -0.2282 1.6 0.5 0.56
0.1 1.194 0.253 0.32799999999999996 13.79 -0.1685 0.9 0.5 0.42
0.15 1.4469999999999998 0.321 0.287 14.1 -0.1596 1.6 0.5 0.75
0.2 2.28 0.307 0.318 14.03 -0.1986 3.8 0.5 1.68
0.3 2.386 0.5589999999999999 0.159 14.06 -0.0975 2.3 0.5 1.16
0.4 2.678 0.7140000000000001 0.106 13.91 -0.0868 2.8 0.5 1.53
0.5 2.696 0.83 0.067 13.9 -0.0645 2.7 0.5 1.32
0.6 2.6519999999999997 0.892 0.047 13.76 -0.0533 2.1 0.5 1.13
0.8 2.504 0.966 0.025 13.66 -0.0397 1.5 5.0 0.82
1.0 2.369 1.001 0.013999999999999999 13.55 -0.0314 1.8 5.0 0.72
1.5 1.9409999999999998 1.093 -0.011000000000000001 13.47 -0.0147 0.9 5.0 0.32
2.0 1.85 1.048 0.002 13.07 -0.0244 1.4 5.0 0.73
3.0 1.72 0.956 0.034 13.21 -0.0571 3.1 0.5 1.75
4.0 1.6 0.9059999999999999 0.054000000000000006 13.52 -0.0749 4.5 0.5 2.24
5.0 1.57 0.833 0.084 13.78 -0.1024 4.8 0.5 2.69
6.0 1.514 0.8109999999999999 0.096 14.0 -0.113 4.9 1.0 2.77
8.0 1.48 0.792 0.111 14.29 -0.1246 5.1 1.0 2.77
10.0 1.413 0.878 0.087 14.35 -0.1013 5.0 1.0 2.49
15.0 1.406 1.018 0.063 14.28 -0.0848 3.8 1.0 2.02
