0.015 1.752 0.678 0.097 15.02 -0.0473 2.16% 0.5 0.813% 
0.020 2.694 0.953 0.023 15.10 -0.0242 2.59% 0.5 1.018% 
0.030 4.721 1.627 -0.110 14.85 0.0449 1.31% 15.0 0.705% 
0.040 5.549 2.219 -0.182 14.33 0.0778 2.46% 35.0 1.455% 
0.050 5.727 2.489 -0.204 14.75 0.0837 2.43% 15.0 1.228% 
0.060 5.340 2.667 -0.218 14.84 0.0878 2.40% 15.0 1.140% 
0.080 4.566 2.791 -0.226 14.99 0.0860 2.05% 15.0 1.065% 
0.100 4.037 2.781 -0.224 15.38 0.0818 1.92% 15.0 0.989% 
0.150 3.648 2.431 -0.189 17.16 0.0543 7.34% 3.0 3.542% 
0.200 3.253 2.328 -0.183 17.94 0.0629 6.91% 3.0 3.361% 
0.300 2.723 2.212 -0.183 15.15 0.0714 2.54% 3.0 1.109% 
0.400 2.533 2.027 -0.167 14.34 0.0653 2.02% 15.0 1.129% 
0.500 2.430 1.860 -0.148 14.53 0.0607 2.02% 15.0 1.062% 
0.600 2.358 1.720 -0.129 14.73 0.0510 2.14% 2.0 1.067% 
0.800 2.186 1.588 -0.113 14.15 0.0485 1.86% 25.0 1.030% 
1.000 2.086 1.475 -0.096 13.96 0.0419 1.76% 1.0 1.118% 
1.500 1.935 1.285 -0.062 14.35 0.0279 1.65% 0.5 0.798% 
2.000 1.833 1.183 -0.042 14.13 0.0192 1.16% 0.5 0.572% 
3.000 1.715 1.054 -0.013 12.91 0.0054 0.90% 0.5 0.292% 
4.000 1.630 0.986 0.004 14.96 -0.0035 0.48% 0.5 0.186% 
5.000 1.571 0.938 0.017 13.83 -0.0100 0.57% 1.0 0.233% 
6.000 1.525 0.903 0.027 13.17 -0.0144 0.75% 0.5 0.329% 
8.000 1.451 0.856 0.043 11.15 -0.0230 0.59% 20.0 0.316% 
10.000 1.389 0.856 0.040 14.51 -0.0208 0.79% 1.0 0.395% 
15.000 1.295 0.834 0.047 14.05 -0.0265 1.25% 0.5 0.516% 
