0.015 1.037 0.401 0.21100000000000002 13.33 -0.1332 0.65% 0.5 0.330%
0.02 1.087 0.426 0.185 14.5 -0.0945 0.57% 0.5 0.331%
0.03 1.294 0.445 0.191 14.26 -0.1008 1.58% 0.5 0.655%
0.04 1.6440000000000001 0.557 0.142 15.31 -0.0745 0.97% 0.5 0.517%
0.05 2.2159999999999997 0.623 0.13 13.6 -0.0692 2.70% 0.5 1.395%
0.06 2.778 0.78 0.077 13.14 -0.0522 1.71% 0.5 0.904%
0.08 3.778 1.058 -0.001 14.35 -0.015 0.44% 15.0 0.239%
0.1 4.26 1.285 -0.049 12.62 0.0081 1.79% 0.5 0.731%
0.15 4.099 1.591 -0.10300000000000001 13.28 0.0364 3.22% 0.5 1.461%
0.2 3.6489999999999996 1.6840000000000002 -0.11599999999999999 13.69 0.0411 3.24% 0.5 1.540%
0.3 3.056 1.704 -0.12 14.17 0.0423 2.23% 0.5 1.327%
0.4 2.7510000000000003 1.649 -0.113 14.51 0.0377 2.32% 0.5 1.119%
0.5 2.552 1.597 -0.107 14.44 0.0365 1.92% 0.5 0.976%
0.6 2.416 1.544 -0.1 14.58 0.0343 1.84% 0.5 0.876%
0.8 2.238 1.449 -0.086 14.82 0.0299 1.48% 0.5 0.749%
1.0 2.115 1.3780000000000001 -0.075 15.12 0.0268 1.74% 0.5 0.705%
1.5 1.94 1.249 -0.053 14.51 0.0202 1.38% 0.5 0.497%
2.0 1.834 1.165 -0.036000000000000004 14.42 0.013 0.65% 2.0 0.304%
3.0 1.696 1.061 -0.012 14.79 0.0004 0.48% 2.0 0.180%
4.0 1.607 0.992 0.006 14.46 -0.0093 0.80% 1.0 0.345%
5.0 1.5490000000000002 0.922 0.028999999999999998 13.02 -0.0274 2.18% 0.5 0.917%
6.0 1.474 0.929 0.025 15.42 -0.0285 0.79% 3.0 0.519%
8.0 1.38 0.909 0.032 11.96 -0.0231 1.19% 0.5 0.522%
10.0 1.3090000000000002 0.9179999999999999 0.028999999999999998 14.57 -0.0249 1.82% 0.5 0.754%
15.0 1.2309999999999999 0.8440000000000001 0.057999999999999996 14.16 -0.0516 1.77% 4.0 0.970%
