0.015 1.154 0.425 0.198 13.15 -0.1036 1.28% 0.5 0.538% 
0.020 1.361 0.502 0.164 14.47 -0.0845 1.91% 0.5 0.784% 
0.030 2.173 0.657 0.116 11.54 -0.0467 2.95% 0.5 1.256% 
0.040 3.219 0.990 0.012 13.23 -0.0133 1.19% 0.5 0.385% 
0.050 4.168 1.313 -0.058 13.41 0.0204 1.01% 35.0 0.610% 
0.060 4.739 1.577 -0.103 13.67 0.0436 1.93% 35.0 1.215% 
0.080 4.943 1.912 -0.150 13.71 0.0674 2.85% 10.0 1.865% 
0.100 4.628 2.082 -0.170 13.71 0.0770 2.93% 35.0 1.926% 
0.150 3.921 2.118 -0.170 14.40 0.0691 2.53% 15.0 1.465% 
0.200 3.365 2.126 -0.174 13.98 0.0714 2.58% 35.0 1.568% 
0.300 2.901 1.974 -0.158 14.10 0.0623 2.37% 25.0 1.462% 
0.400 2.650 1.846 -0.144 14.09 0.0569 1.92% 1.0 1.303% 
0.500 2.479 1.746 -0.132 14.28 0.0526 1.86% 10.0 1.206% 
0.600 2.367 1.656 -0.120 14.31 0.0476 1.59% 35.0 1.135% 
0.800 2.214 1.519 -0.100 14.38 0.0396 2.23% 0.5 1.137% 
1.000 2.104 1.427 -0.086 14.20 0.0347 1.69% 0.5 0.882% 
1.500 1.943 1.261 -0.056 14.31 0.0223 1.38% 0.5 0.614% 
2.000 1.839 1.167 -0.037 14.62 0.0144 1.49% 0.5 0.468% 
3.000 1.710 1.052 -0.011 14.36 0.0018 0.73% 0.5 0.241% 
4.000 1.621 0.986 0.006 12.97 -0.0070 0.55% 1.0 0.251% 
5.000 1.556 0.942 0.018 13.28 -0.0128 0.58% 35.0 0.345% 
6.000 1.506 0.906 0.029 15.08 -0.0259 0.90% 3.0 0.509% 
8.000 1.411 0.896 0.031 12.33 -0.0166 0.64% 0.5 0.329% 
10.000 1.356 0.867 0.041 13.90 -0.0273 1.20% 0.5 0.588% 
15.000 1.259 0.848 0.048 14.75 -0.0365 1.23% 0.5 0.696% 
