0.015 1.001 2.044 -0.310 11.15 0.2519 0.46% 3.0 0.175% 
0.020 1.006 0.230 0.442 12.61 -0.5099 0.49% 10.0 0.234% 
0.030 1.017 0.370 0.247 11.26 -0.1771 0.44% 2.0 0.257% 
0.040 1.038 0.392 0.197 25.45 -0.2886 0.58% 0.5 0.283% 
0.050 1.071 0.353 0.243 12.89 -0.1407 0.39% 0.5 0.163% 
0.060 1.121 0.340 0.250 14.53 -0.1501 1.02% 0.5 0.446% 
0.080 1.246 0.395 0.217 14.39 -0.1226 2.08% 0.5 0.792% 
0.100 1.381 0.539 0.133 19.42 -0.0874 2.07% 2.0 0.680% 
0.150 2.120 0.472 0.208 13.51 -0.1372 5.43% 0.5 2.600% 
0.200 2.603 0.671 0.120 13.45 -0.0928 6.52% 0.5 2.781% 
0.300 2.926 0.921 0.039 12.80 -0.0495 4.82% 0.5 2.001% 
0.400 2.795 1.070 0.002 12.19 -0.0331 3.45% 0.5 1.529% 
0.500 2.612 1.158 -0.020 11.56 -0.0190 2.55% 0.5 1.093% 
0.600 2.479 1.191 -0.028 10.74 -0.0147 2.09% 0.5 0.878% 
0.800 2.270 1.210 -0.033 8.79 -0.0131 1.16% 0.5 0.587% 
1.000 2.129 1.211 -0.036 7.13 -0.0090 1.03% 0.5 0.444% 
1.500 1.952 1.149 -0.025 8.18 -0.0085 0.56% 2.0 0.300% 
2.000 1.835 1.113 -0.019 9.49 -0.0052 0.81% 1.0 0.328% 
3.000 1.673 1.041 0.001 12.27 -0.0174 1.97% 0.5 0.834% 
4.000 1.542 1.016 0.010 14.08 -0.0286 2.41% 1.0 1.046% 
5.000 1.451 0.993 0.019 14.15 -0.0372 1.96% 1.0 1.015% 
6.000 1.381 0.984 0.023 14.30 -0.0395 2.29% 0.5 1.076% 
8.000 1.289 0.959 0.036 14.05 -0.0494 2.35% 1.0 1.217% 
10.000 1.226 0.958 0.041 14.33 -0.0536 2.70% 1.0 1.25870 
15.000 1.142 0.944 0.057 14.81 -0.0634 2.39% 1.0 1.209% 
