0.015 1.236 0.485 0.163 14.57 -0.0784 1.52% 0.5 0.646% 
0.020 1.559 0.578 0.134 14.90 -0.0661 1.93% 0.5 0.753% 
0.030 2.712 0.843 0.052 16.05 -0.0373 2.05% 0.5 0.809% 
0.040 3.984 1.272 -0.051 13.80 0.0170 0.82% 5.0 0.457% 
0.050 4.894 1.630 -0.111 13.96 0.0473 1.78% 10.0 1.095% 
0.060 5.144 1.919 -0.151 13.77 0.0689 2.96% 35.0 1.732% 
0.080 4.913 2.225 -0.186 13.43 0.0824 2.80% 25.0 1.867% 
0.100 4.661 2.248 -0.183 14.48 0.0770 2.62% 15.0 1.454% 
0.150 3.749 2.299 -0.189 14.41 0.0764 2.64% 35.0 1.472% 
0.200 3.365 2.195 -0.179 14.80 0.0761 2.28% 1.0 1.188% 
0.300 2.841 2.056 -0.168 14.21 0.0668 2.53% 25.0 1.404% 
0.400 2.620 1.898 -0.151 14.21 0.0602 2.10% 35.0 1.282% 
0.500 2.462 1.785 -0.138 14.12 0.0555 1.96% 35.0 1.206% 
0.600 2.363 1.680 -0.124 14.24 0.0499 1.85% 1.0 1.167% 
0.800 2.202 1.544 -0.105 14.20 0.0434 1.94% 1.0 1.138% 
1.000 2.108 1.429 -0.086 14.72 0.0355 1.84% 1.0 0.949% 
1.500 1.931 1.277 -0.060 14.38 0.0261 1.58% 0.5 0.725% 
2.000 1.835 1.176 -0.040 13.95 0.0172 1.28% 0.5 0.490% 
3.000 1.708 1.057 -0.013 12.50 0.0042 0.62% 0.5 0.262% 
4.000 1.629 0.980 0.007 14.32 -0.0070 0.49% 0.5 0.227% 
5.000 1.567 0.931 0.021 13.51 -0.0148 0.68% 25.0 0.353% 
6.000 1.495 0.935 0.018 17.14 -0.0156 0.65% 30.0 0.274% 
8.000 1.430 0.869 0.040 12.04 -0.0237 0.68% 3.0 0.329% 
10.000 1.364 0.870 0.038 14.33 -0.0223 1.16% 1.0 0.507% 
15.000 1.272 0.839 0.049 15.00 -0.0355 1.46% 0.5 0.645% 
