0.015 1.398 0.526 0.153 14.42 -0.0777 1.92% 0.5 0.819%
0.020 1.900 0.739 0.076 16.46 -0.0363 0.74% 25.0 0.327% 
0.030 3.725 1.153 -0.027 12.57 0.0085 0.96% 0.5 0.373% 
0.040 5.068 1.735 -0.127 14.10 0.0554 1.91% 15.0 1.207% 
0.050 5.594 2.066 -0.164 14.48 0.0692 2.68% 2.0 1.395% 
0.060 5.424 2.287 -0.186 14.66 0.0790 2.17% 25.0 1.300% 
0.080 4.862 2.488 -0.204 14.81 0.0832 2.38% 15.0 1.307% 
0.100 4.305 2.548 -0.209 14.88 0.0834 2.34% 15.0 1.197% 
0.150 3.523 2.491 -0.205 14.96 0.0796 1.90% 15.0 1.028% 
0.200 3.173 2.365 -0.196 14.77 0.0757 1.95% 15.0 0.989% 
0.300 2.797 2.129 -0.175 14.96 0.0694 2.62% 35.0 1.397% 
0.400 2.629 1.925 -0.153 14.84 0.0631 1.64% 35.0 0.904% 
0.500 2.456 1.801 -0.138 16.05 0.0618 2.75% 2.0 1.200% 
0.600 2.399 1.663 -0.119 14.98 0.0457 1.15% 2.0 0.650% 
0.800 2.198 1.563 -0.109 14.09 0.0461 1.76% 1.0 1.105% 
1.000 2.087 1.461 -0.093 14.20 0.0406 2.31% 0.5 1.149%
1.500 1.941 1.275 -0.060 14.29 0.0266 1.92% 0.5 0.809% 
2.000 1.843 1.167 -0.037 14.53 0.0143 1.63% 0.5 0.596% 
3.000 1.715 1.050 -0.011 14.52 0.0027 0.93% 0.5 0.285% 
4.000 1.626 0.990 0.003 12.82 -0.0020 0.57% 2.0 0.262% 
5.000 1.564 0.947 0.014 15.05 -0.0068 0.49% 5.0 0.271% 
6.000 1.519 0.900 0.030 12.35 -0.0186 1.73% 0.5 0.607% 
8.000 1.430 0.884 0.033 12.11 -0.0158 0.69% 1.0 0.359% 
10.000 1.378 0.859 0.040 14.32 -0.0221 1.03% 0.5 0.500% 
15.000 1.283 0.838 0.047 15.91 -0.0324 0.96% 0.5 0.512% 
