0.015 1.236 0.485 0.163 14.57 -0.0784 1.52% 0.5 0.646%
0.02 1.5590000000000002 0.578 0.134 14.9 -0.0661 1.93% 0.5 0.753%
0.03 2.7119999999999997 0.843 0.052000000000000005 16.05 -0.0373 2.05% 0.5 0.809%
0.04 3.984 1.272 -0.051 13.8 0.017 0.82% 5.0 0.457%
0.05 4.894 1.63 -0.111 13.96 0.0473 1.78% 10.0 1.095%
0.06 5.144 1.919 -0.151 13.77 0.0689 2.96% 35.0 1.732%
0.08 4.913 2.225 -0.18600000000000003 13.43 0.0824 2.80% 25.0 1.867%
0.1 4.6610000000000005 2.248 -0.183 14.48 0.077 2.62% 15.0 1.454%
0.15 3.7489999999999997 2.299 -0.18899999999999997 14.41 0.0764 2.64% 35.0 1.472%
0.2 3.365 2.195 -0.179 14.8 0.0761 2.28% 1.0 1.188%
0.3 2.841 2.056 -0.168 14.21 0.0668 2.53% 25.0 1.404%
0.4 2.62 1.8980000000000001 -0.151 14.21 0.0602 2.10% 35.0 1.282%
0.5 2.4619999999999997 1.785 -0.138 14.12 0.0555 1.96% 35.0 1.206%
0.6 2.363 1.68 -0.124 14.24 0.0499 1.85% 1.0 1.167%
0.8 2.202 1.544 -0.105 14.2 0.0434 1.94% 1.0 1.138%
1.0 2.108 1.429 -0.086 14.72 0.0355 1.84% 1.0 0.949%
1.5 1.931 1.2770000000000001 -0.06 14.38 0.0261 1.58% 0.5 0.725%
2.0 1.835 1.176 -0.04 13.95 0.0172 1.28% 0.5 0.490%
3.0 1.7080000000000002 1.057 -0.013000000000000001 12.5 0.0042 0.62% 0.5 0.262%
4.0 1.629 0.98 0.006999999999999999 14.32 -0.007 0.49% 0.5 0.227%
5.0 1.567 0.9309999999999999 0.021 13.51 -0.0148 0.68% 25.0 0.353%
6.0 1.495 0.935 0.018000000000000002 17.14 -0.0156 0.65% 30.0 0.274%
8.0 1.43 0.8690000000000001 0.04 12.04 -0.0237 0.68% 3.0 0.329%
10.0 1.364 0.87 0.038 14.33 -0.0223 1.16% 1.0 0.507%
15.0 1.272 0.8390000000000001 0.049 15.0 -0.0355 1.46% 0.5 0.645%
