0.015 1.1540000000000001 0.425 0.198 13.15 -0.1036 1.28% 0.5 0.538%
0.02 1.361 0.502 0.16399999999999998 14.47 -0.0845 1.91% 0.5 0.784%
0.03 2.173 0.657 0.11599999999999999 11.54 -0.0467 2.95% 0.5 1.256%
0.04 3.219 0.99 0.012 13.23 -0.0133 1.19% 0.5 0.385%
0.05 4.168 1.3130000000000002 -0.057999999999999996 13.41 0.0204 1.01% 35.0 0.610%
0.06 4.739 1.577 -0.10300000000000001 13.67 0.0436 1.93% 35.0 1.215%
0.08 4.9430000000000005 1.912 -0.15 13.71 0.0674 2.85% 10.0 1.865%
0.1 4.628 2.082 -0.17 13.71 0.077 2.93% 35.0 1.926%
0.15 3.9210000000000003 2.1180000000000003 -0.17 14.4 0.0691 2.53% 15.0 1.465%
0.2 3.365 2.126 -0.174 13.98 0.0714 2.58% 35.0 1.568%
0.3 2.9010000000000002 1.974 -0.158 14.1 0.0623 2.37% 25.0 1.462%
0.4 2.65 1.8459999999999999 -0.14400000000000002 14.09 0.0569 1.92% 1.0 1.303%
0.5 2.479 1.746 -0.132 14.28 0.0526 1.86% 10.0 1.206%
0.6 2.367 1.656 -0.12 14.31 0.0476 1.59% 35.0 1.135%
0.8 2.214 1.5190000000000001 -0.1 14.38 0.0396 2.23% 0.5 1.137%
1.0 2.104 1.4269999999999998 -0.086 14.2 0.0347 1.69% 0.5 0.882%
1.5 1.943 1.261 -0.055999999999999994 14.31 0.0223 1.38% 0.5 0.614%
2.0 1.839 1.167 -0.037000000000000005 14.62 0.0144 1.49% 0.5 0.468%
3.0 1.71 1.052 -0.011000000000000001 14.36 0.0018 0.73% 0.5 0.241%
4.0 1.621 0.986 0.006 12.97 -0.007 0.55% 1.0 0.251%
5.0 1.556 0.9420000000000001 0.018000000000000002 13.28 -0.0128 0.58% 35.0 0.345%
6.0 1.506 0.9059999999999999 0.028999999999999998 15.08 -0.0259 0.90% 3.0 0.509%
8.0 1.411 0.8959999999999999 0.031 12.33 -0.0166 0.64% 0.5 0.329%
10.0 1.3559999999999999 0.867 0.040999999999999995 13.9 -0.0273 1.20% 0.5 0.588%
15.0 1.2590000000000001 0.848 0.048 14.75 -0.0365 1.23% 0.5 0.696%
