0.015 1.004 1.561 -0.554 5.60 0.3524 0.40% 1.0 0.129% 
0.020 1.010 0.258 0.319 18.22 -0.2950 0.49% 3.0 0.247% 
0.030 1.027 0.318 0.252 18.88 -0.1913 0.70% 2.0 0.291% 
0.040 1.058 0.331 0.248 13.93 -0.1315 0.38% 35.0 0.249% 
0.050 1.105 0.344 0.243 14.40 -0.1356 1.09% 0.5 0.383% 
0.060 1.167 0.372 0.229 14.70 -0.1365 1.18% 0.5 0.530% 
0.080 1.340 0.442 0.191 15.11 -0.1085 1.66% 0.5 0.685% 
0.100 1.600 0.484 0.178 15.00 -0.1050 1.40% 3.0 0.880% 
0.150 2.422 0.584 0.151 14.99 -0.1187 5.48% 0.5 2.542% 
0.200 2.887 0.788 0.080 13.12 -0.0720 5.51% 0.5 2.306% 
0.300 3.035 1.034 0.010 12.47 -0.0359 2.86% 0.5 1.456% 
0.400 2.823 1.164 -0.020 11.68 -0.0210 1.90% 0.5 0.962% 
0.500 2.626 1.225 -0.034 10.32 -0.0132 1.28% 0.5 0.685% 
0.600 2.486 1.241 -0.038 10.26 -0.0113 1.01% 20.0 0.612% 
0.800 2.277 1.241 -0.039 8.31 -0.0126 0.63% 40.0 0.404% 
1.000 2.130 1.256 -0.049 18.40 0.0121 0.73% 4.0 0.343% 
1.500 1.938 1.193 -0.039 15.35 0.0096 0.62% 1.0 0.280% 
2.000 1.827 1.135 -0.026 25.39 0.0074 0.71% 1.0 0.238% 
3.000 1.684 1.035 0.002 12.45 -0.0184 0.94% 1.0 0.587% 
4.000 1.565 0.996 0.014 13.95 -0.0296 2.03% 0.5 0.976% 
5.000 1.476 0.969 0.024 14.14 -0.0384 1.66% 4.0 0.981% 
6.000 1.394 0.977 0.023 14.33 -0.0380 1.83% 1.0 0.919% 
8.000 1.299 0.958 0.033 14.00 -0.0446 2.38% 0.5 1.123% 
10.000 1.235 0.958 0.037 14.27 -0.0483 2.76% 1.0 1.262% 
15.000 1.148 0.955 0.047 14.63 -0.0535 2.71% 1.0 1.268% 
