0.015 1.029 0.364 0.240 14.12 -0.1704 0.46% 25.0 0.236%
0.020 1.072 0.349 0.241 14.25 -0.1280 0.33% 8.0 0.168% 
0.030 1.226 0.415 0.206 14.06 -0.1131 1.61% 0.5 0.690% 
0.040 1.504 0.492 0.172 14.83 -0.0948 1.99% 0.5 0.750% 
0.050 1.935 0.570 0.148 14.64 -0.0888 4.07% 0.5 1.411% 
0.060 2.436 0.683 0.109 14.74 -0.0784 2.72% 0.5 1.314% 
0.080 3.399 0.926 0.033 14.11 -0.0328 0.89% 35.0 0.541% 
0.100 3.991 1.148 -0.020 13.53 -0.0085 0.84% 2.0 0.401% 
0.150 4.141 1.441 -0.076 14.24 0.0185 1.99% 0.5 0.779% 
0.200 3.690 1.585 -0.100 14.16 0.0316 3.23% 0.5 1.309% 
0.300 3.101 1.636 -0.109 14.26 0.0349 2.83% 0.5 1.263% 
0.400 2.791 1.593 -0.103 14.76 0.0306 1.05% 3.0 0.656% 
0.500 2.609 1.528 -0.093 15.47 0.0249 2.47% 0.5 0.832% 
0.600 2.428 1.521 -0.096 14.79 0.0322 1.73% 0.5 0.750% 
0.800 2.237 1.439 -0.084 14.68 0.0284 1.53% 0.5 0.642% 
1.000 2.119 1.368 -0.073 15.07 0.0257 1.26% 0.5 0.531% 
1.500 1.940 1.245 -0.052 14.72 0.0196 1.41% 0.5 0.527% 
2.000 1.835 1.160 -0.034 14.89 0.0107 0.69% 0.5 0.237% 
3.000 1.694 1.059 -0.011 10.74 -0.0011 0.35% 1.0 0.179% 
4.000 1.605 0.992 0.006 12.74 -0.0087 0.93% 1.0 0.444% 
5.000 1.533 0.945 0.021 14.17 -0.0223 2.36% 1.0 0.782% 
6.000 1.464 0.936 0.024 15.05 -0.0290 1.08% 1.0 0.525% 
8.000 1.374 0.913 0.031 14.15 -0.0269 1.47% 0.5 0.721% 
10.000 1.308 0.904 0.036 14.30 -0.0322 1.79% 0.5 0.797% 
15.000 1.228 0.833 0.064 14.20 -0.0587 2.12% 3.0 1.186% 
