0.015 1.051 0.409 0.197 11.44 -0.0913 0.78% 0.5 0.267%
0.020 1.121 0.410 0.202 14.55 -0.1108 1.31% 0.5 0.464% 
0.030 1.401 0.472 0.180 14.69 -0.0944 2.07% 0.5 0.757% 
0.040 1.849 0.629 0.114 16.17 -0.0596 1.35% 2.0 0.566% 
0.050 2.535 0.737 0.088 14.98 -0.0626 2.26% 0.5 1.051% 
0.060 3.171 0.922 0.033 14.39 -0.0303 1.23% 0.5 0.557% 
0.080 4.169 1.220 -0.038 11.66 0.0065 1.44% 0.5 0.567% 
0.100 4.509 1.444 -0.079 13.36 0.0260 2.39% 0.5 1.110% 
0.150 4.045 1.730 -0.124 13.53 0.0491 2.84% 0.5 1.686% 
0.200 3.614 1.784 -0.131 13.78 0.0503 2.97% 0.5 1.587% 
0.300 3.024 1.769 -0.130 13.87 0.0478 2.03% 10.0 1.397% 
0.400 2.721 1.702 -0.122 14.15 0.0440 1.80% 10.0 1.206% 
0.500 2.538 1.635 -0.114 14.25 0.0410 1.84% 0.5 1.065% 
0.600 2.402 1.569 -0.104 14.56 0.0366 1.89% 0.5 0.958% 
0.800 2.227 1.469 -0.090 14.86 0.0327 1.66% 0.5 0.833% 
1.000 2.112 1.387 -0.077 14.85 0.0282 1.57% 0.5 0.697% 
1.500 1.936 1.253 -0.054 14.28 0.0205 1.22% 0.5 0.505% 
2.000 1.845 1.154 -0.034 14.75 0.0125 1.07% 0.5 0.379% 
3.000 1.706 1.050 -0.009 10.63 -0.0012 0.61% 0.5 0.215% 
4.000 1.614 0.983 0.009 13.16 -0.0120 0.63% 35.0 0.323% 
5.000 1.542 0.946 0.019 12.67 -0.0150 1.15% 1.0 0.589% 
6.000 1.479 0.929 0.024 15.97 -0.0271 1.20% 0.5 0.536% 
8.000 1.388 0.903 0.033 12.28 -0.0233 0.86% 1.0 0.472% 
10.000 1.324 0.894 0.036 13.93 -0.0286 1.19% 1.0 0.619% 
15.000 1.225 0.892 0.038 14.72 -0.0327 2.07% 0.5 0.768% 
