0.015 1.0290000000000001 0.364 0.24 14.12 -0.1704 0.46% 25.0 0.236%
0.02 1.072 0.349 0.24100000000000002 14.25 -0.128 0.33% 8.0 0.168%
0.03 1.226 0.415 0.20600000000000002 14.06 -0.1131 1.61% 0.5 0.690%
0.04 1.504 0.49200000000000005 0.172 14.83 -0.0948 1.99% 0.5 0.750%
0.05 1.935 0.57 0.14800000000000002 14.64 -0.0888 4.07% 0.5 1.411%
0.06 2.436 0.6829999999999999 0.109 14.74 -0.0784 2.72% 0.5 1.314%
0.08 3.3989999999999996 0.9259999999999999 0.033 14.11 -0.0328 0.89% 35.0 0.541%
0.1 3.991 1.148 -0.02 13.53 -0.0085 0.84% 2.0 0.401%
0.15 4.141 1.4409999999999998 -0.076 14.24 0.0185 1.99% 0.5 0.779%
0.2 3.69 1.585 -0.1 14.16 0.0316 3.23% 0.5 1.309%
0.3 3.1010000000000004 1.636 -0.109 14.26 0.0349 2.83% 0.5 1.263%
0.4 2.7910000000000004 1.5930000000000002 -0.10300000000000001 14.76 0.0306 1.05% 3.0 0.656%
0.5 2.609 1.528 -0.09300000000000001 15.47 0.0249 2.47% 0.5 0.832%
0.6 2.428 1.521 -0.096 14.79 0.0322 1.73% 0.5 0.750%
0.8 2.237 1.439 -0.084 14.68 0.0284 1.53% 0.5 0.642%
1.0 2.119 1.368 -0.073 15.07 0.0257 1.26% 0.5 0.531%
1.5 1.94 1.245 -0.052000000000000005 14.72 0.0196 1.41% 0.5 0.527%
2.0 1.835 1.16 -0.034 14.89 0.0107 0.69% 0.5 0.237%
3.0 1.694 1.0590000000000002 -0.011000000000000001 10.74 -0.0011 0.35% 1.0 0.179%
4.0 1.605 0.992 0.006 12.74 -0.0087 0.93% 1.0 0.444%
5.0 1.5330000000000001 0.945 0.021 14.17 -0.0223 2.36% 1.0 0.782%
6.0 1.464 0.9359999999999999 0.024 15.05 -0.029 1.08% 1.0 0.525%
8.0 1.374 0.9129999999999999 0.031 14.15 -0.0269 1.47% 0.5 0.721%
10.0 1.308 0.904 0.036000000000000004 14.3 -0.0322 1.79% 0.5 0.797%
15.0 1.228 0.833 0.064 14.2 -0.0587 2.12% 3.0 1.186%
