0.015 1.003 0.46399999999999997 0.161 11.39 -0.076 0.0 2.0 0.02
0.02 1.0070000000000001 0.39 0.19399999999999998 13.63 -0.0649 0.1 0.5 0.03
0.03 1.021 0.349 0.221 14.76 -0.0813 0.1 10.0 0.03
0.04 1.891 1.7730000000000001 0.052000000000000005 10.42 -0.0383 12.1 3.0 5.21
0.05 1.82 1.285 0.095 21.62 -0.1009 9.1 3.0 4.84
0.06 1.693 0.7809999999999999 0.18100000000000002 16.56 -0.1494 2.3 1.0 1.22
0.08 1.6019999999999999 0.212 -0.055999999999999994 14.11 0.065 0.3 1.0 0.16
0.1 1.453 0.043 0.64 14.28 -0.1659 0.6 1.0 0.25
0.15 1.429 0.109 0.5489999999999999 13.75 -0.2886 1.8 0.5 0.8
0.2 1.518 0.212 0.39399999999999996 13.84 -0.2265 2.3 0.5 1.0
0.3 1.8090000000000002 0.349 0.271 13.54 -0.155 2.5 0.5 1.15
0.4 2.08 0.48700000000000004 0.19899999999999998 13.86 -0.1328 3.6 0.5 1.56
0.5 2.102 0.617 0.139 13.88 -0.099 3.0 0.5 1.41
0.6 2.185 0.687 0.111 13.71 -0.0842 2.9 0.5 1.42
0.8 2.211 0.7859999999999999 0.076 13.61 -0.065 2.7 0.5 1.28
1.0 2.173 0.841 0.059000000000000004 13.53 -0.0569 2.2 0.5 1.18
1.5 2.0069999999999997 0.9229999999999999 0.038 13.54 -0.0498 2.8 0.5 1.22
2.0 1.9869999999999999 0.8859999999999999 0.054000000000000006 13.32 -0.0668 4.8 0.5 2.09
3.0 1.91 0.8029999999999999 0.092 13.49 -0.1107 7.6 0.5 3.35
4.0 1.795 0.768 0.111 13.85 -0.1284 8.8 0.5 3.72
5.0 1.855 0.7 0.145 14.11 -0.1596 8.4 0.5 3.92
6.0 1.8230000000000002 0.71 0.145 14.27 -0.1574 8.0 0.5 3.77
8.0 1.906 0.777 0.129 14.28 -0.1449 7.2 0.5 3.57
10.0 1.8869999999999998 0.93 0.087 14.06 -0.1104 6.9 0.5 3.24
15.0 1.9869999999999999 1.151 0.05 13.77 -0.0849 4.9 0.5 nan
