0.015 1.009 0.495 0.141 29.38 -0.2851 0.46% 0.5 0.285%
0.020 1.022 0.465 0.151 30.59 -0.3021 0.65% 0.5 0.280% 
0.030 1.081 0.344 0.252 13.45 -0.1508 0.69% 0.5 0.281% 
0.040 1.180 0.397 0.211 14.36 -0.1139 1.46% 0.5 0.537% 
0.050 1.337 0.420 0.209 14.32 -0.1214 1.60% 0.5 0.747% 
0.060 1.522 0.509 0.162 15.42 -0.0887 1.37% 0.5 0.643% 
0.080 2.134 0.540 0.170 13.50 -0.1007 3.47% 0.5 1.811% 
0.100 2.716 0.699 0.107 13.30 -0.0760 3.45% 0.5 1.602% 
0.150 3.558 1.007 0.014 13.47 -0.0308 1.24% 4.0 0.814% 
0.200 3.599 1.199 -0.027 12.18 -0.0147 0.78% 5.0 0.488% 
0.300 3.161 1.378 -0.064 21.31 0.0125 1.16% 2.0 0.439% 
0.400 2.829 1.426 -0.074 16.70 0.0152 1.22% 0.5 0.441% 
0.500 2.615 1.424 -0.075 17.17 0.0174 0.93% 0.5 0.343% 
0.600 2.456 1.410 -0.074 17.12 0.0183 1.00% 0.5 0.354% 
0.800 2.248 1.375 -0.071 15.67 0.0202 1.08% 0.5 0.374% 
1.000 2.118 1.334 -0.066 14.93 0.0208 0.83% 35.0 0.387% 
1.500 1.943 1.222 -0.046 15.07 0.0146 0.99% 0.5 0.330% 
2.000 1.831 1.154 -0.032 15.62 0.0088 0.60% 0.5 0.251% 
3.000 1.692 1.052 -0.007 12.91 -0.0061 0.47% 1.0 0.263% 
4.000 1.592 0.985 0.013 12.56 -0.0204 1.12% 1.0 0.631% 
5.000 1.501 0.970 0.017 15.63 -0.0287 0.94% 10.0 0.518% 
6.000 1.437 0.944 0.027 13.04 -0.0330 0.94% 4.0 0.566% 
8.000 1.342 0.924 0.035 12.28 -0.0338 1.32% 1.0 0.730% 
10.000 1.280 0.911 0.041 13.91 -0.0434 1.54% 1.0 0.980% 
15.000 1.176 0.948 0.033 14.53 -0.0363 2.00% 1.0 0.964% 
