0.015 1.037 0.401 0.211 13.33 -0.1332 0.65% 0.5 0.330%
0.020 1.087 0.426 0.185 14.50 -0.0945 0.57% 0.5 0.331%
0.030 1.294 0.445 0.191 14.26 -0.1008 1.58% 0.5 0.655%  
0.040 1.644 0.557 0.142 15.31 -0.0745 0.97% 0.5 0.517% 
0.050 2.216 0.623 0.130 13.60 -0.0692 2.70% 0.5 1.395% 
0.060 2.778 0.780 0.077 13.14 -0.0522 1.71% 0.5 0.904% 
0.080 3.778 1.058 -0.001 14.35 -0.0150 0.44% 15.0 0.239% 
0.100 4.260 1.285 -0.049 12.62 0.0081 1.79% 0.5 0.731% 
0.150 4.099 1.591 -0.103 13.28 0.0364 3.22% 0.5 1.461% 
0.200 3.649 1.684 -0.116 13.69 0.0411 3.24% 0.5 1.540% 
0.300 3.056 1.704 -0.120 14.17 0.0423 2.23% 0.5 1.327% 
0.400 2.751 1.649 -0.113 14.51 0.0377 2.32% 0.5 1.119% 
0.500 2.552 1.597 -0.107 14.44 0.0365 1.92% 0.5 0.976% 
0.600 2.416 1.544 -0.100 14.58 0.0343 1.84% 0.5 0.876% 
0.800 2.238 1.449 -0.086 14.82 0.0299 1.48% 0.5 0.749% 
1.000 2.115 1.378 -0.075 15.12 0.0268 1.74% 0.5 0.705% 
1.500 1.940 1.249 -0.053 14.51 0.0202 1.38% 0.5 0.497% 
2.000 1.834 1.165 -0.036 14.42 0.0130 0.65% 2.0 0.304% 
3.000 1.696 1.061 -0.012 14.79 0.0004 0.48% 2.0 0.180% 
4.000 1.607 0.992 0.006 14.46 -0.0093 0.80% 1.0 0.345% 
5.000 1.549 0.922 0.029 13.02 -0.0274 2.18% 0.5 0.917% 
6.000 1.474 0.929 0.025 15.42 -0.0285 0.79% 3.0 0.519% 
8.000 1.380 0.909 0.032 11.96 -0.0231 1.19% 0.5 0.522% 
10.000 1.309 0.918 0.029 14.57 -0.0249 1.82% 0.5 0.754% 
15.000 1.231 0.844 0.058 14.16 -0.0516 1.77% 4.0 0.970% 
