0.015 1.018 0.398 0.212 12.01 -0.1279 0.52% 4.0 0.286% 
0.020 1.041 0.411 0.194 13.58 -0.0962 0.59% 8.0 0.244% 
0.030 1.141 0.390 0.219 13.87 -0.1228 0.97% 0.5 0.390% 
0.040 1.321 0.439 0.194 14.66 -0.1070 1.79% 0.5 0.702% 
0.050 1.573 0.525 0.156 15.24 -0.0836 1.49% 0.5 0.645% 
0.060 1.984 0.535 0.168 13.70 -0.0873 3.52% 0.5 1.820% 
0.080 2.767 0.726 0.096 13.52 -0.0655 2.06% 0.5 1.165% 
0.100 3.452 0.924 0.036 13.69 -0.0410 1.27% 35.0 0.836% 
0.150 3.949 1.255 -0.042 20.00 0.0000 1.28% 0.5 0.523% 
0.200 3.711 1.410 -0.069 16.17 0.0124 1.52% 0.5 0.589% 
0.300 3.132 1.528 -0.091 14.16 0.0233 2.48% 0.5 0.942% 
0.400 2.805 1.527 -0.092 15.23 0.0252 2.47% 0.5 0.853% 
0.500 2.590 1.504 -0.090 15.30 0.0253 1.91% 0.5 0.734% 
0.600 2.443 1.475 -0.087 14.94 0.0257 1.92% 0.5 0.654% 
0.800 2.245 1.410 -0.078 15.21 0.0241 1.35% 0.5 0.535% 
1.000 2.115 1.358 -0.071 15.01 0.0242 1.22% 0.5 0.522% 
1.500 1.943 1.234 -0.049 14.99 0.0169 0.89% 0.5 0.361% 
2.000 1.837 1.155 -0.033 13.92 0.0100 0.79% 0.5 0.281% 
3.000 1.693 1.056 -0.009 11.30 -0.0040 0.43% 25.0 0.228% 
4.000 1.596 0.994 0.008 12.63 -0.0141 0.87% 1.0 0.444% 
5.000 1.524 0.948 0.022 14.53 -0.0280 1.82% 0.5 0.755% 
6.000 1.452 0.946 0.022 15.59 -0.0289 1.22% 1.0 0.580% 
8.000 1.361 0.911 0.036 11.74 -0.0309 1.38% 1.0 0.691% 
10.000 1.298 0.903 0.039 13.70 -0.0358 1.38% 0.5 0.798% 
15.000 1.193 0.930 0.033 14.49 -0.0333 2.21% 1.0 0.866% 
