0.015 1.002 0.539 0.111 11.48 -0.0337 0.1 0.5 0.03
0.02 1.005 0.393 0.191 10.33 -0.0581 0.1 4 0.02 
0.03 1.015 0.325 0.239 14.39 -0.0881 0.1 2 0.03 
0.04 1.031 0.310 0.258 14.22 -0.1014 0.1 2 0.03 
0.05 1.053 0.323 0.243 14.30 -0.0957 0.1 2 0.06 
0.051 1.938 1.810 0.043 12.76 -0.0295 10.5 3 5.83 
0.052 1.947 1.749 0.050 12.86 -0.0358 11.2 3 5.92 
0.054 1.958 1.641 0.061 10.23 -0.0316 11.7 3 4.96 
0.056 1.851 1.640 0.053 32.39 -0.1399 12.1 40 5.87 
0.058 1.830 1.568 0.058 29.98 -0.1222 16.0 40 6.22 
0.06 1.777 1.500 0.063 29.33 -0.1035 10.2 40 5.18 
0.065 1.798 1.250 0.094 31.85 -0.2023 4.7 7 2.91 
0.07 1.774 1.036 0.126 18.17 -0.0955 3.9 4 2.11 
0.08 1.734 0.587 0.245 16.07 -0.2151 2.1 35 1.26 
0.09 1.698 0.301 0.308 29.58 -0.0097 2.4 2 1.35 
0.1 1.643 0.237 -0.007 18.36 0.0556 0.3 0.5 0.17 
0.15 1.467 0.060 0.678 14.02 -0.3125 1.2 0.5 0.56 
0.2 1.485 0.144 0.486 13.76 -0.2671 2.1 0.5 0.94 
0.3 1.657 0.287 0.316 13.38 -0.1787 2.4 0.5 1.09 
0.4 1.879 0.411 0.240 13.78 -0.1558 3.1 0.5 1.41 
0.5 2.022 0.511 0.187 13.85 -0.1264 3.4 0.5 1.55 
0.6 1.976 0.614 0.137 13.66 -0.0950 2.7 0.5 1.34 
0.8 2.062 0.711 0.100 13.60 -0.0757 2.6 0.5 1.32 
1.0 2.067 0.772 0.080 13.51 -0.0669 2.4 0.5 1.29 
1.5 1.903 0.891 0.046 13.68 -0.0522 2.9 0.5 1.24 
2.0 1.884 0.865 0.060 13.37 -0.0694 5.1 0.5 2.17 
3.0 1.785 0.801 0.093 13.53 -0.1111 7.9 0.5 3.41 
4.0 1.650 0.788 0.104 13.87 -0.1217 9.4 0.5 3.70 
5.0 1.667 0.727 0.135 14.15 -0.1502 8.9 0.5 3.90 
6.0 1.631 0.740 0.135 14.30 -0.1487 8.4 0.5 3.75 
8.0 1.648 0.814 0.119 14.28 -0.1368 7.5 0.5 3.55 
10 1.586 0.976 0.077 14.14 -0.1007 7.0 0.5 3.07 
15 1.581 1.190 0.046 13.74 -0.0810 5.0 0.5 2.51 
