0.015 1.004 1.561 -0.5539999999999999 5.6 0.3524 0.40% 1.0 0.129%
0.02 1.01 0.258 0.319 18.22 -0.295 0.49% 3.0 0.247%
0.03 1.0270000000000001 0.318 0.252 18.88 -0.1913 0.70% 2.0 0.291%
0.04 1.058 0.331 0.248 13.93 -0.1315 0.38% 35.0 0.249%
0.05 1.105 0.344 0.243 14.4 -0.1356 1.09% 0.5 0.383%
0.06 1.167 0.37200000000000005 0.22899999999999998 14.7 -0.1365 1.18% 0.5 0.530%
0.08 1.34 0.442 0.191 15.11 -0.1085 1.66% 0.5 0.685%
0.1 1.6 0.484 0.17800000000000002 15.0 -0.105 1.40% 3.0 0.880%
0.15 2.4219999999999997 0.584 0.151 14.99 -0.1187 5.48% 0.5 2.542%
0.2 2.887 0.7879999999999999 0.08 13.12 -0.072 5.51% 0.5 2.306%
0.3 3.035 1.034 0.01 12.47 -0.0359 2.86% 0.5 1.456%
0.4 2.823 1.1640000000000001 -0.02 11.68 -0.021 1.90% 0.5 0.962%
0.5 2.6260000000000003 1.225 -0.034 10.32 -0.0132 1.28% 0.5 0.685%
0.6 2.4859999999999998 1.2409999999999999 -0.038 10.26 -0.0113 1.01% 20.0 0.612%
0.8 2.2769999999999997 1.2409999999999999 -0.039 8.31 -0.0126 0.63% 40.0 0.404%
1.0 2.13 1.256 -0.049 18.4 0.0121 0.73% 4.0 0.343%
1.5 1.9380000000000002 1.193 -0.039 15.35 0.0096 0.62% 1.0 0.280%
2.0 1.827 1.135 -0.026000000000000002 25.39 0.0074 0.71% 1.0 0.238%
3.0 1.6840000000000002 1.035 0.002 12.45 -0.0184 0.94% 1.0 0.587%
4.0 1.565 0.996 0.013999999999999999 13.95 -0.0296 2.03% 0.5 0.976%
5.0 1.476 0.9690000000000001 0.024 14.14 -0.0384 1.66% 4.0 0.981%
6.0 1.3940000000000001 0.977 0.023 14.33 -0.038 1.83% 1.0 0.919%
8.0 1.2990000000000002 0.958 0.033 14.0 -0.0446 2.38% 0.5 1.123%
10.0 1.235 0.958 0.037000000000000005 14.27 -0.0483 2.76% 1.0 1.262%
15.0 1.148 0.955 0.047 14.63 -0.0535 2.71% 1.0 1.268%
