0.015 1.010 0.224 0.422 12.99 -0.4354 0.47% 3.0 0.220% 
0.020 1.023 0.248 0.365 12.39 -0.2533 0.45% 7.0 0.270% 
0.030 1.069 0.351 0.244 12.59 -0.1388 0.70% 2.0 0.323% 
0.040 1.157 0.362 0.238 14.60 -0.1453 1.15% 2.0 0.490% 
0.050 1.289 0.400 0.218 14.85 -0.1282 1.48% 0.5 0.706% 
0.060 1.451 0.466 0.185 14.80 -0.1055 1.93% 0.5 0.782% 
0.080 1.986 0.488 0.197 11.86 -0.0951 3.81% 0.5 1.918% 
0.100 2.532 0.625 0.140 11.98 -0.0947 3.41% 0.5 1.565% 
0.150 3.411 0.935 0.033 13.43 -0.0406 1.49% 35.0 1.021% 
0.200 3.529 1.139 -0.014 12.77 -0.0218 1.21% 10.0 0.727% 
0.300 3.188 1.309 -0.048 9.23 -0.0099 1.08% 0.5 0.393% 
0.400 2.840 1.389 -0.067 20.01 0.0139 0.77% 0.5 0.336% 
0.500 2.627 1.397 -0.070 17.55 0.0148 0.92% 0.5 0.282% 
0.600 2.456 1.397 -0.072 16.30 0.0173 0.88% 2.0 0.322% 
0.800 2.264 1.352 -0.066 16.77 0.0175 1.11% 0.5 0.306% 
1.000 2.128 1.313 -0.061 15.50 0.0170 0.64% 0.5 0.276% 
1.500 1.939 1.222 -0.046 14.93 0.0143 0.86% 0.5 0.296% 
2.000 1.835 1.147 -0.030 16.46 0.0074 0.79% 0.5 0.243% 
3.000 1.685 1.057 -0.008 12.35 -0.0057 0.88% 1.0 0.337% 
4.000 1.589 0.983 0.015 11.87 -0.0235 1.30% 1.0 0.713% 
5.000 1.501 0.956 0.024 12.99 -0.0361 0.86% 10.0 0.452% 
6.000 1.432 0.945 0.028 12.78 -0.0350 1.24% 1.0 0.562% 
8.000 1.334 0.934 0.033 12.11 -0.0332 1.61% 0.5 0.715% 
10.000 1.283 0.890 0.050 13.89 -0.0525 1.73% 4.0 1.093% 
15.000 1.175 0.934 0.040 14.39 -0.0436 2.08% 1.0 0.985% 
