0.015 2.597 0.9640000000000001 0.02 12.81 -0.0195 2.76% 0.5 1.234%
0.02 3.819 1.501 -0.086 16.2 0.0274 2.77% 0.5 0.869%
0.03 5.682 2.3480000000000003 -0.19 14.96 0.0674 1.84% 15.0 1.153%
0.04 5.706 2.7710000000000004 -0.222 14.91 0.0771 2.04% 15.0 1.289%
0.05 5.186 2.923 -0.22899999999999998 15.43 0.0747 2.00% 15.0 1.126%
0.06 4.75 2.95 -0.22699999999999998 16.03 0.0689 2.03% 0.5 0.971%
0.08 4.196000000000001 2.877 -0.217 17.74 0.0596 2.75% 0.5 1.034%
0.1 3.842 2.783 -0.21 19.63 0.063 2.56% 0.5 1.019%
0.15 3.2119999999999997 2.6 -0.19899999999999998 19.35 0.0582 1.58% 0.5 0.660%
0.2 3.0980000000000003 2.416 -0.18899999999999997 17.56 0.0573 1.71% 0.5 0.625%
0.3 2.722 2.1830000000000003 -0.175 15.88 0.0592 1.47% 15.0 0.807%
0.4 2.519 2.06 -0.168 15.38 0.064 2.88% 0.5 1.251%
0.5 2.395 1.912 -0.154 14.75 0.0605 2.20% 15.0 1.160%
0.6 2.287 1.81 -0.14400000000000002 14.46 0.0619 2.26% 15.0 1.300%
0.8 2.1590000000000003 1.632 -0.121 13.99 0.0528 1.74% 25.0 1.176%
1.0 2.081 1.4909999999999999 -0.099 14.06 0.0439 1.51% 1.0 1.016%
1.5 1.933 1.296 -0.065 13.59 0.0291 1.49% 0.5 0.758%
2.0 1.837 1.182 -0.042 13.81 0.0193 1.30% 0.5 0.622%
3.0 1.712 1.06 -0.015 13.2 0.0073 0.74% 0.5 0.298%
4.0 1.639 0.978 0.006 13.8 -0.0039 0.89% 0.5 0.316%
5.0 1.575 0.941 0.015 13.97 -0.0071 0.39% 2.0 0.196%
6.0 1.535 0.897 0.027999999999999997 13.94 -0.0143 0.49% 25.0 0.304%
8.0 1.455 0.8690000000000001 0.036000000000000004 10.77 -0.014 0.58% 30.0 0.287%
10.0 1.405 0.8420000000000001 0.044000000000000004 13.44 -0.0218 0.64% 35.0 0.371%
15.0 1.3130000000000002 0.818 0.051 13.6 -0.0256 1.21% 0.5 0.474%
