1.000E-02  2.242E+01  2.982E-03  2.242E+01  2.522E-04  7.338E-05  0.000E+00
1.250E-02  1.883E+01  2.992E-03  1.883E+01  3.744E-04  8.791E-05  0.000E+00
1.500E-02  1.633E+01  2.999E-03  1.633E+01  5.174E-04  1.018E-04  0.000E+00
1.750E-02  1.448E+01  3.004E-03  1.448E+01  6.803E-04  1.152E-04  0.000E+00
2.000E-02  1.305E+01  3.008E-03  1.305E+01  8.624E-04  1.282E-04  0.000E+00
2.500E-02  1.098E+01  3.017E-03  1.098E+01  1.282E-03  1.531E-04  0.000E+00
3.000E-02  9.548E+00  3.027E-03  9.551E+00  1.772E-03  1.769E-04  0.000E+00
3.500E-02  8.495E+00  3.037E-03  8.498E+00  2.328E-03  1.998E-04  0.000E+00
4.000E-02  7.686E+00  3.048E-03  7.689E+00  2.947E-03  2.220E-04  0.000E+00
4.500E-02  7.044E+00  3.061E-03  7.047E+00  3.627E-03  2.435E-04  0.000E+00
5.000E-02  6.522E+00  3.074E-03  6.525E+00  4.366E-03  2.644E-04  0.000E+00
5.500E-02  6.088E+00  3.088E-03  6.091E+00  5.159E-03  2.848E-04  0.000E+00
6.000E-02  5.722E+00  3.103E-03  5.725E+00  6.007E-03  3.048E-04  0.000E+00
7.000E-02  5.138E+00  3.135E-03  5.141E+00  7.854E-03  3.436E-04  0.000E+00
8.000E-02  4.693E+00  3.169E-03  4.696E+00  9.892E-03  3.809E-04  0.000E+00
9.000E-02  4.341E+00  3.206E-03  4.345E+00  1.211E-02  4.171E-04  0.000E+00
1.000E-01  4.057E+00  3.244E-03  4.061E+00  1.449E-02  4.523E-04  0.000E+00
1.250E-01  3.539E+00  3.350E-03  3.542E+00  2.111E-02  5.364E-04  0.000E+00
1.500E-01  3.189E+00  3.463E-03  3.193E+00  2.856E-02  6.163E-04  0.000E+00
1.750E-01  2.938E+00  3.584E-03  2.942E+00  3.674E-02  6.928E-04  0.000E+00
2.000E-01  2.750E+00  3.711E-03  2.753E+00  4.553E-02  7.666E-04  0.000E+00
2.500E-01  2.488E+00  3.985E-03  2.492E+00  6.469E-02  9.082E-04  0.000E+00
3.000E-01  2.316E+00  4.284E-03  2.321E+00  8.552E-02  1.044E-03  0.000E+00
3.500E-01  2.198E+00  4.604E-03  2.202E+00  1.077E-01  1.176E-03  0.000E+00
4.000E-01  2.111E+00  4.945E-03  2.116E+00  1.309E-01  1.306E-03  6.647E-03
4.500E-01  2.044E+00  5.304E-03  2.049E+00  1.549E-01  1.434E-03  3.210E-02
5.000E-01  1.992E+00  5.680E-03  1.998E+00  1.796E-01  1.562E-03  6.054E-02
5.500E-01  1.952E+00  6.071E-03  1.958E+00  2.049E-01  1.690E-03  9.114E-02
6.000E-01  1.919E+00  6.475E-03  1.926E+00  2.307E-01  1.819E-03  1.233E-01
7.000E-01  1.871E+00  7.322E-03  1.879E+00  2.833E-01  2.078E-03  1.906E-01
8.000E-01  1.839E+00  8.212E-03  1.847E+00  3.370E-01  2.339E-03  2.598E-01
9.000E-01  1.816E+00  9.142E-03  1.826E+00  3.915E-01  2.604E-03  3.294E-01
1.000E+00  1.801E+00  1.011E-02  1.811E+00  4.465E-01  2.873E-03  3.984E-01
1.250E+00  1.779E+00  1.267E-02  1.792E+00  5.854E-01  3.563E-03  5.651E-01
1.500E+00  1.772E+00  1.541E-02  1.787E+00  7.252E-01  4.277E-03  7.209E-01
1.750E+00  1.771E+00  1.830E-02  1.789E+00  8.650E-01  5.012E-03  8.653E-01
2.000E+00  1.774E+00  2.132E-02  1.795E+00  1.005E+00  5.767E-03  9.990E-01
2.500E+00  1.784E+00  2.766E-02  1.811E+00  1.282E+00  7.327E-03  1.239E+00
3.000E+00  1.796E+00  3.435E-02  1.831E+00  1.556E+00  8.941E-03  1.448E+00
3.500E+00  1.809E+00  4.132E-02  1.851E+00  1.828E+00  1.060E-02  1.633E+00
4.000E+00  1.822E+00  4.852E-02  1.870E+00  2.097E+00  1.229E-02  1.799E+00
4.500E+00  1.833E+00  5.593E-02  1.889E+00  2.363E+00  1.401E-02  1.950E+00
5.000E+00  1.844E+00  6.353E-02  1.908E+00  2.626E+00  1.575E-02  2.088E+00
5.500E+00  1.854E+00  7.129E-02  1.926E+00  2.887E+00  1.752E-02  2.215E+00
6.000E+00  1.864E+00  7.919E-02  1.943E+00  3.146E+00  1.930E-02  2.334E+00
7.000E+00  1.881E+00  9.539E-02  1.976E+00  3.656E+00  2.290E-02  2.549E+00
8.000E+00  1.896E+00  1.120E-01  2.008E+00  4.158E+00  2.654E-02  2.741E+00
9.000E+00  1.909E+00  1.290E-01  2.038E+00  4.652E+00  3.021E-02  2.915E+00
1.000E+01  1.921E+00  1.464E-01  2.067E+00  5.139E+00  3.389E-02  3.074E+00
1.250E+01  1.945E+00  1.909E-01  2.136E+00  6.329E+00  4.313E-02  3.424E+00
1.500E+01  1.965E+00  2.367E-01  2.201E+00  7.481E+00  5.236E-02  3.723E+00
1.750E+01  1.981E+00  2.835E-01  2.264E+00  8.601E+00  6.151E-02  3.985E+00
2.000E+01  1.994E+00  3.311E-01  2.325E+00  9.690E+00  7.055E-02  4.218E+00
2.500E+01  2.015E+00  4.282E-01  2.444E+00  1.179E+01  8.824E-02  4.620E+00
3.000E+01  2.032E+00  5.270E-01  2.559E+00  1.379E+01  1.053E-01  4.957E+00
3.500E+01  2.046E+00  6.271E-01  2.673E+00  1.570E+01  1.218E-01  5.247E+00
4.000E+01  2.058E+00  7.284E-01  2.787E+00  1.753E+01  1.376E-01  5.502E+00
4.500E+01  2.069E+00  8.306E-01  2.899E+00  1.929E+01  1.527E-01  5.728E+00
5.000E+01  2.078E+00  9.334E-01  3.011E+00  2.098E+01  1.673E-01  5.932E+00
5.500E+01  2.086E+00  1.037E+00  3.123E+00  2.261E+01  1.813E-01  6.118E+00
6.000E+01  2.093E+00  1.141E+00  3.234E+00  2.418E+01  1.947E-01  6.288E+00
7.000E+01  2.107E+00  1.351E+00  3.457E+00  2.717E+01  2.201E-01  6.590E+00
8.000E+01  2.118E+00  1.562E+00  3.680E+00  2.998E+01  2.435E-01  6.853E+00
9.000E+01  2.128E+00  1.774E+00  3.902E+00  3.262E+01  2.653E-01  7.085E+00
1.000E+02  2.137E+00  1.988E+00  4.124E+00  3.511E+01  2.857E-01  7.294E+00
1.250E+02  2.155E+00  2.525E+00  4.681E+00  4.079E+01  3.309E-01  7.736E+00
1.500E+02  2.171E+00  3.067E+00  5.237E+00  4.584E+01  3.696E-01  8.098E+00
1.750E+02  2.183E+00  3.611E+00  5.795E+00  5.038E+01  4.033E-01  8.405E+00
2.000E+02  2.195E+00  4.158E+00  6.353E+00  5.450E+01  4.328E-01  8.671E+00
2.500E+02  2.213E+00  5.258E+00  7.471E+00  6.175E+01  4.823E-01  9.116E+00
3.000E+02  2.228E+00  6.362E+00  8.591E+00  6.798E+01  5.224E-01  9.479E+00
3.500E+02  2.241E+00  7.471E+00  9.712E+00  7.345E+01  5.557E-01  9.787E+00
4.000E+02  2.252E+00  8.583E+00  1.083E+01  7.833E+01  5.839E-01  1.005E+01
4.500E+02  2.262E+00  9.697E+00  1.196E+01  8.272E+01  6.081E-01  1.029E+01
5.000E+02  2.270E+00  1.081E+01  1.308E+01  8.671E+01  6.292E-01  1.050E+01
5.500E+02  2.278E+00  1.193E+01  1.421E+01  9.038E+01  6.477E-01  1.069E+01
6.000E+02  2.286E+00  1.305E+01  1.534E+01  9.376E+01  6.642E-01  1.086E+01
7.000E+02  2.298E+00  1.529E+01  1.759E+01  9.985E+01  6.923E-01  1.117E+01
8.000E+02  2.309E+00  1.754E+01  1.985E+01  1.052E+02  7.153E-01  1.144E+01
9.000E+02  2.319E+00  1.978E+01  2.210E+01  1.100E+02  7.347E-01  1.167E+01
1.000E+03  2.328E+00  2.203E+01  2.436E+01  1.143E+02  7.512E-01  1.188E+01
