1.000E-03 1.497E+01 3.912E-03 7.118E+03 0.000E+00 0.000E+00 7.133E+03 7.118E+03 
1.001E-03 1.497E+01 3.918E-03 7.107E+03 0.000E+00 0.000E+00 7.122E+03 7.107E+03 
1.002E-03 1.497E+01 3.923E-03 7.095E+03 0.000E+00 0.000E+00 7.110E+03 7.095E+03 
1.002E-03 1.497E+01 3.923E-03 7.402E+03 0.000E+00 0.000E+00 7.417E+03 7.402E+03 
1.035E-03 1.493E+01 4.105E-03 7.248E+03 0.000E+00 0.000E+00 7.263E+03 7.248E+03 
1.069E-03 1.490E+01 4.280E-03 7.097E+03 0.000E+00 0.000E+00 7.112E+03 7.097E+03 
1.069E-03 1.490E+01 4.280E-03 7.306E+03 0.000E+00 0.000E+00 7.321E+03 7.306E+03 
1.208E-03 1.474E+01 4.998E-03 5.956E+03 0.000E+00 0.000E+00 5.970E+03 5.956E+03 
1.366E-03 1.455E+01 5.830E-03 4.856E+03 0.000E+00 0.000E+00 4.870E+03 4.856E+03 
1.366E-03 1.455E+01 5.830E-03 5.167E+03 0.000E+00 0.000E+00 5.182E+03 5.167E+03 
1.500E-03 1.438E+01 6.545E-03 4.305E+03 0.000E+00 0.000E+00 4.320E+03 4.305E+03 
1.747E-03 1.407E+01 7.866E-03 3.155E+03 0.000E+00 0.000E+00 3.169E+03 3.155E+03 
1.747E-03 1.407E+01 7.866E-03 3.193E+03 0.000E+00 0.000E+00 3.207E+03 3.193E+03 
1.840E-03 1.394E+01 8.361E-03 2.864E+03 0.000E+00 0.000E+00 2.878E+03 2.864E+03 
1.937E-03 1.381E+01 8.882E-03 2.570E+03 0.000E+00 0.000E+00 2.583E+03 2.570E+03 
1.937E-03 1.381E+01 8.882E-03 2.616E+03 0.000E+00 0.000E+00 2.630E+03 2.616E+03 
2.000E-03 1.373E+01 9.220E-03 2.443E+03 0.000E+00 0.000E+00 2.457E+03 2.443E+03 
3.000E-03 1.239E+01 1.447E-02 1.002E+03 0.000E+00 0.000E+00 1.015E+03 1.002E+03 
4.000E-03 1.111E+01 1.939E-02 5.174E+02 0.000E+00 0.000E+00 5.286E+02 5.175E+02 
4.498E-03 1.051E+01 2.169E-02 3.928E+02 0.000E+00 0.000E+00 4.034E+02 3.928E+02 
4.498E-03 1.051E+01 2.169E-02 8.552E+02 0.000E+00 0.000E+00 8.657E+02 8.552E+02 
4.630E-03 1.036E+01 2.229E-02 8.127E+02 0.000E+00 0.000E+00 8.231E+02 8.127E+02 
4.766E-03 1.021E+01 2.289E-02 7.725E+02 0.000E+00 0.000E+00 7.827E+02 7.725E+02 
4.766E-03 1.021E+01 2.289E-02 1.062E+03 0.000E+00 0.000E+00 1.072E+03 1.062E+03 
5.000E-03 9.953E+00 2.392E-02 9.669E+02 0.000E+00 0.000E+00 9.769E+02 9.670E+02 
5.397E-03 9.533E+00 2.560E-02 7.995E+02 0.000E+00 0.000E+00 8.090E+02 7.995E+02 
5.397E-03 9.533E+00 2.560E-02 9.337E+02 0.000E+00 0.000E+00 9.432E+02 9.337E+02 
6.000E-03 8.943E+00 2.804E-02 7.161E+02 0.000E+00 0.000E+00 7.250E+02 7.161E+02 
6.793E-03 8.243E+00 3.111E-02 5.200E+02 0.000E+00 0.000E+00 5.283E+02 5.200E+02 
6.793E-03 8.243E+00 3.111E-02 5.512E+02 0.000E+00 0.000E+00 5.594E+02 5.512E+02 
6.996E-03 8.076E+00 3.184E-02 5.119E+02 0.000E+00 0.000E+00 5.200E+02 5.119E+02 
7.205E-03 7.910E+00 3.258E-02 4.755E+02 0.000E+00 0.000E+00 4.834E+02 4.755E+02 
7.205E-03 7.910E+00 3.258E-02 4.952E+02 0.000E+00 0.000E+00 5.031E+02 4.952E+02 
8.000E-03 7.327E+00 3.542E-02 3.820E+02 0.000E+00 0.000E+00 3.894E+02 3.821E+02 
1.000E-02 6.125E+00 4.191E-02 2.194E+02 0.000E+00 0.000E+00 2.256E+02 2.194E+02 
1.500E-02 4.188E+00 5.521E-02 7.887E+01 0.000E+00 0.000E+00 8.311E+01 7.892E+01 
2.000E-02 3.052E+00 6.477E-02 3.774E+01 0.000E+00 0.000E+00 4.085E+01 3.780E+01 
2.090E-02 2.898E+00 6.620E-02 3.368E+01 0.000E+00 0.000E+00 3.665E+01 3.375E+01 
2.090E-02 2.898E+00 6.620E-02 7.800E+01 0.000E+00 0.000E+00 8.096E+01 7.807E+01 
2.367E-02 2.478E+00 7.011E-02 5.579E+01 0.000E+00 0.000E+00 5.834E+01 5.586E+01 
2.681E-02 2.103E+00 7.386E-02 3.989E+01 0.000E+00 0.000E+00 4.207E+01 3.996E+01 
2.681E-02 2.103E+00 7.386E-02 5.760E+01 0.000E+00 0.000E+00 5.978E+01 5.767E+01 
2.725E-02 2.058E+00 7.434E-02 5.519E+01 0.000E+00 0.000E+00 5.733E+01 5.527E+01 
2.770E-02 2.014E+00 7.482E-02 5.289E+01 0.000E+00 0.000E+00 5.498E+01 5.297E+01 
2.770E-02 2.014E+00 7.482E-02 6.093E+01 0.000E+00 0.000E+00 6.301E+01 6.100E+01 
3.000E-02 1.809E+00 7.711E-02 4.985E+01 0.000E+00 0.000E+00 5.173E+01 4.992E+01 
4.000E-02 1.211E+00 8.454E-02 2.408E+01 0.000E+00 0.000E+00 2.537E+01 2.416E+01 
5.000E-02 8.812E-01 8.917E-02 1.353E+01 0.000E+00 0.000E+00 1.450E+01 1.362E+01 
6.000E-02 6.673E-01 9.203E-02 8.404E+00 0.000E+00 0.000E+00 9.164E+00 8.496E+00 
8.000E-02 4.198E-01 9.444E-02 3.940E+00 0.000E+00 0.000E+00 4.454E+00 4.034E+00 
1.000E-01 2.914E-01 9.456E-02 2.181E+00 0.000E+00 0.000E+00 2.567E+00 2.276E+00 
1.431E-01 1.597E-01 9.194E-02 8.426E-01 0.000E+00 0.000E+00 1.094E+00 9.345E-01 
1.431E-01 1.597E-01 9.194E-02 3.249E+00 0.000E+00 0.000E+00 3.501E+00 3.341E+00 
1.500E-01 1.472E-01 9.135E-02 2.905E+00 0.000E+00 0.000E+00 3.143E+00 2.996E+00 
2.000E-01 8.845E-02 8.681E-02 1.417E+00 0.000E+00 0.000E+00 1.592E+00 1.504E+00 
3.000E-01 4.261E-02 7.819E-02 5.191E-01 0.000E+00 0.000E+00 6.399E-01 5.973E-01 
4.000E-01 2.520E-02 7.130E-02 2.609E-01 0.000E+00 0.000E+00 3.574E-01 3.322E-01 
5.000E-01 1.665E-02 6.577E-02 1.562E-01 0.000E+00 0.000E+00 2.386E-01 2.220E-01 
6.000E-01 1.182E-02 6.125E-02 1.042E-01 0.000E+00 0.000E+00 1.773E-01 1.655E-01 
8.000E-01 6.835E-03 5.423E-02 5.657E-02 0.000E+00 0.000E+00 1.176E-01 1.108E-01 
1.000E+00 4.451E-03 4.896E-02 3.600E-02 0.000E+00 0.000E+00 8.941E-02 8.496E-02 
1.022E+00 4.268E-03 4.846E-02 3.448E-02 0.000E+00 0.000E+00 8.721E-02 8.294E-02 
1.250E+00 2.888E-03 4.392E-02 2.335E-02 5.043E-04 0.000E+00 7.067E-02 6.778E-02 
1.500E+00 2.024E-03 3.998E-02 1.660E-02 2.574E-03 0.000E+00 6.118E-02 5.915E-02 
2.000E+00 1.151E-03 3.420E-02 1.002E-02 7.395E-03 0.000E+00 5.276E-02 5.161E-02 
2.044E+00 1.103E-03 3.378E-02 9.655E-03 7.788E-03 0.000E+00 5.232E-02 5.122E-02 
3.000E+00 5.167E-04 2.696E-02 5.205E-03 1.485E-02 9.412E-06 4.754E-02 4.702E-02 
4.000E+00 2.919E-04 2.250E-02 3.389E-03 2.040E-02 3.832E-05 4.661E-02 4.632E-02 
5.000E+00 1.872E-04 1.944E-02 2.474E-03 2.502E-02 7.620E-05 4.719E-02 4.700E-02 
6.000E+00 1.302E-04 1.718E-02 1.932E-03 2.883E-02 1.167E-04 4.820E-02 4.807E-02 
7.000E+00 9.571E-05 1.545E-02 1.577E-03 3.237E-02 1.570E-04 4.965E-02 4.955E-02 
8.000E+00 7.332E-05 1.406E-02 1.329E-03 3.558E-02 1.959E-04 5.124E-02 5.117E-02 
9.000E+00 5.795E-05 1.293E-02 1.147E-03 3.853E-02 2.329E-04 5.290E-02 5.284E-02 
1.000E+01 4.694E-05 1.198E-02 1.007E-03 4.125E-02 2.680E-04 5.455E-02 5.450E-02 
1.100E+01 3.881E-05 1.117E-02 8.969E-04 4.380E-02 3.012E-04 5.621E-02 5.617E-02 
1.200E+01 3.261E-05 1.048E-02 8.081E-04 4.617E-02 3.324E-04 5.782E-02 5.779E-02 
1.300E+01 2.780E-05 9.871E-03 7.350E-04 4.837E-02 3.617E-04 5.937E-02 5.934E-02 
1.400E+01 2.396E-05 9.339E-03 6.737E-04 5.045E-02 3.893E-04 6.088E-02 6.086E-02 
1.500E+01 2.088E-05 8.866E-03 6.219E-04 5.240E-02 4.155E-04 6.232E-02 6.230E-02 
1.600E+01 1.835E-05 8.444E-03 5.772E-04 5.423E-02 4.404E-04 6.371E-02 6.369E-02 
1.800E+01 1.450E-05 7.718E-03 5.045E-04 5.755E-02 4.863E-04 6.628E-02 6.626E-02 
2.000E+01 1.175E-05 7.116E-03 4.479E-04 6.050E-02 5.280E-04 6.861E-02 6.860E-02 
2.200E+01 9.709E-06 6.610E-03 4.027E-04 6.322E-02 5.657E-04 7.081E-02 7.080E-02 
2.400E+01 8.158E-06 6.177E-03 3.656E-04 6.568E-02 6.004E-04 7.283E-02 7.282E-02 
2.600E+01 6.952E-06 5.800E-03 3.347E-04 6.795E-02 6.322E-04 7.473E-02 7.472E-02 
2.800E+01 5.994E-06 5.472E-03 3.087E-04 7.004E-02 6.617E-04 7.649E-02 7.648E-02 
3.000E+01 5.224E-06 5.181E-03 2.865E-04 7.193E-02 6.891E-04 7.810E-02 7.809E-02 
4.000E+01 2.937E-06 4.118E-03 2.102E-04 7.973E-02 8.011E-04 8.487E-02 8.486E-02 
5.000E+01 1.880E-06 3.436E-03 1.660E-04 8.554E-02 8.852E-04 9.003E-02 9.003E-02 
6.000E+01 1.306E-06 2.961E-03 1.371E-04 9.006E-02 9.510E-04 9.411E-02 9.411E-02 
8.000E+01 7.346E-07 2.336E-03 1.017E-04 9.669E-02 1.049E-03 1.002E-01 1.002E-01 
1.000E+02 4.701E-07 1.939E-03 8.081E-05 1.014E-01 1.120E-03 1.045E-01 1.045E-01 
1.500E+02 2.089E-07 1.381E-03 5.338E-05 1.087E-01 1.235E-03 1.114E-01 1.114E-01 
2.000E+02 1.175E-07 1.082E-03 3.987E-05 1.130E-01 1.306E-03 1.155E-01 1.155E-01 
3.000E+02 5.224E-08 7.671E-04 2.645E-05 1.181E-01 1.391E-03 1.203E-01 1.203E-01 
4.000E+02 2.937E-08 6.008E-04 1.980E-05 1.210E-01 1.442E-03 1.231E-01 1.231E-01 
5.000E+02 1.880E-08 4.973E-04 1.581E-05 1.229E-01 1.477E-03 1.249E-01 1.249E-01 
6.000E+02 1.306E-08 4.258E-04 1.317E-05 1.243E-01 1.502E-03 1.262E-01 1.262E-01 
8.000E+02 7.346E-09 3.326E-04 9.864E-06 1.261E-01 1.536E-03 1.280E-01 1.280E-01 
1.000E+03 4.701E-09 2.736E-04 7.884E-06 1.273E-01 1.559E-03 1.291E-01 1.291E-01 
1.500E+03 2.089E-09 1.911E-04 5.252E-06 1.289E-01 1.593E-03 1.307E-01 1.307E-01 
2.000E+03 1.175E-09 1.479E-04 3.938E-06 1.299E-01 1.612E-03 1.316E-01 1.316E-01 
3.000E+03 5.224E-10 1.028E-04 2.623E-06 1.308E-01 1.633E-03 1.325E-01 1.325E-01 
4.000E+03 2.937E-10 7.938E-05 1.967E-06 1.314E-01 1.646E-03 1.331E-01 1.331E-01 
5.000E+03 1.880E-10 6.491E-05 1.574E-06 1.318E-01 1.653E-03 1.335E-01 1.335E-01 
6.000E+03 1.306E-10 5.505E-05 1.311E-06 1.320E-01 1.659E-03 1.337E-01 1.337E-01 
8.000E+03 7.346E-11 4.240E-05 9.833E-07 1.323E-01 1.666E-03 1.340E-01 1.340E-01 
1.000E+04 4.701E-11 3.462E-05 7.866E-07 1.325E-01 1.670E-03 1.342E-01 1.342E-01 
1.500E+04 2.089E-11 2.392E-05 5.242E-07 1.327E-01 1.676E-03 1.344E-01 1.344E-01 
2.000E+04 1.175E-11 1.839E-05 3.933E-07 1.329E-01 1.680E-03 1.346E-01 1.346E-01 
3.000E+04 5.224E-12 1.269E-05 2.621E-07 1.330E-01 1.683E-03 1.347E-01 1.347E-01 
4.000E+04 2.937E-12 9.740E-06 1.966E-07 1.331E-01 1.685E-03 1.348E-01 1.348E-01 
5.000E+04 1.880E-12 7.931E-06 1.573E-07 1.332E-01 1.687E-03 1.349E-01 1.349E-01 
6.000E+04 1.306E-12 6.704E-06 1.311E-07 1.332E-01 1.687E-03 1.349E-01 1.349E-01 
8.000E+04 7.346E-13 5.142E-06 9.829E-08 1.332E-01 1.688E-03 1.349E-01 1.349E-01 
1.000E+05 4.701E-13 4.181E-06 7.863E-08 1.333E-01 1.689E-03 1.350E-01 1.350E-01 
