1.000E-03 2.146E+00 1.543E-02 9.202E+02 0.000E+00 0.000E+00 9.224E+02 9.202E+02 
1.142E-03 2.091E+00 1.840E-02 6.442E+02 0.000E+00 0.000E+00 6.463E+02 6.442E+02 
1.305E-03 2.030E+00 2.172E-02 4.509E+02 0.000E+00 0.000E+00 4.530E+02 4.510E+02 
1.305E-03 2.030E+00 2.172E-02 5.441E+03 0.000E+00 0.000E+00 5.443E+03 5.441E+03 
1.500E-03 1.956E+00 2.535E-02 4.002E+03 0.000E+00 0.000E+00 4.004E+03 4.002E+03 
2.000E-03 1.781E+00 3.310E-02 1.930E+03 0.000E+00 0.000E+00 1.932E+03 1.930E+03 
3.000E-03 1.499E+00 4.562E-02 6.568E+02 0.000E+00 0.000E+00 6.584E+02 6.569E+02 
4.000E-03 1.279E+00 5.726E-02 2.961E+02 0.000E+00 0.000E+00 2.974E+02 2.961E+02 
5.000E-03 1.091E+00 6.844E-02 1.571E+02 0.000E+00 0.000E+00 1.583E+02 1.572E+02 
6.000E-03 9.296E-01 7.887E-02 9.279E+01 0.000E+00 0.000E+00 9.380E+01 9.287E+01 
8.000E-03 6.804E-01 9.681E-02 3.982E+01 0.000E+00 0.000E+00 4.059E+01 3.991E+01 
1.000E-02 5.117E-01 1.107E-01 2.043E+01 0.000E+00 0.000E+00 2.106E+01 2.054E+01 
1.500E-02 2.884E-01 1.318E-01 5.937E+00 0.000E+00 0.000E+00 6.357E+00 6.068E+00 
2.000E-02 1.880E-01 1.422E-01 2.433E+00 0.000E+00 0.000E+00 2.763E+00 2.575E+00 
3.000E-02 1.005E-01 1.515E-01 6.784E-01 0.000E+00 0.000E+00 9.304E-01 8.299E-01 
4.000E-02 6.261E-02 1.544E-01 2.711E-01 0.000E+00 0.000E+00 4.880E-01 4.254E-01 
5.000E-02 4.254E-02 1.543E-01 1.324E-01 0.000E+00 0.000E+00 3.292E-01 2.867E-01 
6.000E-02 3.072E-02 1.528E-01 7.346E-02 0.000E+00 0.000E+00 2.570E-01 2.263E-01 
8.000E-02 1.815E-02 1.480E-01 2.894E-02 0.000E+00 0.000E+00 1.951E-01 1.770E-01 
1.000E-01 1.197E-02 1.426E-01 1.403E-02 0.000E+00 0.000E+00 1.686E-01 1.566E-01 
1.500E-01 5.523E-03 1.301E-01 3.786E-03 0.000E+00 0.000E+00 1.394E-01 1.338E-01 
2.000E-01 3.157E-03 1.198E-01 1.514E-03 0.000E+00 0.000E+00 1.245E-01 1.213E-01 
3.000E-01 1.421E-03 1.046E-01 4.329E-04 0.000E+00 0.000E+00 1.065E-01 1.051E-01 
4.000E-01 8.030E-04 9.393E-02 1.867E-04 0.000E+00 0.000E+00 9.492E-02 9.412E-02 
5.000E-01 5.151E-04 8.585E-02 1.011E-04 0.000E+00 0.000E+00 8.647E-02 8.595E-02 
6.000E-01 3.580E-04 7.946E-02 6.316E-05 0.000E+00 0.000E+00 7.988E-02 7.952E-02 
8.000E-01 2.017E-04 6.985E-02 3.191E-05 0.000E+00 0.000E+00 7.008E-02 6.988E-02 
1.000E+00 1.291E-04 6.281E-02 1.985E-05 0.000E+00 0.000E+00 6.296E-02 6.283E-02 
1.022E+00 1.237E-04 6.214E-02 1.868E-05 0.000E+00 0.000E+00 6.228E-02 6.216E-02 
1.250E+00 8.268E-05 5.617E-02 1.266E-05 2.936E-05 0.000E+00 5.629E-02 5.621E-02 
1.500E+00 5.743E-05 5.107E-02 9.178E-06 1.607E-04 0.000E+00 5.129E-02 5.124E-02 
2.000E+00 3.231E-05 4.358E-02 5.738E-06 6.365E-04 0.000E+00 4.426E-02 4.423E-02 
2.044E+00 3.095E-05 4.304E-02 5.548E-06 6.861E-04 0.000E+00 4.376E-02 4.373E-02 
3.000E+00 1.436E-05 3.429E-02 3.181E-06 1.812E-03 1.200E-05 3.613E-02 3.612E-02 
4.000E+00 8.080E-06 2.859E-02 2.172E-06 2.934E-03 4.898E-05 3.159E-02 3.158E-02 
5.000E+00 5.171E-06 2.470E-02 1.641E-06 3.930E-03 9.760E-05 2.873E-02 2.873E-02 
6.000E+00 3.590E-06 2.183E-02 1.316E-06 4.824E-03 1.499E-04 2.681E-02 2.681E-02 
7.000E+00 2.639E-06 1.962E-02 1.098E-06 5.620E-03 2.021E-04 2.545E-02 2.544E-02 
8.000E+00 2.020E-06 1.786E-02 9.405E-07 6.336E-03 2.527E-04 2.445E-02 2.445E-02 
9.000E+00 1.596E-06 1.642E-02 8.226E-07 6.985E-03 3.013E-04 2.371E-02 2.370E-02 
1.000E+01 1.293E-06 1.521E-02 7.307E-07 7.574E-03 3.476E-04 2.313E-02 2.313E-02 
1.100E+01 1.068E-06 1.419E-02 6.571E-07 8.110E-03 3.915E-04 2.269E-02 2.269E-02 
1.200E+01 8.977E-07 1.331E-02 5.969E-07 8.600E-03 4.331E-04 2.234E-02 2.234E-02 
1.300E+01 7.649E-07 1.253E-02 5.468E-07 9.056E-03 4.723E-04 2.206E-02 2.206E-02 
1.400E+01 6.596E-07 1.186E-02 5.045E-07 9.480E-03 5.097E-04 2.185E-02 2.185E-02 
1.500E+01 5.746E-07 1.126E-02 4.680E-07 9.876E-03 5.451E-04 2.168E-02 2.168E-02 
1.600E+01 5.050E-07 1.072E-02 4.366E-07 1.025E-02 5.790E-04 2.155E-02 2.155E-02 
1.800E+01 3.989E-07 9.799E-03 3.848E-07 1.093E-02 6.420E-04 2.137E-02 2.137E-02 
2.000E+01 3.233E-07 9.036E-03 3.442E-07 1.154E-02 6.995E-04 2.128E-02 2.127E-02 
2.200E+01 2.671E-07 8.392E-03 3.110E-07 1.209E-02 7.525E-04 2.124E-02 2.124E-02 
2.400E+01 2.245E-07 7.842E-03 2.837E-07 1.259E-02 8.013E-04 2.124E-02 2.124E-02 
2.600E+01 1.913E-07 7.364E-03 2.609E-07 1.305E-02 8.466E-04 2.126E-02 2.126E-02 
2.800E+01 1.649E-07 6.948E-03 2.415E-07 1.348E-02 8.890E-04 2.132E-02 2.132E-02 
3.000E+01 1.436E-07 6.578E-03 2.247E-07 1.387E-02 9.284E-04 2.138E-02 2.138E-02 
4.000E+01 8.080E-08 5.228E-03 1.668E-07 1.549E-02 1.094E-03 2.181E-02 2.181E-02 
5.000E+01 5.171E-08 4.363E-03 1.326E-07 1.670E-02 1.223E-03 2.229E-02 2.229E-02 
6.000E+01 3.590E-08 3.759E-03 1.101E-07 1.766E-02 1.326E-03 2.275E-02 2.275E-02 
8.000E+01 2.020E-08 2.966E-03 8.211E-08 1.911E-02 1.485E-03 2.356E-02 2.356E-02 
1.000E+02 1.293E-08 2.461E-03 6.549E-08 2.014E-02 1.604E-03 2.421E-02 2.421E-02 
1.500E+02 5.746E-09 1.753E-03 4.348E-08 2.181E-02 1.805E-03 2.537E-02 2.537E-02 
2.000E+02 3.231E-09 1.374E-03 3.253E-08 2.282E-02 1.934E-03 2.613E-02 2.613E-02 
3.000E+02 1.436E-09 9.740E-04 2.165E-08 2.402E-02 2.096E-03 2.709E-02 2.709E-02 
4.000E+02 8.080E-10 7.626E-04 1.622E-08 2.472E-02 2.197E-03 2.767E-02 2.767E-02 
5.000E+02 5.171E-10 6.313E-04 1.297E-08 2.517E-02 2.267E-03 2.807E-02 2.807E-02 
6.000E+02 3.590E-10 5.406E-04 1.080E-08 2.552E-02 2.318E-03 2.838E-02 2.838E-02 
8.000E+02 2.020E-10 4.222E-04 8.095E-09 2.597E-02 2.392E-03 2.878E-02 2.878E-02 
1.000E+03 1.293E-10 3.474E-04 6.474E-09 2.624E-02 2.441E-03 2.903E-02 2.903E-02 
1.500E+03 5.746E-11 2.426E-04 4.314E-09 2.669E-02 2.515E-03 2.944E-02 2.944E-02 
2.000E+03 3.231E-11 1.877E-04 3.236E-09 2.691E-02 2.560E-03 2.966E-02 2.966E-02 
3.000E+03 1.436E-11 1.306E-04 2.156E-09 2.716E-02 2.607E-03 2.989E-02 2.989E-02 
4.000E+03 8.080E-12 1.008E-04 1.617E-09 2.730E-02 2.636E-03 3.004E-02 3.004E-02 
5.000E+03 5.171E-12 8.238E-05 1.294E-09 2.738E-02 2.654E-03 3.012E-02 3.012E-02 
6.000E+03 3.590E-12 6.987E-05 1.078E-09 2.743E-02 2.666E-03 3.016E-02 3.016E-02 
8.000E+03 2.020E-12 5.382E-05 8.085E-10 2.753E-02 2.683E-03 3.026E-02 3.026E-02 
1.000E+04 1.293E-12 4.396E-05 6.467E-10 2.758E-02 2.693E-03 3.031E-02 3.031E-02 
1.500E+04 5.746E-13 3.038E-05 4.311E-10 2.763E-02 2.708E-03 3.037E-02 3.037E-02 
2.000E+04 3.231E-13 2.335E-05 3.233E-10 2.768E-02 2.716E-03 3.042E-02 3.042E-02 
3.000E+04 1.436E-13 1.610E-05 2.155E-10 2.770E-02 2.723E-03 3.044E-02 3.044E-02 
4.000E+04 8.080E-14 1.236E-05 1.616E-10 2.773E-02 2.730E-03 3.047E-02 3.047E-02 
5.000E+04 5.171E-14 1.007E-05 1.293E-10 2.775E-02 2.733E-03 3.049E-02 3.049E-02 
6.000E+04 3.590E-14 8.511E-06 1.078E-10 2.775E-02 2.735E-03 3.049E-02 3.049E-02 
8.000E+04 2.020E-14 6.526E-06 8.082E-11 2.775E-02 2.738E-03 3.050E-02 3.050E-02 
1.000E+05 1.293E-14 5.310E-06 6.467E-11 2.778E-02 2.738E-03 3.052E-02 3.052E-02 
