1.000E-03 3.034E+00 8.556E-03 2.828E+03 0.000E+00 0.000E+00 2.831E+03 2.828E+03 
1.500E-03 2.796E+00 1.691E-02 9.743E+02 0.000E+00 0.000E+00 9.772E+02 9.744E+02 
2.000E-03 2.531E+00 2.585E-02 4.495E+02 0.000E+00 0.000E+00 4.520E+02 4.495E+02 
2.822E-03 2.117E+00 3.973E-02 1.753E+02 0.000E+00 0.000E+00 1.775E+02 1.753E+02 
2.822E-03 2.117E+00 3.973E-02 1.634E+03 0.000E+00 0.000E+00 1.637E+03 1.634E+03 
3.000E-03 2.038E+00 4.248E-02 1.471E+03 0.000E+00 0.000E+00 1.473E+03 1.471E+03 
4.000E-03 1.662E+00 5.621E-02 7.020E+02 0.000E+00 0.000E+00 7.038E+02 7.021E+02 
5.000E-03 1.392E+00 6.710E-02 3.886E+02 0.000E+00 0.000E+00 3.901E+02 3.887E+02 
6.000E-03 1.196E+00 7.581E-02 2.371E+02 0.000E+00 0.000E+00 2.384E+02 2.372E+02 
8.000E-03 9.275E-01 8.935E-02 1.065E+02 0.000E+00 0.000E+00 1.075E+02 1.066E+02 
1.000E-02 7.415E-01 1.000E-01 5.641E+01 0.000E+00 0.000E+00 5.725E+01 5.651E+01 
1.500E-02 4.486E-01 1.191E-01 1.728E+01 0.000E+00 0.000E+00 1.784E+01 1.739E+01 
2.000E-02 2.956E-01 1.305E-01 7.314E+00 0.000E+00 0.000E+00 7.740E+00 7.445E+00 
3.000E-02 1.583E-01 1.411E-01 2.127E+00 0.000E+00 0.000E+00 2.426E+00 2.268E+00 
4.000E-02 1.000E-01 1.446E-01 8.719E-01 0.000E+00 0.000E+00 1.117E+00 1.017E+00 
5.000E-02 6.912E-02 1.454E-01 4.338E-01 0.000E+00 0.000E+00 6.483E-01 5.792E-01 
6.000E-02 5.052E-02 1.447E-01 2.443E-01 0.000E+00 0.000E+00 4.394E-01 3.889E-01 
8.000E-02 3.022E-02 1.411E-01 9.825E-02 0.000E+00 0.000E+00 2.696E-01 2.394E-01 
1.000E-01 2.004E-02 1.366E-01 4.834E-02 0.000E+00 0.000E+00 2.050E-01 1.850E-01 
1.500E-01 9.344E-03 1.253E-01 1.336E-02 0.000E+00 0.000E+00 1.480E-01 1.387E-01 
2.000E-01 5.378E-03 1.158E-01 5.419E-03 0.000E+00 0.000E+00 1.266E-01 1.212E-01 
3.000E-01 2.438E-03 1.013E-01 1.575E-03 0.000E+00 0.000E+00 1.054E-01 1.029E-01 
4.000E-01 1.382E-03 9.105E-02 6.852E-04 0.000E+00 0.000E+00 9.311E-02 9.173E-02 
5.000E-01 8.875E-04 8.327E-02 3.727E-04 0.000E+00 0.000E+00 8.453E-02 8.364E-02 
6.000E-01 6.176E-04 7.710E-02 2.334E-04 0.000E+00 0.000E+00 7.795E-02 7.733E-02 
8.000E-01 3.482E-04 6.779E-02 1.183E-04 0.000E+00 0.000E+00 6.826E-02 6.791E-02 
1.000E+00 2.230E-04 6.098E-02 7.357E-05 0.000E+00 0.000E+00 6.128E-02 6.105E-02 
1.022E+00 2.135E-04 6.034E-02 6.956E-05 0.000E+00 0.000E+00 6.062E-02 6.041E-02 
1.250E+00 1.429E-04 5.454E-02 4.712E-05 4.242E-05 0.000E+00 5.478E-02 5.463E-02 
1.500E+00 9.923E-05 4.958E-02 3.407E-05 2.271E-04 0.000E+00 4.994E-02 4.984E-02 
2.000E+00 5.583E-05 4.231E-02 2.118E-05 8.879E-04 0.000E+00 4.328E-02 4.322E-02 
2.044E+00 5.346E-05 4.180E-02 2.047E-05 9.567E-04 0.000E+00 4.283E-02 4.278E-02 
3.000E+00 2.482E-05 3.329E-02 1.164E-05 2.509E-03 1.165E-05 3.585E-02 3.583E-02 
4.000E+00 1.396E-05 2.777E-02 7.907E-06 4.043E-03 4.758E-05 3.188E-02 3.187E-02 
5.000E+00 8.938E-06 2.398E-02 5.954E-06 5.407E-03 9.478E-05 2.950E-02 2.949E-02 
6.000E+00 6.207E-06 2.120E-02 4.761E-06 6.625E-03 1.456E-04 2.798E-02 2.797E-02 
7.000E+00 4.561E-06 1.906E-02 3.963E-06 7.710E-03 1.962E-04 2.697E-02 2.697E-02 
8.000E+00 3.491E-06 1.734E-02 3.390E-06 8.685E-03 2.455E-04 2.628E-02 2.628E-02 
9.000E+00 2.759E-06 1.594E-02 2.961E-06 9.570E-03 2.925E-04 2.581E-02 2.581E-02 
1.000E+01 2.234E-06 1.477E-02 2.628E-06 1.037E-02 3.373E-04 2.549E-02 2.548E-02 
1.100E+01 1.846E-06 1.378E-02 2.361E-06 1.110E-02 3.800E-04 2.526E-02 2.526E-02 
1.200E+01 1.552E-06 1.292E-02 2.142E-06 1.177E-02 4.201E-04 2.511E-02 2.511E-02 
1.300E+01 1.322E-06 1.217E-02 1.962E-06 1.238E-02 4.581E-04 2.502E-02 2.502E-02 
1.400E+01 1.140E-06 1.152E-02 1.809E-06 1.296E-02 4.943E-04 2.497E-02 2.497E-02 
1.500E+01 9.932E-07 1.093E-02 1.677E-06 1.350E-02 5.286E-04 2.496E-02 2.496E-02 
1.600E+01 8.729E-07 1.041E-02 1.564E-06 1.400E-02 5.612E-04 2.498E-02 2.498E-02 
1.800E+01 6.896E-07 9.516E-03 1.377E-06 1.492E-02 6.220E-04 2.506E-02 2.506E-02 
2.000E+01 5.587E-07 8.775E-03 1.231E-06 1.575E-02 6.776E-04 2.520E-02 2.520E-02 
2.200E+01 4.617E-07 8.150E-03 1.112E-06 1.650E-02 7.285E-04 2.538E-02 2.538E-02 
2.400E+01 3.880E-07 7.617E-03 1.014E-06 1.717E-02 7.756E-04 2.557E-02 2.557E-02 
2.600E+01 3.306E-07 7.153E-03 9.322E-07 1.780E-02 8.193E-04 2.578E-02 2.577E-02 
2.800E+01 2.850E-07 6.747E-03 8.624E-07 1.836E-02 8.599E-04 2.597E-02 2.597E-02 
3.000E+01 2.483E-07 6.389E-03 8.023E-07 1.889E-02 8.977E-04 2.618E-02 2.618E-02 
4.000E+01 1.397E-07 5.077E-03 5.950E-07 2.108E-02 1.056E-03 2.721E-02 2.721E-02 
5.000E+01 8.938E-08 4.238E-03 4.727E-07 2.271E-02 1.179E-03 2.813E-02 2.813E-02 
6.000E+01 6.207E-08 3.652E-03 3.922E-07 2.398E-02 1.277E-03 2.891E-02 2.891E-02 
8.000E+01 3.491E-08 2.879E-03 2.925E-07 2.585E-02 1.427E-03 3.016E-02 3.016E-02 
1.000E+02 2.234E-08 2.390E-03 2.332E-07 2.721E-02 1.539E-03 3.114E-02 3.114E-02 
1.500E+02 9.930E-09 1.702E-03 1.547E-07 2.942E-02 1.728E-03 3.285E-02 3.285E-02 
2.000E+02 5.585E-09 1.334E-03 1.158E-07 3.078E-02 1.850E-03 3.396E-02 3.396E-02 
3.000E+02 2.483E-09 9.458E-04 7.700E-08 3.238E-02 2.004E-03 3.533E-02 3.533E-02 
4.000E+02 1.396E-09 7.408E-04 5.769E-08 3.329E-02 2.098E-03 3.613E-02 3.613E-02 
5.000E+02 8.938E-10 6.132E-04 4.612E-08 3.392E-02 2.162E-03 3.670E-02 3.670E-02 
6.000E+02 6.207E-10 5.250E-04 3.841E-08 3.436E-02 2.212E-03 3.710E-02 3.710E-02 
8.000E+02 3.491E-10 4.101E-04 2.879E-08 3.496E-02 2.278E-03 3.765E-02 3.765E-02 
1.000E+03 2.234E-10 3.373E-04 2.303E-08 3.535E-02 2.322E-03 3.801E-02 3.801E-02 
1.500E+03 9.930E-11 2.356E-04 1.534E-08 3.591E-02 2.390E-03 3.853E-02 3.853E-02 
2.000E+03 5.585E-11 1.823E-04 1.150E-08 3.622E-02 2.427E-03 3.882E-02 3.882E-02 
3.000E+03 2.483E-11 1.268E-04 7.668E-09 3.654E-02 2.470E-03 3.913E-02 3.913E-02 
4.000E+03 1.396E-11 9.786E-05 5.750E-09 3.672E-02 2.495E-03 3.932E-02 3.932E-02 
5.000E+03 8.938E-12 8.001E-05 4.600E-09 3.684E-02 2.511E-03 3.943E-02 3.943E-02 
6.000E+03 6.207E-12 6.784E-05 3.834E-09 3.691E-02 2.521E-03 3.950E-02 3.950E-02 
8.000E+03 3.491E-12 5.228E-05 2.874E-09 3.703E-02 2.534E-03 3.962E-02 3.962E-02 
1.000E+04 2.234E-12 4.269E-05 2.300E-09 3.708E-02 2.543E-03 3.967E-02 3.967E-02 
1.500E+04 9.930E-13 2.949E-05 1.533E-09 3.718E-02 2.556E-03 3.977E-02 3.977E-02 
2.000E+04 5.585E-13 2.268E-05 1.150E-09 3.723E-02 2.563E-03 3.982E-02 3.982E-02 
3.000E+04 2.483E-13 1.564E-05 7.666E-10 3.729E-02 2.570E-03 3.987E-02 3.987E-02 
4.000E+04 1.396E-13 1.201E-05 5.748E-10 3.730E-02 2.573E-03 3.989E-02 3.989E-02 
5.000E+04 8.938E-14 9.777E-06 4.598E-10 3.732E-02 2.577E-03 3.991E-02 3.991E-02 
6.000E+04 6.207E-14 8.266E-06 3.832E-10 3.734E-02 2.579E-03 3.992E-02 3.992E-02 
8.000E+04 3.491E-14 6.338E-06 2.874E-10 3.735E-02 2.580E-03 3.994E-02 3.994E-02 
1.000E+05 2.234E-14 5.155E-06 2.300E-10 3.735E-02 2.582E-03 3.994E-02 3.994E-02 
