1.000E-03 3.468E-01 5.033E-02 6.817E+00 0.000E+00 0.000E+00 7.214E+00 6.867E+00 
1.500E-03 2.978E-01 9.858E-02 1.752E+00 0.000E+00 0.000E+00 2.148E+00 1.850E+00 
2.000E-03 2.474E-01 1.481E-01 6.638E-01 0.000E+00 0.000E+00 1.059E+00 8.118E-01 
3.000E-03 1.651E-01 2.284E-01 1.677E-01 0.000E+00 0.000E+00 5.611E-01 3.960E-01 
4.000E-03 1.124E-01 2.793E-01 6.291E-02 0.000E+00 0.000E+00 4.546E-01 3.422E-01 
5.000E-03 8.012E-02 3.099E-01 2.932E-02 0.000E+00 0.000E+00 4.193E-01 3.392E-01 
6.000E-03 5.968E-02 3.288E-01 1.570E-02 0.000E+00 0.000E+00 4.042E-01 3.445E-01 
8.000E-03 3.660E-02 3.489E-01 5.865E-03 0.000E+00 0.000E+00 3.914E-01 3.548E-01 
1.000E-02 2.462E-02 3.581E-01 2.723E-03 0.000E+00 0.000E+00 3.854E-01 3.608E-01 
1.500E-02 1.161E-02 3.642E-01 6.739E-04 0.000E+00 0.000E+00 3.764E-01 3.648E-01 
2.000E-02 6.686E-03 3.625E-01 2.499E-04 0.000E+00 0.000E+00 3.695E-01 3.628E-01 
3.000E-02 3.024E-03 3.539E-01 6.166E-05 0.000E+00 0.000E+00 3.570E-01 3.540E-01 
4.000E-02 1.712E-03 3.441E-01 2.284E-05 0.000E+00 0.000E+00 3.458E-01 3.441E-01 
5.000E-02 1.099E-03 3.344E-01 1.058E-05 0.000E+00 0.000E+00 3.355E-01 3.344E-01 
6.000E-02 7.648E-04 3.253E-01 5.649E-06 0.000E+00 0.000E+00 3.260E-01 3.253E-01 
8.000E-02 4.308E-04 3.087E-01 2.105E-06 0.000E+00 0.000E+00 3.091E-01 3.087E-01 
1.000E-01 2.760E-04 2.941E-01 9.822E-07 0.000E+00 0.000E+00 2.944E-01 2.941E-01 
1.500E-01 1.228E-04 2.650E-01 2.495E-07 0.000E+00 0.000E+00 2.651E-01 2.650E-01 
2.000E-01 6.907E-05 2.428E-01 9.625E-08 0.000E+00 0.000E+00 2.429E-01 2.428E-01 
3.000E-01 3.070E-05 2.112E-01 2.637E-08 0.000E+00 0.000E+00 2.112E-01 2.112E-01 
4.000E-01 1.727E-05 1.893E-01 1.110E-08 0.000E+00 0.000E+00 1.893E-01 1.893E-01 
5.000E-01 1.105E-05 1.728E-01 5.931E-09 0.000E+00 0.000E+00 1.729E-01 1.728E-01 
6.000E-01 7.677E-06 1.599E-01 3.679E-09 0.000E+00 0.000E+00 1.599E-01 1.599E-01 
8.000E-01 4.318E-06 1.405E-01 1.863E-09 0.000E+00 0.000E+00 1.405E-01 1.405E-01 
1.000E+00 2.763E-06 1.263E-01 1.172E-09 0.000E+00 0.000E+00 1.263E-01 1.263E-01 
1.022E+00 2.646E-06 1.250E-01 1.123E-09 0.000E+00 0.000E+00 1.250E-01 1.250E-01 
1.250E+00 1.769E-06 1.129E-01 7.791E-10 4.663E-06 0.000E+00 1.129E-01 1.129E-01 
1.500E+00 1.228E-06 1.026E-01 5.815E-10 2.620E-05 0.000E+00 1.027E-01 1.027E-01 
2.000E+00 6.907E-07 8.759E-02 3.705E-10 1.050E-04 0.000E+00 8.769E-02 8.769E-02 
2.044E+00 6.614E-07 8.651E-02 3.587E-10 1.132E-04 0.000E+00 8.663E-02 8.663E-02 
3.000E+00 3.070E-07 6.889E-02 2.105E-10 3.016E-04 2.411E-05 6.921E-02 6.921E-02 
4.000E+00 1.727E-07 5.748E-02 1.460E-10 4.900E-04 9.840E-05 5.807E-02 5.807E-02 
5.000E+00 1.105E-07 4.964E-02 1.115E-10 6.584E-04 1.961E-04 5.049E-02 5.049E-02 
6.000E+00 7.677E-08 4.387E-02 9.010E-11 8.096E-04 3.012E-04 4.498E-02 4.498E-02 
7.000E+00 5.640E-08 3.943E-02 7.552E-11 9.440E-04 4.062E-04 4.078E-02 4.078E-02 
8.000E+00 4.318E-08 3.589E-02 6.500E-11 1.066E-03 5.080E-04 3.746E-02 3.746E-02 
9.000E+00 3.412E-08 3.299E-02 5.703E-11 1.177E-03 6.058E-04 3.478E-02 3.478E-02 
1.000E+01 2.763E-08 3.057E-02 5.080E-11 1.277E-03 6.990E-04 3.254E-02 3.254E-02 
1.100E+01 2.284E-08 2.851E-02 4.580E-11 1.369E-03 7.875E-04 3.067E-02 3.067E-02 
1.200E+01 1.919E-08 2.674E-02 4.169E-11 1.454E-03 8.711E-04 2.906E-02 2.906E-02 
1.300E+01 1.635E-08 2.519E-02 3.824E-11 1.533E-03 9.500E-04 2.767E-02 2.767E-02 
1.400E+01 1.410E-08 2.383E-02 3.533E-11 1.606E-03 1.025E-03 2.646E-02 2.646E-02 
1.500E+01 1.228E-08 2.262E-02 3.283E-11 1.675E-03 1.097E-03 2.539E-02 2.539E-02 
1.600E+01 1.080E-08 2.154E-02 3.066E-11 1.740E-03 1.166E-03 2.445E-02 2.445E-02 
1.800E+01 8.532E-09 1.969E-02 2.707E-11 1.859E-03 1.293E-03 2.284E-02 2.284E-02 
2.000E+01 6.907E-09 1.816E-02 2.424E-11 1.967E-03 1.409E-03 2.153E-02 2.153E-02 
2.200E+01 5.709E-09 1.687E-02 2.194E-11 2.065E-03 1.517E-03 2.045E-02 2.045E-02 
2.400E+01 4.798E-09 1.576E-02 2.004E-11 2.156E-03 1.617E-03 1.953E-02 1.953E-02 
2.600E+01 4.088E-09 1.480E-02 1.844E-11 2.239E-03 1.710E-03 1.875E-02 1.875E-02 
2.800E+01 3.524E-09 1.396E-02 1.708E-11 2.316E-03 1.797E-03 1.807E-02 1.807E-02 
3.000E+01 3.070E-09 1.322E-02 1.590E-11 2.389E-03 1.878E-03 1.748E-02 1.748E-02 
4.000E+01 1.727E-09 1.050E-02 1.184E-11 2.692E-03 2.222E-03 1.542E-02 1.542E-02 
5.000E+01 1.105E-09 8.771E-03 9.422E-12 2.929E-03 2.493E-03 1.419E-02 1.419E-02 
6.000E+01 7.672E-10 7.552E-03 7.827E-12 3.122E-03 2.716E-03 1.339E-02 1.339E-02 
8.000E+01 4.315E-10 5.958E-03 5.847E-12 3.424E-03 3.069E-03 1.245E-02 1.245E-02 
1.000E+02 2.760E-10 4.945E-03 4.667E-12 3.654E-03 3.342E-03 1.194E-02 1.194E-02 
1.500E+02 1.227E-10 3.521E-03 3.101E-12 4.051E-03 3.831E-03 1.140E-02 1.140E-02 
2.000E+02 6.901E-11 2.761E-03 2.322E-12 4.310E-03 4.168E-03 1.124E-02 1.124E-02 
3.000E+02 3.067E-11 1.957E-03 1.546E-12 4.632E-03 4.619E-03 1.121E-02 1.121E-02 
4.000E+02 1.725E-11 1.533E-03 1.158E-12 4.827E-03 4.913E-03 1.127E-02 1.127E-02 
5.000E+02 1.104E-11 1.268E-03 9.261E-13 4.959E-03 5.123E-03 1.135E-02 1.135E-02 
6.000E+02 7.666E-12 1.086E-03 7.713E-13 5.055E-03 5.282E-03 1.142E-02 1.142E-02 
8.000E+02 4.313E-12 8.484E-04 5.785E-13 5.186E-03 5.510E-03 1.154E-02 1.154E-02 
1.000E+03 2.760E-12 6.978E-04 4.627E-13 5.272E-03 5.667E-03 1.164E-02 1.164E-02 
1.500E+03 1.227E-12 4.875E-04 3.084E-13 5.398E-03 5.908E-03 1.179E-02 1.179E-02 
2.000E+03 6.901E-13 3.772E-04 2.312E-13 5.469E-03 6.046E-03 1.189E-02 1.189E-02 
3.000E+03 3.067E-13 2.623E-04 1.541E-13 5.543E-03 6.202E-03 1.201E-02 1.201E-02 
4.000E+03 1.725E-13 2.025E-04 1.156E-13 5.588E-03 6.291E-03 1.208E-02 1.208E-02 
5.000E+03 1.104E-13 1.656E-04 9.249E-14 5.614E-03 6.351E-03 1.213E-02 1.213E-02 
6.000E+03 7.666E-14 1.404E-04 7.707E-14 5.633E-03 6.393E-03 1.217E-02 1.217E-02 
8.000E+03 4.313E-14 1.081E-04 5.778E-14 5.657E-03 6.447E-03 1.221E-02 1.221E-02 
1.000E+04 2.760E-14 8.831E-05 4.623E-14 5.673E-03 6.483E-03 1.224E-02 1.224E-02 
1.500E+04 1.227E-14 6.100E-05 3.082E-14 5.693E-03 6.530E-03 1.228E-02 1.228E-02 
2.000E+04 6.901E-15 4.692E-05 2.311E-14 5.705E-03 6.554E-03 1.231E-02 1.231E-02 
3.000E+04 3.067E-15 3.236E-05 1.541E-14 5.716E-03 6.584E-03 1.233E-02 1.233E-02 
4.000E+04 1.725E-15 2.484E-05 1.156E-14 5.724E-03 6.602E-03 1.235E-02 1.235E-02 
5.000E+04 1.104E-15 2.023E-05 9.243E-15 5.729E-03 6.608E-03 1.236E-02 1.236E-02 
6.000E+04 7.666E-16 1.710E-05 7.701E-15 5.731E-03 6.620E-03 1.237E-02 1.237E-02 
8.000E+04 4.313E-16 1.311E-05 5.778E-15 5.734E-03 6.626E-03 1.237E-02 1.237E-02 
1.000E+05 2.760E-16 1.066E-05 4.622E-15 5.736E-03 6.632E-03 1.238E-02 1.238E-02 
