1.000E-03 3.347E+00 1.216E-02 4.054E+03 0.000E+00 0.000E+00 4.057E+03 4.054E+03 
1.500E-03 3.079E+00 1.958E-02 1.415E+03 0.000E+00 0.000E+00 1.418E+03 1.415E+03 
2.000E-03 2.817E+00 2.703E-02 6.565E+02 0.000E+00 0.000E+00 6.593E+02 6.565E+02 
3.000E-03 2.327E+00 4.162E-02 2.175E+02 0.000E+00 0.000E+00 2.199E+02 2.175E+02 
3.607E-03 2.065E+00 4.977E-02 1.306E+02 0.000E+00 0.000E+00 1.327E+02 1.307E+02 
3.607E-03 2.065E+00 4.977E-02 1.199E+03 0.000E+00 0.000E+00 1.201E+03 1.199E+03 
4.000E-03 1.916E+00 5.463E-02 9.235E+02 0.000E+00 0.000E+00 9.255E+02 9.236E+02 
5.000E-03 1.599E+00 6.577E-02 5.172E+02 0.000E+00 0.000E+00 5.189E+02 5.173E+02 
6.000E-03 1.360E+00 7.507E-02 3.190E+02 0.000E+00 0.000E+00 3.204E+02 3.191E+02 
8.000E-03 1.042E+00 8.932E-02 1.458E+02 0.000E+00 0.000E+00 1.469E+02 1.458E+02 
1.000E-02 8.362E-01 9.984E-02 7.814E+01 0.000E+00 0.000E+00 7.907E+01 7.824E+01 
1.500E-02 5.226E-01 1.182E-01 2.438E+01 0.000E+00 0.000E+00 2.502E+01 2.450E+01 
2.000E-02 3.490E-01 1.297E-01 1.045E+01 0.000E+00 0.000E+00 1.093E+01 1.058E+01 
3.000E-02 1.873E-01 1.410E-01 3.084E+00 0.000E+00 0.000E+00 3.412E+00 3.225E+00 
4.000E-02 1.185E-01 1.449E-01 1.277E+00 0.000E+00 0.000E+00 1.541E+00 1.422E+00 
5.000E-02 8.214E-02 1.458E-01 6.398E-01 0.000E+00 0.000E+00 8.678E-01 7.857E-01 
6.000E-02 6.030E-02 1.453E-01 3.623E-01 0.000E+00 0.000E+00 5.678E-01 5.075E-01 
8.000E-02 3.629E-02 1.421E-01 1.468E-01 0.000E+00 0.000E+00 3.251E-01 2.889E-01 
1.000E-01 2.414E-02 1.377E-01 7.264E-02 0.000E+00 0.000E+00 2.345E-01 2.104E-01 
1.500E-01 1.129E-02 1.266E-01 2.025E-02 0.000E+00 0.000E+00 1.582E-01 1.469E-01 
2.000E-01 6.511E-03 1.171E-01 8.256E-03 0.000E+00 0.000E+00 1.319E-01 1.253E-01 
3.000E-01 2.959E-03 1.026E-01 2.415E-03 0.000E+00 0.000E+00 1.080E-01 1.050E-01 
4.000E-01 1.679E-03 9.222E-02 1.054E-03 0.000E+00 0.000E+00 9.495E-02 9.327E-02 
5.000E-01 1.079E-03 8.434E-02 5.747E-04 0.000E+00 0.000E+00 8.600E-02 8.492E-02 
6.000E-01 7.515E-04 7.811E-02 3.601E-04 0.000E+00 0.000E+00 7.922E-02 7.847E-02 
8.000E-01 4.237E-04 6.868E-02 1.828E-04 0.000E+00 0.000E+00 6.929E-02 6.886E-02 
1.000E+00 2.715E-04 6.178E-02 1.137E-04 0.000E+00 0.000E+00 6.216E-02 6.189E-02 
1.022E+00 2.600E-04 6.113E-02 1.076E-04 0.000E+00 0.000E+00 6.150E-02 6.124E-02 
1.250E+00 1.739E-04 5.526E-02 7.287E-05 4.906E-05 0.000E+00 5.556E-02 5.539E-02 
1.500E+00 1.208E-04 5.024E-02 5.266E-05 2.601E-04 0.000E+00 5.068E-02 5.056E-02 
2.000E+00 6.799E-05 4.288E-02 3.267E-05 1.013E-03 0.000E+00 4.399E-02 4.393E-02 
2.044E+00 6.509E-05 4.236E-02 3.158E-05 1.091E-03 0.000E+00 4.355E-02 4.348E-02 
3.000E+00 3.022E-05 3.375E-02 1.790E-05 2.849E-03 1.181E-05 3.666E-02 3.663E-02 
4.000E+00 1.700E-05 2.816E-02 1.213E-05 4.585E-03 4.821E-05 3.282E-02 3.280E-02 
5.000E+00 1.088E-05 2.431E-02 9.123E-06 6.124E-03 9.605E-05 3.055E-02 3.053E-02 
6.000E+00 7.558E-06 2.149E-02 7.288E-06 7.500E-03 1.475E-04 2.915E-02 2.914E-02 
7.000E+00 5.553E-06 1.931E-02 6.061E-06 8.722E-03 1.988E-04 2.825E-02 2.824E-02 
8.000E+00 4.251E-06 1.757E-02 5.181E-06 9.824E-03 2.486E-04 2.766E-02 2.765E-02 
9.000E+00 3.359E-06 1.616E-02 4.524E-06 1.082E-02 2.963E-04 2.728E-02 2.728E-02 
1.000E+01 2.722E-06 1.497E-02 4.012E-06 1.172E-02 3.418E-04 2.704E-02 2.704E-02 
1.100E+01 2.249E-06 1.396E-02 3.604E-06 1.255E-02 3.849E-04 2.690E-02 2.690E-02 
1.200E+01 1.890E-06 1.310E-02 3.270E-06 1.330E-02 4.256E-04 2.682E-02 2.682E-02 
1.300E+01 1.610E-06 1.234E-02 2.993E-06 1.399E-02 4.639E-04 2.680E-02 2.680E-02 
1.400E+01 1.388E-06 1.167E-02 2.759E-06 1.464E-02 5.006E-04 2.682E-02 2.682E-02 
1.500E+01 1.209E-06 1.108E-02 2.558E-06 1.525E-02 5.352E-04 2.687E-02 2.687E-02 
1.600E+01 1.063E-06 1.055E-02 2.384E-06 1.582E-02 5.684E-04 2.694E-02 2.694E-02 
1.800E+01 8.397E-07 9.644E-03 2.099E-06 1.685E-02 6.298E-04 2.713E-02 2.713E-02 
2.000E+01 6.802E-07 8.893E-03 1.876E-06 1.779E-02 6.859E-04 2.737E-02 2.737E-02 
2.200E+01 5.622E-07 8.260E-03 1.694E-06 1.862E-02 7.375E-04 2.762E-02 2.762E-02 
2.400E+01 4.724E-07 7.718E-03 1.545E-06 1.939E-02 7.851E-04 2.790E-02 2.790E-02 
2.600E+01 4.025E-07 7.248E-03 1.420E-06 2.008E-02 8.291E-04 2.816E-02 2.816E-02 
2.800E+01 3.470E-07 6.837E-03 1.314E-06 2.073E-02 8.701E-04 2.844E-02 2.844E-02 
3.000E+01 3.024E-07 6.474E-03 1.222E-06 2.132E-02 9.083E-04 2.870E-02 2.870E-02 
4.000E+01 1.700E-07 5.144E-03 9.060E-07 2.377E-02 1.068E-03 2.998E-02 2.998E-02 
5.000E+01 1.088E-07 4.294E-03 7.198E-07 2.560E-02 1.191E-03 3.109E-02 3.109E-02 
6.000E+01 7.558E-08 3.700E-03 5.970E-07 2.702E-02 1.290E-03 3.201E-02 3.201E-02 
8.000E+01 4.251E-08 2.919E-03 4.451E-07 2.913E-02 1.441E-03 3.349E-02 3.349E-02 
1.000E+02 2.720E-08 2.423E-03 3.547E-07 3.065E-02 1.554E-03 3.463E-02 3.463E-02 
1.500E+02 1.209E-08 1.725E-03 2.354E-07 3.312E-02 1.744E-03 3.658E-02 3.658E-02 
2.000E+02 6.802E-09 1.352E-03 1.761E-07 3.462E-02 1.865E-03 3.784E-02 3.784E-02 
3.000E+02 3.024E-09 9.585E-04 1.171E-07 3.641E-02 2.019E-03 3.939E-02 3.939E-02 
4.000E+02 1.700E-09 7.507E-04 8.775E-08 3.746E-02 2.112E-03 4.032E-02 4.032E-02 
5.000E+02 1.088E-09 6.215E-04 7.014E-08 3.814E-02 2.178E-03 4.094E-02 4.094E-02 
6.000E+02 7.558E-10 5.320E-04 5.842E-08 3.865E-02 2.226E-03 4.140E-02 4.140E-02 
8.000E+02 4.251E-10 4.156E-04 4.379E-08 3.931E-02 2.293E-03 4.202E-02 4.202E-02 
1.000E+03 2.720E-10 3.419E-04 3.503E-08 3.974E-02 2.338E-03 4.242E-02 4.242E-02 
1.500E+03 1.209E-10 2.387E-04 2.333E-08 4.037E-02 2.407E-03 4.302E-02 4.302E-02 
2.000E+03 6.802E-11 1.848E-04 1.750E-08 4.072E-02 2.447E-03 4.336E-02 4.336E-02 
3.000E+03 3.024E-11 1.285E-04 1.166E-08 4.109E-02 2.491E-03 4.371E-02 4.371E-02 
4.000E+03 1.700E-11 9.918E-05 8.747E-09 4.129E-02 2.517E-03 4.391E-02 4.391E-02 
5.000E+03 1.088E-11 8.109E-05 6.996E-09 4.142E-02 2.532E-03 4.403E-02 4.403E-02 
6.000E+03 7.558E-12 6.876E-05 5.830E-09 4.151E-02 2.543E-03 4.412E-02 4.412E-02 
8.000E+03 4.251E-12 5.298E-05 4.373E-09 4.163E-02 2.558E-03 4.424E-02 4.424E-02 
1.000E+04 2.720E-12 4.325E-05 3.498E-09 4.171E-02 2.568E-03 4.432E-02 4.432E-02 
1.500E+04 1.209E-12 2.990E-05 2.332E-09 4.180E-02 2.581E-03 4.441E-02 4.441E-02 
2.000E+04 6.802E-13 2.298E-05 1.748E-09 4.186E-02 2.589E-03 4.448E-02 4.448E-02 
3.000E+04 3.024E-13 1.585E-05 1.166E-09 4.193E-02 2.597E-03 4.454E-02 4.454E-02 
4.000E+04 1.700E-13 1.217E-05 8.744E-10 4.196E-02 2.601E-03 4.457E-02 4.457E-02 
5.000E+04 1.088E-13 9.908E-06 6.994E-10 4.197E-02 2.605E-03 4.459E-02 4.459E-02 
6.000E+04 7.558E-14 8.376E-06 5.828E-10 4.199E-02 2.606E-03 4.460E-02 4.460E-02 
8.000E+04 4.251E-14 6.423E-06 4.371E-10 4.200E-02 2.608E-03 4.462E-02 4.462E-02 
1.000E+05 2.720E-14 5.225E-06 3.498E-10 4.200E-02 2.609E-03 4.462E-02 4.462E-02 
