1.000E-03 1.919E+00 1.270E-02 6.523E+02 0.000E+00 0.000E+00 6.542E+02 6.523E+02 
1.035E-03 1.909E+00 1.326E-02 5.939E+02 0.000E+00 0.000E+00 5.958E+02 5.939E+02 
1.072E-03 1.898E+00 1.384E-02 5.412E+02 0.000E+00 0.000E+00 5.431E+02 5.412E+02 
1.072E-03 1.898E+00 1.384E-02 6.433E+03 0.000E+00 0.000E+00 6.435E+03 6.433E+03 
1.500E-03 1.775E+00 1.994E-02 3.193E+03 0.000E+00 0.000E+00 3.195E+03 3.193E+03 
2.000E-03 1.641E+00 2.638E-02 1.519E+03 0.000E+00 0.000E+00 1.521E+03 1.519E+03 
3.000E-03 1.403E+00 3.948E-02 5.056E+02 0.000E+00 0.000E+00 5.070E+02 5.056E+02 
4.000E-03 1.185E+00 5.284E-02 2.249E+02 0.000E+00 0.000E+00 2.261E+02 2.250E+02 
5.000E-03 9.925E-01 6.557E-02 1.183E+02 0.000E+00 0.000E+00 1.194E+02 1.184E+02 
6.000E-03 8.306E-01 7.717E-02 6.939E+01 0.000E+00 0.000E+00 7.030E+01 6.947E+01 
8.000E-03 5.931E-01 9.624E-02 2.950E+01 0.000E+00 0.000E+00 3.018E+01 2.959E+01 
1.000E-02 4.409E-01 1.101E-01 1.502E+01 0.000E+00 0.000E+00 1.557E+01 1.513E+01 
1.500E-02 2.470E-01 1.300E-01 4.317E+00 0.000E+00 0.000E+00 4.694E+00 4.447E+00 
2.000E-02 1.612E-01 1.397E-01 1.756E+00 0.000E+00 0.000E+00 2.057E+00 1.896E+00 
3.000E-02 8.597E-02 1.484E-01 4.854E-01 0.000E+00 0.000E+00 7.198E-01 6.338E-01 
4.000E-02 5.325E-02 1.509E-01 1.927E-01 0.000E+00 0.000E+00 3.969E-01 3.437E-01 
5.000E-02 3.607E-02 1.506E-01 9.370E-02 0.000E+00 0.000E+00 2.804E-01 2.443E-01 
6.000E-02 2.600E-02 1.489E-01 5.187E-02 0.000E+00 0.000E+00 2.268E-01 2.008E-01 
8.000E-02 1.533E-02 1.440E-01 2.032E-02 0.000E+00 0.000E+00 1.796E-01 1.643E-01 
1.000E-01 1.009E-02 1.386E-01 9.826E-03 0.000E+00 0.000E+00 1.585E-01 1.484E-01 
1.500E-01 4.642E-03 1.262E-01 2.638E-03 0.000E+00 0.000E+00 1.335E-01 1.289E-01 
2.000E-01 2.648E-03 1.162E-01 1.053E-03 0.000E+00 0.000E+00 1.199E-01 1.173E-01 
3.000E-01 1.191E-03 1.015E-01 2.999E-04 0.000E+00 0.000E+00 1.029E-01 1.018E-01 
4.000E-01 6.727E-04 9.105E-02 1.292E-04 0.000E+00 0.000E+00 9.186E-02 9.118E-02 
5.000E-01 4.314E-04 8.322E-02 6.989E-05 0.000E+00 0.000E+00 8.372E-02 8.329E-02 
6.000E-01 2.999E-04 7.701E-02 4.359E-05 0.000E+00 0.000E+00 7.736E-02 7.706E-02 
8.000E-01 1.689E-04 6.769E-02 2.203E-05 0.000E+00 0.000E+00 6.788E-02 6.771E-02 
1.000E+00 1.081E-04 6.088E-02 1.369E-05 0.000E+00 0.000E+00 6.100E-02 6.089E-02 
1.022E+00 1.035E-04 6.022E-02 1.287E-05 0.000E+00 0.000E+00 6.034E-02 6.023E-02 
1.250E+00 6.923E-05 5.443E-02 8.731E-06 2.585E-05 0.000E+00 5.454E-02 5.447E-02 
1.500E+00 4.809E-05 4.948E-02 6.329E-06 1.421E-04 0.000E+00 4.968E-02 4.963E-02 
2.000E+00 2.706E-05 4.223E-02 3.963E-06 5.640E-04 0.000E+00 4.282E-02 4.279E-02 
2.044E+00 2.590E-05 4.170E-02 3.832E-06 6.080E-04 0.000E+00 4.234E-02 4.231E-02 
3.000E+00 1.202E-05 3.324E-02 2.200E-06 1.608E-03 1.163E-05 3.488E-02 3.486E-02 
4.000E+00 6.764E-06 2.771E-02 1.504E-06 2.604E-03 4.747E-05 3.037E-02 3.037E-02 
5.000E+00 4.330E-06 2.394E-02 1.138E-06 3.492E-03 9.459E-05 2.753E-02 2.752E-02 
6.000E+00 3.007E-06 2.116E-02 9.132E-07 4.285E-03 1.453E-04 2.559E-02 2.559E-02 
7.000E+00 2.209E-06 1.902E-02 7.617E-07 4.993E-03 1.959E-04 2.421E-02 2.421E-02 
8.000E+00 1.691E-06 1.731E-02 6.530E-07 5.632E-03 2.450E-04 2.319E-02 2.318E-02 
9.000E+00 1.336E-06 1.591E-02 5.713E-07 6.208E-03 2.921E-04 2.241E-02 2.241E-02 
1.000E+01 1.082E-06 1.474E-02 5.074E-07 6.735E-03 3.369E-04 2.181E-02 2.181E-02 
1.100E+01 8.946E-07 1.375E-02 4.566E-07 7.211E-03 3.796E-04 2.134E-02 2.134E-02 
1.200E+01 7.515E-07 1.289E-02 4.147E-07 7.649E-03 4.199E-04 2.096E-02 2.096E-02 
1.300E+01 6.405E-07 1.215E-02 3.801E-07 8.055E-03 4.579E-04 2.066E-02 2.066E-02 
1.400E+01 5.522E-07 1.149E-02 3.505E-07 8.432E-03 4.940E-04 2.042E-02 2.042E-02 
1.500E+01 4.809E-07 1.091E-02 3.253E-07 8.786E-03 5.286E-04 2.023E-02 2.022E-02 
1.600E+01 4.228E-07 1.039E-02 3.036E-07 9.116E-03 5.614E-04 2.007E-02 2.007E-02 
1.800E+01 3.340E-07 9.496E-03 2.674E-07 9.724E-03 6.224E-04 1.984E-02 1.984E-02 
2.000E+01 2.706E-07 8.757E-03 2.392E-07 1.027E-02 6.782E-04 1.970E-02 1.970E-02 
2.200E+01 2.236E-07 8.134E-03 2.163E-07 1.076E-02 7.295E-04 1.962E-02 1.962E-02 
2.400E+01 1.879E-07 7.599E-03 1.974E-07 1.121E-02 7.769E-04 1.959E-02 1.959E-02 
2.600E+01 1.601E-07 7.135E-03 1.815E-07 1.162E-02 8.212E-04 1.957E-02 1.957E-02 
2.800E+01 1.380E-07 6.732E-03 1.680E-07 1.200E-02 8.621E-04 1.959E-02 1.959E-02 
3.000E+01 1.203E-07 6.376E-03 1.563E-07 1.235E-02 9.006E-04 1.962E-02 1.962E-02 
4.000E+01 6.764E-08 5.066E-03 1.160E-07 1.379E-02 1.062E-03 1.992E-02 1.992E-02 
5.000E+01 4.330E-08 4.228E-03 9.228E-08 1.488E-02 1.187E-03 2.029E-02 2.029E-02 
6.000E+01 3.007E-08 3.644E-03 7.659E-08 1.574E-02 1.287E-03 2.067E-02 2.067E-02 
8.000E+01 1.691E-08 2.874E-03 5.716E-08 1.703E-02 1.443E-03 2.135E-02 2.135E-02 
1.000E+02 1.082E-08 2.385E-03 4.558E-08 1.796E-02 1.559E-03 2.191E-02 2.191E-02 
1.500E+02 4.809E-09 1.698E-03 3.026E-08 1.947E-02 1.756E-03 2.293E-02 2.293E-02 
2.000E+02 2.706E-09 1.331E-03 2.265E-08 2.039E-02 1.882E-03 2.360E-02 2.360E-02 
3.000E+02 1.202E-09 9.438E-04 1.507E-08 2.147E-02 2.041E-03 2.445E-02 2.445E-02 
4.000E+02 6.764E-10 7.392E-04 1.129E-08 2.209E-02 2.138E-03 2.497E-02 2.497E-02 
5.000E+02 4.327E-10 6.119E-04 9.024E-09 2.251E-02 2.205E-03 2.532E-02 2.532E-02 
6.000E+02 3.007E-10 5.239E-04 7.518E-09 2.280E-02 2.254E-03 2.558E-02 2.558E-02 
8.000E+02 1.691E-10 4.092E-04 5.635E-09 2.320E-02 2.323E-03 2.593E-02 2.593E-02 
1.000E+03 1.082E-10 3.366E-04 4.508E-09 2.346E-02 2.370E-03 2.617E-02 2.617E-02 
1.500E+03 4.809E-11 2.351E-04 3.005E-09 2.383E-02 2.441E-03 2.651E-02 2.651E-02 
2.000E+03 2.706E-11 1.819E-04 2.252E-09 2.404E-02 2.481E-03 2.670E-02 2.670E-02 
3.000E+03 1.202E-11 1.265E-04 1.501E-09 2.426E-02 2.526E-03 2.692E-02 2.692E-02 
4.000E+03 6.764E-12 9.765E-05 1.126E-09 2.438E-02 2.552E-03 2.703E-02 2.703E-02 
5.000E+03 4.327E-12 7.984E-05 9.006E-10 2.446E-02 2.569E-03 2.711E-02 2.711E-02 
6.000E+03 3.007E-12 6.771E-05 7.505E-10 2.451E-02 2.580E-03 2.716E-02 2.716E-02 
8.000E+03 1.691E-12 5.215E-05 5.627E-10 2.458E-02 2.596E-03 2.723E-02 2.723E-02 
1.000E+04 1.082E-12 4.259E-05 4.503E-10 2.462E-02 2.606E-03 2.727E-02 2.727E-02 
1.500E+04 4.809E-13 2.944E-05 3.002E-10 2.469E-02 2.619E-03 2.733E-02 2.733E-02 
2.000E+04 2.706E-13 2.263E-05 2.251E-10 2.472E-02 2.627E-03 2.737E-02 2.737E-02 
3.000E+04 1.202E-13 1.560E-05 1.500E-10 2.475E-02 2.635E-03 2.740E-02 2.740E-02 
4.000E+04 6.764E-14 1.198E-05 1.125E-10 2.477E-02 2.640E-03 2.742E-02 2.742E-02 
5.000E+04 4.327E-14 9.755E-06 9.003E-11 2.478E-02 2.643E-03 2.743E-02 2.743E-02 
6.000E+04 3.007E-14 8.246E-06 7.502E-11 2.479E-02 2.643E-03 2.744E-02 2.744E-02 
8.000E+04 1.691E-14 6.323E-06 5.627E-11 2.480E-02 2.646E-03 2.745E-02 2.745E-02 
1.000E+05 1.082E-14 5.145E-06 4.500E-11 2.480E-02 2.648E-03 2.746E-02 2.746E-02 
