1.000E-03 2.947E+00 1.011E-02 2.426E+03 0.000E+00 0.000E+00 2.429E+03 2.426E+03 
1.500E-03 2.695E+00 1.951E-02 8.314E+02 0.000E+00 0.000E+00 8.341E+02 8.314E+02 
2.000E-03 2.426E+00 2.917E-02 3.827E+02 0.000E+00 0.000E+00 3.852E+02 3.828E+02 
2.472E-03 2.182E+00 3.771E-02 2.147E+02 0.000E+00 0.000E+00 2.169E+02 2.147E+02 
2.472E-03 2.182E+00 3.771E-02 2.068E+03 0.000E+00 0.000E+00 2.070E+03 2.068E+03 
3.000E-03 1.949E+00 4.637E-02 1.337E+03 0.000E+00 0.000E+00 1.339E+03 1.337E+03 
4.000E-03 1.600E+00 6.002E-02 6.321E+02 0.000E+00 0.000E+00 6.338E+02 6.322E+02 
5.000E-03 1.353E+00 7.073E-02 3.473E+02 0.000E+00 0.000E+00 3.487E+02 3.473E+02 
6.000E-03 1.172E+00 7.946E-02 2.103E+02 0.000E+00 0.000E+00 2.116E+02 2.104E+02 
8.000E-03 9.109E-01 9.358E-02 9.364E+01 0.000E+00 0.000E+00 9.464E+01 9.373E+01 
1.000E-02 7.229E-01 1.050E-01 4.930E+01 0.000E+00 0.000E+00 5.013E+01 4.940E+01 
1.500E-02 4.301E-01 1.254E-01 1.495E+01 0.000E+00 0.000E+00 1.550E+01 1.507E+01 
2.000E-02 2.821E-01 1.372E-01 6.290E+00 0.000E+00 0.000E+00 6.709E+00 6.427E+00 
3.000E-02 1.512E-01 1.479E-01 1.814E+00 0.000E+00 0.000E+00 2.113E+00 1.962E+00 
4.000E-02 9.544E-02 1.515E-01 7.403E-01 0.000E+00 0.000E+00 9.872E-01 8.918E-01 
5.000E-02 6.579E-02 1.521E-01 3.670E-01 0.000E+00 0.000E+00 5.849E-01 5.191E-01 
6.000E-02 4.797E-02 1.512E-01 2.060E-01 0.000E+00 0.000E+00 4.052E-01 3.573E-01 
8.000E-02 2.860E-02 1.474E-01 8.256E-02 0.000E+00 0.000E+00 2.586E-01 2.299E-01 
1.000E-01 1.895E-02 1.425E-01 4.051E-02 0.000E+00 0.000E+00 2.020E-01 1.831E-01 
1.500E-01 8.823E-03 1.306E-01 1.114E-02 0.000E+00 0.000E+00 1.506E-01 1.418E-01 
2.000E-01 5.071E-03 1.206E-01 4.507E-03 0.000E+00 0.000E+00 1.302E-01 1.251E-01 
3.000E-01 2.295E-03 1.055E-01 1.306E-03 0.000E+00 0.000E+00 1.091E-01 1.068E-01 
4.000E-01 1.300E-03 9.478E-02 5.672E-04 0.000E+00 0.000E+00 9.665E-02 9.535E-02 
5.000E-01 8.352E-04 8.667E-02 3.082E-04 0.000E+00 0.000E+00 8.782E-02 8.698E-02 
6.000E-01 5.811E-04 8.025E-02 1.929E-04 0.000E+00 0.000E+00 8.102E-02 8.044E-02 
8.000E-01 3.275E-04 7.056E-02 9.777E-05 0.000E+00 0.000E+00 7.098E-02 7.066E-02 
1.000E+00 2.098E-04 6.346E-02 6.077E-05 0.000E+00 0.000E+00 6.373E-02 6.352E-02 
1.022E+00 2.010E-04 6.278E-02 5.741E-05 0.000E+00 0.000E+00 6.304E-02 6.284E-02 
1.250E+00 1.343E-04 5.675E-02 3.889E-05 4.109E-05 0.000E+00 5.697E-02 5.683E-02 
1.500E+00 9.332E-05 5.159E-02 2.815E-05 2.210E-04 0.000E+00 5.193E-02 5.184E-02 
2.000E+00 5.251E-05 4.404E-02 1.751E-05 8.665E-04 0.000E+00 4.498E-02 4.492E-02 
2.044E+00 5.028E-05 4.350E-02 1.693E-05 9.340E-04 0.000E+00 4.450E-02 4.445E-02 
3.000E+00 2.334E-05 3.465E-02 9.640E-06 2.455E-03 1.212E-05 3.715E-02 3.713E-02 
4.000E+00 1.313E-05 2.890E-02 6.554E-06 3.959E-03 4.951E-05 3.293E-02 3.292E-02 
5.000E+00 8.404E-06 2.496E-02 4.939E-06 5.294E-03 9.863E-05 3.037E-02 3.036E-02 
6.000E+00 5.837E-06 2.207E-02 3.951E-06 6.491E-03 1.515E-04 2.872E-02 2.871E-02 
7.000E+00 4.288E-06 1.983E-02 3.290E-06 7.555E-03 2.041E-04 2.760E-02 2.759E-02 
8.000E+00 3.283E-06 1.805E-02 2.815E-06 8.513E-03 2.554E-04 2.682E-02 2.682E-02 
9.000E+00 2.594E-06 1.659E-02 2.460E-06 9.381E-03 3.044E-04 2.628E-02 2.628E-02 
1.000E+01 2.102E-06 1.537E-02 2.182E-06 1.017E-02 3.512E-04 2.590E-02 2.589E-02 
1.100E+01 1.736E-06 1.434E-02 1.963E-06 1.088E-02 3.955E-04 2.562E-02 2.562E-02 
1.200E+01 1.459E-06 1.345E-02 1.781E-06 1.154E-02 4.372E-04 2.542E-02 2.542E-02 
1.300E+01 1.243E-06 1.267E-02 1.631E-06 1.215E-02 4.768E-04 2.529E-02 2.529E-02 
1.400E+01 1.072E-06 1.198E-02 1.503E-06 1.271E-02 5.146E-04 2.521E-02 2.521E-02 
1.500E+01 9.338E-07 1.138E-02 1.395E-06 1.324E-02 5.503E-04 2.517E-02 2.517E-02 
1.600E+01 8.207E-07 1.083E-02 1.301E-06 1.373E-02 5.843E-04 2.515E-02 2.515E-02 
1.800E+01 6.485E-07 9.903E-03 1.146E-06 1.464E-02 6.475E-04 2.519E-02 2.519E-02 
2.000E+01 5.253E-07 9.131E-03 1.024E-06 1.545E-02 7.054E-04 2.529E-02 2.529E-02 
2.200E+01 4.342E-07 8.481E-03 9.249E-07 1.618E-02 7.585E-04 2.542E-02 2.542E-02 
2.400E+01 3.647E-07 7.925E-03 8.438E-07 1.685E-02 8.077E-04 2.558E-02 2.558E-02 
2.600E+01 3.108E-07 7.443E-03 7.754E-07 1.746E-02 8.532E-04 2.576E-02 2.576E-02 
2.800E+01 2.680E-07 7.020E-03 7.176E-07 1.802E-02 8.955E-04 2.594E-02 2.594E-02 
3.000E+01 2.334E-07 6.648E-03 6.676E-07 1.854E-02 9.351E-04 2.613E-02 2.613E-02 
4.000E+01 1.313E-07 5.283E-03 4.952E-07 2.070E-02 1.101E-03 2.708E-02 2.708E-02 
5.000E+01 8.404E-08 4.410E-03 3.935E-07 2.229E-02 1.228E-03 2.793E-02 2.793E-02 
6.000E+01 5.837E-08 3.799E-03 3.264E-07 2.355E-02 1.331E-03 2.868E-02 2.868E-02 
8.000E+01 3.283E-08 2.995E-03 2.434E-07 2.541E-02 1.488E-03 2.989E-02 2.989E-02 
1.000E+02 2.102E-08 2.487E-03 1.942E-07 2.674E-02 1.605E-03 3.083E-02 3.083E-02 
1.500E+02 9.338E-09 1.771E-03 1.288E-07 2.892E-02 1.803E-03 3.250E-02 3.250E-02 
2.000E+02 5.253E-09 1.389E-03 9.640E-08 3.024E-02 1.931E-03 3.356E-02 3.356E-02 
3.000E+02 2.334E-09 9.843E-04 6.412E-08 3.181E-02 2.090E-03 3.489E-02 3.489E-02 
4.000E+02 1.313E-09 7.707E-04 4.804E-08 3.273E-02 2.190E-03 3.569E-02 3.569E-02 
5.000E+02 8.404E-10 6.382E-04 3.841E-08 3.334E-02 2.259E-03 3.623E-02 3.623E-02 
6.000E+02 5.835E-10 5.463E-04 3.198E-08 3.379E-02 2.310E-03 3.664E-02 3.664E-02 
8.000E+02 3.283E-10 4.267E-04 2.398E-08 3.437E-02 2.381E-03 3.718E-02 3.718E-02 
1.000E+03 2.102E-10 3.510E-04 1.917E-08 3.474E-02 2.428E-03 3.752E-02 3.752E-02 
1.500E+03 9.338E-11 2.451E-04 1.278E-08 3.531E-02 2.500E-03 3.805E-02 3.805E-02 
2.000E+03 5.253E-11 1.897E-04 9.580E-09 3.563E-02 2.541E-03 3.836E-02 3.836E-02 
3.000E+03 2.334E-11 1.319E-04 6.385E-09 3.595E-02 2.586E-03 3.866E-02 3.866E-02 
4.000E+03 1.313E-11 1.018E-04 4.789E-09 3.613E-02 2.612E-03 3.885E-02 3.885E-02 
5.000E+03 8.404E-12 8.325E-05 3.831E-09 3.625E-02 2.627E-03 3.896E-02 3.896E-02 
6.000E+03 5.835E-12 7.060E-05 3.193E-09 3.632E-02 2.639E-03 3.903E-02 3.903E-02 
8.000E+03 3.283E-12 5.439E-05 2.395E-09 3.643E-02 2.654E-03 3.914E-02 3.914E-02 
1.000E+04 2.102E-12 4.442E-05 1.916E-09 3.649E-02 2.665E-03 3.920E-02 3.920E-02 
1.500E+04 9.338E-13 3.069E-05 1.277E-09 3.658E-02 2.678E-03 3.929E-02 3.929E-02 
2.000E+04 5.253E-13 2.359E-05 9.574E-10 3.662E-02 2.686E-03 3.933E-02 3.933E-02 
3.000E+04 2.334E-13 1.627E-05 6.383E-10 3.668E-02 2.693E-03 3.939E-02 3.939E-02 
4.000E+04 1.313E-13 1.249E-05 4.787E-10 3.672E-02 2.697E-03 3.943E-02 3.943E-02 
5.000E+04 8.404E-14 1.017E-05 3.829E-10 3.673E-02 2.701E-03 3.945E-02 3.945E-02 
6.000E+04 5.835E-14 8.600E-06 3.191E-10 3.673E-02 2.703E-03 3.945E-02 3.945E-02 
8.000E+04 3.283E-14 6.594E-06 2.393E-10 3.675E-02 2.704E-03 3.946E-02 3.946E-02 
1.000E+05 2.102E-14 5.366E-06 1.916E-10 3.675E-02 2.706E-03 3.946E-02 3.946E-02 
