1.000E-03 4.537E+00 8.777E-03 9.081E+03 0.000E+00 0.000E+00 9.085E+03 9.081E+03 
1.500E-03 4.241E+00 1.530E-02 3.396E+03 0.000E+00 0.000E+00 3.400E+03 3.396E+03 
2.000E-03 3.933E+00 2.124E-02 1.623E+03 0.000E+00 0.000E+00 1.627E+03 1.623E+03 
3.000E-03 3.354E+00 3.206E-02 5.543E+02 0.000E+00 0.000E+00 5.576E+02 5.543E+02 
4.000E-03 2.849E+00 4.212E-02 2.538E+02 0.000E+00 0.000E+00 2.567E+02 2.539E+02 
5.000E-03 2.421E+00 5.133E-02 1.374E+02 0.000E+00 0.000E+00 1.399E+02 1.374E+02 
6.000E-03 2.065E+00 5.966E-02 8.272E+01 0.000E+00 0.000E+00 8.484E+01 8.278E+01 
7.112E-03 1.745E+00 6.800E-02 5.138E+01 0.000E+00 0.000E+00 5.320E+01 5.145E+01 
7.112E-03 1.745E+00 6.800E-02 4.059E+02 0.000E+00 0.000E+00 4.077E+02 4.060E+02 
8.000E-03 1.542E+00 7.395E-02 3.040E+02 0.000E+00 0.000E+00 3.056E+02 3.041E+02 
1.000E-02 1.201E+00 8.541E-02 1.694E+02 0.000E+00 0.000E+00 1.707E+02 1.695E+02 
1.500E-02 7.458E-01 1.047E-01 5.623E+01 0.000E+00 0.000E+00 5.709E+01 5.634E+01 
2.000E-02 5.170E-01 1.162E-01 2.505E+01 0.000E+00 0.000E+00 2.568E+01 2.517E+01 
3.000E-02 2.849E-01 1.286E-01 7.763E+00 0.000E+00 0.000E+00 8.176E+00 7.892E+00 
4.000E-02 1.795E-01 1.338E-01 3.316E+00 0.000E+00 0.000E+00 3.629E+00 3.450E+00 
5.000E-02 1.244E-01 1.355E-01 1.697E+00 0.000E+00 0.000E+00 1.957E+00 1.833E+00 
6.000E-02 9.178E-02 1.355E-01 9.776E-01 0.000E+00 0.000E+00 1.205E+00 1.113E+00 
8.000E-02 5.604E-02 1.332E-01 4.060E-01 0.000E+00 0.000E+00 5.952E-01 5.392E-01 
1.000E-01 3.768E-02 1.296E-01 2.045E-01 0.000E+00 0.000E+00 3.717E-01 3.341E-01 
1.500E-01 1.781E-02 1.200E-01 5.861E-02 0.000E+00 0.000E+00 1.964E-01 1.786E-01 
2.000E-01 1.033E-02 1.114E-01 2.433E-02 0.000E+00 0.000E+00 1.460E-01 1.357E-01 
3.000E-01 4.728E-03 9.788E-02 7.266E-03 0.000E+00 0.000E+00 1.099E-01 1.051E-01 
4.000E-01 2.694E-03 8.810E-02 3.209E-03 0.000E+00 0.000E+00 9.400E-02 9.131E-02 
5.000E-01 1.736E-03 8.065E-02 1.762E-03 0.000E+00 0.000E+00 8.415E-02 8.241E-02 
6.000E-01 1.210E-03 7.472E-02 1.110E-03 0.000E+00 0.000E+00 7.704E-02 7.583E-02 
8.000E-01 6.833E-04 6.575E-02 5.650E-04 0.000E+00 0.000E+00 6.699E-02 6.631E-02 
1.000E+00 4.381E-04 5.916E-02 3.514E-04 0.000E+00 0.000E+00 5.995E-02 5.951E-02 
1.022E+00 4.196E-04 5.853E-02 3.335E-04 0.000E+00 0.000E+00 5.928E-02 5.887E-02 
1.250E+00 2.808E-04 5.292E-02 2.256E-04 7.031E-05 0.000E+00 5.350E-02 5.322E-02 
1.500E+00 1.951E-04 4.811E-02 1.627E-04 3.580E-04 0.000E+00 4.883E-02 4.864E-02 
2.000E+00 1.099E-04 4.107E-02 1.003E-04 1.364E-03 0.000E+00 4.265E-02 4.254E-02 
2.044E+00 1.052E-04 4.057E-02 9.692E-05 1.468E-03 0.000E+00 4.224E-02 4.213E-02 
3.000E+00 4.884E-05 3.232E-02 5.448E-05 3.781E-03 1.131E-05 3.621E-02 3.616E-02 
4.000E+00 2.748E-05 2.697E-02 3.670E-05 6.039E-03 4.617E-05 3.312E-02 3.309E-02 
5.000E+00 1.759E-05 2.329E-02 2.747E-05 8.032E-03 9.198E-05 3.146E-02 3.144E-02 
6.000E+00 1.222E-05 2.059E-02 2.188E-05 9.810E-03 1.413E-04 3.057E-02 3.056E-02 
7.000E+00 8.973E-06 1.850E-02 1.815E-05 1.139E-02 1.903E-04 3.011E-02 3.010E-02 
8.000E+00 6.870E-06 1.684E-02 1.548E-05 1.281E-02 2.380E-04 2.991E-02 2.991E-02 
9.000E+00 5.428E-06 1.547E-02 1.350E-05 1.409E-02 2.836E-04 2.987E-02 2.986E-02 
1.000E+01 4.396E-06 1.434E-02 1.196E-05 1.526E-02 3.269E-04 2.994E-02 2.994E-02 
1.100E+01 3.634E-06 1.337E-02 1.073E-05 1.632E-02 3.680E-04 3.007E-02 3.007E-02 
1.200E+01 3.054E-06 1.254E-02 9.725E-06 1.729E-02 4.069E-04 3.025E-02 3.024E-02 
1.300E+01 2.602E-06 1.182E-02 8.894E-06 1.817E-02 4.435E-04 3.044E-02 3.044E-02 
1.400E+01 2.243E-06 1.118E-02 8.192E-06 1.901E-02 4.785E-04 3.068E-02 3.068E-02 
1.500E+01 1.954E-06 1.062E-02 7.593E-06 1.979E-02 5.115E-04 3.092E-02 3.092E-02 
1.600E+01 1.718E-06 1.011E-02 7.074E-06 2.052E-02 5.429E-04 3.118E-02 3.118E-02 
1.800E+01 1.358E-06 9.239E-03 6.223E-06 2.186E-02 6.014E-04 3.171E-02 3.170E-02 
2.000E+01 1.099E-06 8.520E-03 5.554E-06 2.305E-02 6.548E-04 3.224E-02 3.223E-02 
2.200E+01 9.085E-07 7.914E-03 5.015E-06 2.414E-02 7.036E-04 3.277E-02 3.277E-02 
2.400E+01 7.633E-07 7.395E-03 4.571E-06 2.513E-02 7.487E-04 3.327E-02 3.327E-02 
2.600E+01 6.504E-07 6.944E-03 4.199E-06 2.603E-02 7.904E-04 3.377E-02 3.377E-02 
2.800E+01 5.608E-07 6.551E-03 3.882E-06 2.685E-02 8.292E-04 3.423E-02 3.423E-02 
3.000E+01 4.886E-07 6.203E-03 3.610E-06 2.762E-02 8.655E-04 3.469E-02 3.469E-02 
4.000E+01 2.749E-07 4.929E-03 2.673E-06 3.071E-02 1.016E-03 3.666E-02 3.666E-02 
5.000E+01 1.759E-07 4.114E-03 2.122E-06 3.303E-02 1.132E-03 3.828E-02 3.828E-02 
6.000E+01 1.222E-07 3.544E-03 1.759E-06 3.484E-02 1.225E-03 3.961E-02 3.961E-02 
8.000E+01 6.870E-08 2.796E-03 1.311E-06 3.756E-02 1.365E-03 4.172E-02 4.172E-02 
1.000E+02 4.396E-08 2.321E-03 1.045E-06 3.950E-02 1.469E-03 4.329E-02 4.329E-02 
1.500E+02 1.954E-08 1.652E-03 6.927E-07 4.263E-02 1.643E-03 4.592E-02 4.592E-02 
2.000E+02 1.099E-08 1.296E-03 5.181E-07 4.451E-02 1.753E-03 4.756E-02 4.756E-02 
3.000E+02 4.885E-09 9.183E-04 3.445E-07 4.671E-02 1.890E-03 4.952E-02 4.952E-02 
4.000E+02 2.748E-09 7.192E-04 2.580E-07 4.800E-02 1.973E-03 5.069E-02 5.069E-02 
5.000E+02 1.759E-09 5.953E-04 2.063E-07 4.884E-02 2.030E-03 5.146E-02 5.146E-02 
6.000E+02 1.222E-09 5.097E-04 1.718E-07 4.944E-02 2.073E-03 5.202E-02 5.202E-02 
8.000E+02 6.870E-10 3.981E-04 1.288E-07 5.025E-02 2.131E-03 5.278E-02 5.278E-02 
1.000E+03 4.396E-10 3.275E-04 1.030E-07 5.077E-02 2.171E-03 5.327E-02 5.327E-02 
1.500E+03 1.954E-10 2.287E-04 6.861E-08 5.153E-02 2.229E-03 5.399E-02 5.399E-02 
2.000E+03 1.099E-10 1.771E-04 5.145E-08 5.194E-02 2.263E-03 5.438E-02 5.438E-02 
3.000E+03 4.885E-11 1.231E-04 3.429E-08 5.240E-02 2.300E-03 5.482E-02 5.482E-02 
4.000E+03 2.748E-11 9.501E-05 2.571E-08 5.263E-02 2.322E-03 5.505E-02 5.505E-02 
5.000E+03 1.759E-11 7.768E-05 2.056E-08 5.279E-02 2.335E-03 5.521E-02 5.521E-02 
6.000E+03 1.222E-11 6.588E-05 1.713E-08 5.289E-02 2.344E-03 5.530E-02 5.530E-02 
8.000E+03 6.870E-12 5.076E-05 1.285E-08 5.303E-02 2.357E-03 5.544E-02 5.544E-02 
1.000E+04 4.396E-12 4.144E-05 1.028E-08 5.312E-02 2.365E-03 5.552E-02 5.552E-02 
1.500E+04 1.954E-12 2.864E-05 6.855E-09 5.325E-02 2.376E-03 5.565E-02 5.565E-02 
2.000E+04 1.099E-12 2.202E-05 5.140E-09 5.331E-02 2.382E-03 5.572E-02 5.572E-02 
3.000E+04 4.885E-13 1.518E-05 3.427E-09 5.338E-02 2.388E-03 5.578E-02 5.578E-02 
4.000E+04 2.748E-13 1.166E-05 2.571E-09 5.341E-02 2.392E-03 5.581E-02 5.581E-02 
5.000E+04 1.759E-13 9.493E-06 2.056E-09 5.344E-02 2.394E-03 5.585E-02 5.585E-02 
6.000E+04 1.222E-13 8.025E-06 1.713E-09 5.345E-02 2.396E-03 5.586E-02 5.586E-02 
8.000E+04 6.870E-14 6.153E-06 1.285E-09 5.347E-02 2.397E-03 5.588E-02 5.588E-02 
1.000E+05 4.396E-14 5.006E-06 1.028E-09 5.349E-02 2.398E-03 5.589E-02 5.589E-02 
