1.000E-03 5.054E+00 5.914E-03 1.057E+04 0.000E+00 0.000E+00 1.057E+04 1.057E+04 
1.047E-03 5.032E+00 6.362E-03 9.328E+03 0.000E+00 0.000E+00 9.333E+03 9.328E+03 
1.096E-03 5.008E+00 6.838E-03 8.240E+03 0.000E+00 0.000E+00 8.245E+03 8.240E+03 
1.096E-03 5.008E+00 6.838E-03 9.340E+03 0.000E+00 0.000E+00 9.345E+03 9.340E+03 
1.500E-03 4.806E+00 1.086E-02 4.413E+03 0.000E+00 0.000E+00 4.418E+03 4.413E+03 
2.000E-03 4.525E+00 1.591E-02 2.149E+03 0.000E+00 0.000E+00 2.154E+03 2.149E+03 
3.000E-03 3.946E+00 2.587E-02 7.449E+02 0.000E+00 0.000E+00 7.488E+02 7.449E+02 
4.000E-03 3.399E+00 3.527E-02 3.439E+02 0.000E+00 0.000E+00 3.473E+02 3.439E+02 
5.000E-03 2.914E+00 4.391E-02 1.870E+02 0.000E+00 0.000E+00 1.899E+02 1.870E+02 
6.000E-03 2.500E+00 5.181E-02 1.131E+02 0.000E+00 0.000E+00 1.156E+02 1.131E+02 
8.000E-03 1.872E+00 6.569E-02 5.062E+01 0.000E+00 0.000E+00 5.255E+01 5.068E+01 
8.979E-03 1.646E+00 7.162E-02 3.657E+01 0.000E+00 0.000E+00 3.829E+01 3.664E+01 
8.979E-03 1.646E+00 7.162E-02 2.766E+02 0.000E+00 0.000E+00 2.783E+02 2.767E+02 
1.000E-02 1.450E+00 7.725E-02 2.145E+02 0.000E+00 0.000E+00 2.160E+02 2.145E+02 
1.500E-02 8.797E-01 9.761E-02 7.308E+01 0.000E+00 0.000E+00 7.405E+01 7.317E+01 
2.000E-02 6.059E-01 1.098E-01 3.308E+01 0.000E+00 0.000E+00 3.380E+01 3.319E+01 
3.000E-02 3.369E-01 1.231E-01 1.045E+01 0.000E+00 0.000E+00 1.091E+01 1.058E+01 
4.000E-02 2.124E-01 1.289E-01 4.520E+00 0.000E+00 0.000E+00 4.862E+00 4.649E+00 
5.000E-02 1.467E-01 1.311E-01 2.335E+00 0.000E+00 0.000E+00 2.613E+00 2.466E+00 
6.000E-02 1.079E-01 1.313E-01 1.353E+00 0.000E+00 0.000E+00 1.593E+00 1.485E+00 
8.000E-02 6.595E-02 1.295E-01 5.676E-01 0.000E+00 0.000E+00 7.630E-01 6.970E-01 
1.000E-01 4.446E-02 1.262E-01 2.878E-01 0.000E+00 0.000E+00 4.585E-01 4.140E-01 
1.500E-01 2.111E-02 1.171E-01 8.345E-02 0.000E+00 0.000E+00 2.217E-01 2.006E-01 
2.000E-01 1.226E-02 1.088E-01 3.487E-02 0.000E+00 0.000E+00 1.559E-01 1.437E-01 
3.000E-01 5.621E-03 9.581E-02 1.051E-02 0.000E+00 0.000E+00 1.119E-01 1.063E-01 
4.000E-01 3.207E-03 8.626E-02 4.664E-03 0.000E+00 0.000E+00 9.413E-02 9.092E-02 
5.000E-01 2.068E-03 7.899E-02 2.568E-03 0.000E+00 0.000E+00 8.363E-02 8.156E-02 
6.000E-01 1.442E-03 7.319E-02 1.621E-03 0.000E+00 0.000E+00 7.625E-02 7.481E-02 
8.000E-01 8.152E-04 6.441E-02 8.265E-04 0.000E+00 0.000E+00 6.606E-02 6.524E-02 
1.000E+00 5.228E-04 5.797E-02 5.143E-04 0.000E+00 0.000E+00 5.901E-02 5.848E-02 
1.022E+00 5.007E-04 5.735E-02 4.885E-04 0.000E+00 0.000E+00 5.834E-02 5.784E-02 
1.250E+00 3.351E-04 5.187E-02 3.303E-04 8.020E-05 0.000E+00 5.261E-02 5.228E-02 
1.500E+00 2.329E-04 4.716E-02 2.380E-04 4.024E-04 0.000E+00 4.803E-02 4.780E-02 
2.000E+00 1.312E-04 4.026E-02 1.464E-04 1.511E-03 0.000E+00 4.205E-02 4.191E-02 
2.044E+00 1.256E-04 3.976E-02 1.414E-04 1.623E-03 0.000E+00 4.166E-02 4.153E-02 
3.000E+00 5.830E-05 3.168E-02 7.922E-05 4.158E-03 1.109E-05 3.599E-02 3.593E-02 
4.000E+00 3.280E-05 2.643E-02 5.324E-05 6.618E-03 4.526E-05 3.318E-02 3.315E-02 
5.000E+00 2.100E-05 2.283E-02 3.978E-05 8.787E-03 9.014E-05 3.177E-02 3.175E-02 
6.000E+00 1.458E-05 2.018E-02 3.165E-05 1.072E-02 1.384E-04 3.108E-02 3.106E-02 
7.000E+00 1.071E-05 1.814E-02 2.622E-05 1.243E-02 1.865E-04 3.080E-02 3.078E-02 
8.000E+00 8.202E-06 1.651E-02 2.237E-05 1.397E-02 2.331E-04 3.074E-02 3.073E-02 
9.000E+00 6.481E-06 1.517E-02 1.947E-05 1.536E-02 2.778E-04 3.084E-02 3.083E-02 
1.000E+01 5.249E-06 1.405E-02 1.725E-05 1.663E-02 3.202E-04 3.103E-02 3.102E-02 
1.100E+01 4.338E-06 1.312E-02 1.547E-05 1.777E-02 3.605E-04 3.127E-02 3.126E-02 
1.200E+01 3.646E-06 1.230E-02 1.402E-05 1.882E-02 3.985E-04 3.154E-02 3.153E-02 
1.300E+01 3.106E-06 1.158E-02 1.281E-05 1.980E-02 4.343E-04 3.183E-02 3.182E-02 
1.400E+01 2.678E-06 1.096E-02 1.180E-05 2.071E-02 4.684E-04 3.215E-02 3.215E-02 
1.500E+01 2.333E-06 1.041E-02 1.094E-05 2.155E-02 5.008E-04 3.247E-02 3.247E-02 
1.600E+01 2.051E-06 9.913E-03 1.019E-05 2.234E-02 5.316E-04 3.279E-02 3.279E-02 
1.800E+01 1.621E-06 9.057E-03 8.957E-06 2.379E-02 5.887E-04 3.344E-02 3.344E-02 
2.000E+01 1.313E-06 8.352E-03 7.992E-06 2.508E-02 6.408E-04 3.408E-02 3.408E-02 
2.200E+01 1.085E-06 7.757E-03 7.214E-06 2.625E-02 6.886E-04 3.470E-02 3.470E-02 
2.400E+01 9.114E-07 7.249E-03 6.573E-06 2.731E-02 7.327E-04 3.530E-02 3.530E-02 
2.600E+01 7.766E-07 6.807E-03 6.038E-06 2.829E-02 7.734E-04 3.588E-02 3.587E-02 
2.800E+01 6.696E-07 6.421E-03 5.582E-06 2.918E-02 8.112E-04 3.642E-02 3.642E-02 
3.000E+01 5.833E-07 6.080E-03 5.190E-06 3.000E-02 8.465E-04 3.694E-02 3.694E-02 
4.000E+01 3.281E-07 4.831E-03 3.841E-06 3.337E-02 9.932E-04 3.920E-02 3.920E-02 
5.000E+01 2.100E-07 4.033E-03 3.048E-06 3.589E-02 1.106E-03 4.103E-02 4.103E-02 
6.000E+01 1.458E-07 3.475E-03 2.527E-06 3.786E-02 1.195E-03 4.253E-02 4.253E-02 
8.000E+01 8.202E-08 2.741E-03 1.882E-06 4.079E-02 1.331E-03 4.486E-02 4.486E-02 
1.000E+02 5.249E-08 2.274E-03 1.499E-06 4.288E-02 1.431E-03 4.659E-02 4.659E-02 
1.500E+02 2.333E-08 1.620E-03 9.941E-07 4.621E-02 1.597E-03 4.943E-02 4.943E-02 
2.000E+02 1.313E-08 1.270E-03 7.436E-07 4.821E-02 1.702E-03 5.118E-02 5.118E-02 
3.000E+02 5.833E-09 9.002E-04 4.944E-07 5.053E-02 1.831E-03 5.326E-02 5.326E-02 
4.000E+02 3.281E-09 7.050E-04 3.703E-07 5.187E-02 1.908E-03 5.448E-02 5.448E-02 
5.000E+02 2.100E-09 5.836E-04 2.960E-07 5.275E-02 1.961E-03 5.529E-02 5.529E-02 
6.000E+02 1.458E-09 4.997E-04 2.465E-07 5.337E-02 2.000E-03 5.587E-02 5.587E-02 
8.000E+02 8.202E-10 3.903E-04 1.848E-07 5.421E-02 2.053E-03 5.665E-02 5.665E-02 
1.000E+03 5.249E-10 3.211E-04 1.477E-07 5.476E-02 2.089E-03 5.717E-02 5.717E-02 
1.500E+03 2.333E-10 2.242E-04 9.846E-08 5.553E-02 2.141E-03 5.790E-02 5.790E-02 
2.000E+03 1.313E-10 1.735E-04 7.381E-08 5.596E-02 2.171E-03 5.831E-02 5.831E-02 
3.000E+03 5.833E-11 1.206E-04 4.919E-08 5.642E-02 2.203E-03 5.875E-02 5.875E-02 
4.000E+03 3.281E-11 9.314E-05 3.689E-08 5.667E-02 2.223E-03 5.899E-02 5.899E-02 
5.000E+03 2.100E-11 7.616E-05 2.951E-08 5.682E-02 2.235E-03 5.913E-02 5.913E-02 
6.000E+03 1.458E-11 6.458E-05 2.459E-08 5.694E-02 2.243E-03 5.924E-02 5.924E-02 
8.000E+03 8.202E-12 4.975E-05 1.844E-08 5.708E-02 2.254E-03 5.938E-02 5.938E-02 
1.000E+04 5.249E-12 4.062E-05 1.476E-08 5.716E-02 2.261E-03 5.947E-02 5.947E-02 
1.500E+04 2.333E-12 2.807E-05 9.837E-09 5.729E-02 2.271E-03 5.959E-02 5.959E-02 
2.000E+04 1.313E-12 2.158E-05 7.376E-09 5.735E-02 2.275E-03 5.965E-02 5.965E-02 
3.000E+04 5.833E-13 1.489E-05 4.917E-09 5.743E-02 2.281E-03 5.973E-02 5.973E-02 
4.000E+04 3.281E-13 1.143E-05 3.687E-09 5.747E-02 2.284E-03 5.976E-02 5.976E-02 
5.000E+04 2.100E-13 9.305E-06 2.950E-09 5.749E-02 2.287E-03 5.978E-02 5.978E-02 
6.000E+04 1.458E-13 7.866E-06 2.458E-09 5.750E-02 2.288E-03 5.979E-02 5.979E-02 
8.000E+04 8.202E-14 6.031E-06 1.844E-09 5.752E-02 2.289E-03 5.982E-02 5.982E-02 
1.000E+05 5.249E-14 4.907E-06 1.475E-09 5.753E-02 2.291E-03 5.983E-02 5.983E-02 
