1.000E-03 3.822E+00 1.071E-02 6.491E+03 0.000E+00 0.000E+00 6.495E+03 6.491E+03 
1.500E-03 3.524E+00 1.797E-02 2.338E+03 0.000E+00 0.000E+00 2.342E+03 2.338E+03 
2.000E-03 3.230E+00 2.434E-02 1.103E+03 0.000E+00 0.000E+00 1.106E+03 1.103E+03 
3.000E-03 2.706E+00 3.595E-02 3.716E+02 0.000E+00 0.000E+00 3.743E+02 3.716E+02 
4.000E-03 2.270E+00 4.653E-02 1.689E+02 0.000E+00 0.000E+00 1.712E+02 1.690E+02 
5.000E-03 1.912E+00 5.596E-02 9.094E+01 0.000E+00 0.000E+00 9.291E+01 9.100E+01 
5.465E-03 1.770E+00 5.998E-02 7.093E+01 0.000E+00 0.000E+00 7.276E+01 7.099E+01 
5.465E-03 1.770E+00 5.998E-02 5.852E+02 0.000E+00 0.000E+00 5.870E+02 5.852E+02 
6.000E-03 1.624E+00 6.433E-02 4.671E+02 0.000E+00 0.000E+00 4.688E+02 4.671E+02 
8.000E-03 1.218E+00 7.814E-02 2.204E+02 0.000E+00 0.000E+00 2.217E+02 2.204E+02 
1.000E-02 9.606E-01 8.863E-02 1.207E+02 0.000E+00 0.000E+00 1.217E+02 1.208E+02 
1.500E-02 6.088E-01 1.058E-01 3.911E+01 0.000E+00 0.000E+00 3.982E+01 3.921E+01 
2.000E-02 4.190E-01 1.164E-01 1.714E+01 0.000E+00 0.000E+00 1.768E+01 1.726E+01 
3.000E-02 2.278E-01 1.277E-01 5.209E+00 0.000E+00 0.000E+00 5.564E+00 5.336E+00 
4.000E-02 1.439E-01 1.319E-01 2.196E+00 0.000E+00 0.000E+00 2.472E+00 2.328E+00 
5.000E-02 9.993E-02 1.331E-01 1.114E+00 0.000E+00 0.000E+00 1.347E+00 1.248E+00 
6.000E-02 7.372E-02 1.329E-01 6.372E-01 0.000E+00 0.000E+00 8.438E-01 7.701E-01 
8.000E-02 4.484E-02 1.304E-01 2.619E-01 0.000E+00 0.000E+00 4.371E-01 3.922E-01 
1.000E-01 3.002E-02 1.267E-01 1.310E-01 0.000E+00 0.000E+00 2.877E-01 2.577E-01 
1.500E-01 1.414E-02 1.169E-01 3.711E-02 0.000E+00 0.000E+00 1.682E-01 1.540E-01 
2.000E-01 8.179E-03 1.083E-01 1.529E-02 0.000E+00 0.000E+00 1.318E-01 1.236E-01 
3.000E-01 3.734E-03 9.509E-02 4.527E-03 0.000E+00 0.000E+00 1.034E-01 9.962E-02 
4.000E-01 2.124E-03 8.554E-02 1.990E-03 0.000E+00 0.000E+00 8.966E-02 8.753E-02 
5.000E-01 1.368E-03 7.828E-02 1.089E-03 0.000E+00 0.000E+00 8.074E-02 7.937E-02 
6.000E-01 9.527E-04 7.250E-02 6.841E-04 0.000E+00 0.000E+00 7.414E-02 7.319E-02 
8.000E-01 5.376E-04 6.378E-02 3.479E-04 0.000E+00 0.000E+00 6.466E-02 6.413E-02 
1.000E+00 3.447E-04 5.738E-02 2.163E-04 0.000E+00 0.000E+00 5.794E-02 5.760E-02 
1.022E+00 3.301E-04 5.678E-02 2.052E-04 0.000E+00 0.000E+00 5.731E-02 5.698E-02 
1.250E+00 2.208E-04 5.133E-02 1.389E-04 5.795E-05 0.000E+00 5.175E-02 5.153E-02 
1.500E+00 1.534E-04 4.667E-02 1.002E-04 2.997E-04 0.000E+00 4.723E-02 4.707E-02 
2.000E+00 8.636E-05 3.984E-02 6.196E-05 1.159E-03 0.000E+00 4.115E-02 4.106E-02 
2.044E+00 8.268E-05 3.934E-02 5.986E-05 1.248E-03 0.000E+00 4.073E-02 4.065E-02 
3.000E+00 3.840E-05 3.135E-02 3.376E-05 3.225E-03 1.097E-05 3.466E-02 3.462E-02 
4.000E+00 2.160E-05 2.615E-02 2.280E-05 5.170E-03 4.478E-05 3.141E-02 3.139E-02 
5.000E+00 1.382E-05 2.259E-02 1.709E-05 6.890E-03 8.922E-05 2.960E-02 2.959E-02 
6.000E+00 9.602E-06 1.997E-02 1.364E-05 8.424E-03 1.370E-04 2.855E-02 2.854E-02 
7.000E+00 7.054E-06 1.795E-02 1.132E-05 9.788E-03 1.847E-04 2.794E-02 2.793E-02 
8.000E+00 5.401E-06 1.633E-02 9.670E-06 1.102E-02 2.309E-04 2.759E-02 2.758E-02 
9.000E+00 4.268E-06 1.501E-02 8.434E-06 1.213E-02 2.752E-04 2.743E-02 2.743E-02 
1.000E+01 3.457E-06 1.391E-02 7.475E-06 1.313E-02 3.173E-04 2.738E-02 2.737E-02 
1.100E+01 2.857E-06 1.297E-02 6.709E-06 1.404E-02 3.573E-04 2.738E-02 2.738E-02 
1.200E+01 2.401E-06 1.216E-02 6.086E-06 1.488E-02 3.950E-04 2.745E-02 2.745E-02 
1.300E+01 2.045E-06 1.146E-02 5.567E-06 1.566E-02 4.305E-04 2.756E-02 2.756E-02 
1.400E+01 1.764E-06 1.084E-02 5.129E-06 1.638E-02 4.645E-04 2.770E-02 2.770E-02 
1.500E+01 1.537E-06 1.029E-02 4.755E-06 1.706E-02 4.966E-04 2.786E-02 2.785E-02 
1.600E+01 1.350E-06 9.804E-03 4.431E-06 1.769E-02 5.272E-04 2.802E-02 2.802E-02 
1.800E+01 1.067E-06 8.960E-03 3.900E-06 1.884E-02 5.840E-04 2.839E-02 2.839E-02 
2.000E+01 8.642E-07 8.262E-03 3.481E-06 1.987E-02 6.359E-04 2.877E-02 2.877E-02 
2.200E+01 7.141E-07 7.675E-03 3.145E-06 2.081E-02 6.835E-04 2.917E-02 2.917E-02 
2.400E+01 6.001E-07 7.171E-03 2.867E-06 2.166E-02 7.275E-04 2.956E-02 2.956E-02 
2.600E+01 5.114E-07 6.735E-03 2.634E-06 2.244E-02 7.681E-04 2.994E-02 2.994E-02 
2.800E+01 4.409E-07 6.353E-03 2.435E-06 2.315E-02 8.059E-04 3.031E-02 3.031E-02 
3.000E+01 3.841E-07 6.015E-03 2.265E-06 2.381E-02 8.412E-04 3.067E-02 3.067E-02 
4.000E+01 2.160E-07 4.780E-03 1.679E-06 2.650E-02 9.884E-04 3.227E-02 3.227E-02 
5.000E+01 1.383E-07 3.990E-03 1.332E-06 2.853E-02 1.102E-03 3.362E-02 3.362E-02 
6.000E+01 9.602E-08 3.438E-03 1.105E-06 3.010E-02 1.193E-03 3.473E-02 3.473E-02 
8.000E+01 5.401E-08 2.711E-03 8.235E-07 3.244E-02 1.331E-03 3.648E-02 3.648E-02 
1.000E+02 3.457E-08 2.251E-03 6.563E-07 3.413E-02 1.433E-03 3.781E-02 3.781E-02 
1.500E+02 1.536E-08 1.603E-03 4.353E-07 3.685E-02 1.605E-03 4.006E-02 4.006E-02 
2.000E+02 8.640E-09 1.257E-03 3.257E-07 3.850E-02 1.717E-03 4.148E-02 4.148E-02 
3.000E+02 3.841E-09 8.905E-04 2.166E-07 4.045E-02 1.854E-03 4.320E-02 4.320E-02 
4.000E+02 2.160E-09 6.975E-04 1.622E-07 4.160E-02 1.938E-03 4.424E-02 4.424E-02 
5.000E+02 1.383E-09 5.774E-04 1.297E-07 4.235E-02 1.997E-03 4.492E-02 4.492E-02 
6.000E+02 9.602E-10 4.944E-04 1.080E-07 4.289E-02 2.039E-03 4.542E-02 4.542E-02 
8.000E+02 5.400E-10 3.861E-04 8.095E-08 4.361E-02 2.100E-03 4.610E-02 4.610E-02 
1.000E+03 3.457E-10 3.176E-04 6.474E-08 4.408E-02 2.141E-03 4.654E-02 4.654E-02 
1.500E+03 1.536E-10 2.218E-04 4.314E-08 4.477E-02 2.202E-03 4.719E-02 4.719E-02 
2.000E+03 8.640E-11 1.717E-04 3.234E-08 4.514E-02 2.237E-03 4.754E-02 4.754E-02 
3.000E+03 3.841E-11 1.194E-04 2.156E-08 4.555E-02 2.276E-03 4.794E-02 4.794E-02 
4.000E+03 2.160E-11 9.215E-05 1.616E-08 4.576E-02 2.299E-03 4.815E-02 4.815E-02 
5.000E+03 1.383E-11 7.534E-05 1.293E-08 4.590E-02 2.314E-03 4.829E-02 4.829E-02 
6.000E+03 9.602E-12 6.388E-05 1.078E-08 4.600E-02 2.323E-03 4.838E-02 4.838E-02 
8.000E+03 5.400E-12 4.923E-05 8.081E-09 4.612E-02 2.336E-03 4.850E-02 4.850E-02 
1.000E+04 3.457E-12 4.019E-05 6.465E-09 4.620E-02 2.344E-03 4.858E-02 4.858E-02 
1.500E+04 1.536E-12 2.777E-05 4.310E-09 4.631E-02 2.356E-03 4.869E-02 4.869E-02 
2.000E+04 8.640E-13 2.135E-05 3.232E-09 4.636E-02 2.363E-03 4.875E-02 4.875E-02 
3.000E+04 3.841E-13 1.473E-05 2.155E-09 4.644E-02 2.370E-03 4.882E-02 4.882E-02 
4.000E+04 2.160E-13 1.131E-05 1.616E-09 4.646E-02 2.374E-03 4.884E-02 4.884E-02 
5.000E+04 1.383E-13 9.207E-06 1.293E-09 4.648E-02 2.376E-03 4.887E-02 4.887E-02 
6.000E+04 9.602E-14 7.782E-06 1.077E-09 4.649E-02 2.377E-03 4.888E-02 4.888E-02 
8.000E+04 5.400E-14 5.968E-06 8.080E-10 4.652E-02 2.380E-03 4.890E-02 4.890E-02 
1.000E+05 3.457E-14 4.855E-06 6.464E-10 4.653E-02 2.381E-03 4.892E-02 4.892E-02 
