1.000E-03 3.582E+00 1.494E-02 4.862E+03 0.000E+00 0.000E+00 4.866E+03 4.862E+03 
1.500E-03 3.259E+00 2.356E-02 1.710E+03 0.000E+00 0.000E+00 1.713E+03 1.710E+03 
2.000E-03 2.963E+00 3.100E-02 7.968E+02 0.000E+00 0.000E+00 7.998E+02 7.969E+02 
3.000E-03 2.463E+00 4.481E-02 2.651E+02 0.000E+00 0.000E+00 2.676E+02 2.651E+02 
4.000E-03 2.051E+00 5.716E-02 1.197E+02 0.000E+00 0.000E+00 1.218E+02 1.198E+02 
4.038E-03 2.036E+00 5.759E-02 1.166E+02 0.000E+00 0.000E+00 1.187E+02 1.167E+02 
4.038E-03 2.036E+00 5.759E-02 1.021E+03 0.000E+00 0.000E+00 1.023E+03 1.021E+03 
5.000E-03 1.720E+00 6.795E-02 6.007E+02 0.000E+00 0.000E+00 6.025E+02 6.008E+02 
6.000E-03 1.465E+00 7.722E-02 3.716E+02 0.000E+00 0.000E+00 3.731E+02 3.717E+02 
8.000E-03 1.116E+00 9.173E-02 1.714E+02 0.000E+00 0.000E+00 1.727E+02 1.715E+02 
1.000E-02 8.954E-01 1.024E-01 9.241E+01 0.000E+00 0.000E+00 9.341E+01 9.251E+01 
1.500E-02 5.671E-01 1.206E-01 2.911E+01 0.000E+00 0.000E+00 2.979E+01 2.923E+01 
2.000E-02 3.823E-01 1.322E-01 1.255E+01 0.000E+00 0.000E+00 1.306E+01 1.268E+01 
3.000E-02 2.059E-01 1.439E-01 3.729E+00 0.000E+00 0.000E+00 4.079E+00 3.873E+00 
4.000E-02 1.302E-01 1.481E-01 1.552E+00 0.000E+00 0.000E+00 1.830E+00 1.700E+00 
5.000E-02 9.040E-02 1.491E-01 7.800E-01 0.000E+00 0.000E+00 1.019E+00 9.291E-01 
6.000E-02 6.648E-02 1.486E-01 4.428E-01 0.000E+00 0.000E+00 6.579E-01 5.914E-01 
8.000E-02 4.012E-02 1.454E-01 1.800E-01 0.000E+00 0.000E+00 3.655E-01 3.254E-01 
1.000E-01 2.673E-02 1.411E-01 8.931E-02 0.000E+00 0.000E+00 2.571E-01 2.304E-01 
1.500E-01 1.252E-02 1.298E-01 2.500E-02 0.000E+00 0.000E+00 1.674E-01 1.548E-01 
2.000E-01 7.228E-03 1.201E-01 1.022E-02 0.000E+00 0.000E+00 1.376E-01 1.303E-01 
3.000E-01 3.288E-03 1.053E-01 2.999E-03 0.000E+00 0.000E+00 1.116E-01 1.083E-01 
4.000E-01 1.868E-03 9.465E-02 1.312E-03 0.000E+00 0.000E+00 9.783E-02 9.596E-02 
5.000E-01 1.201E-03 8.660E-02 7.157E-04 0.000E+00 0.000E+00 8.851E-02 8.731E-02 
6.000E-01 8.360E-04 8.019E-02 4.488E-04 0.000E+00 0.000E+00 8.148E-02 8.064E-02 
8.000E-01 4.715E-04 7.052E-02 2.279E-04 0.000E+00 0.000E+00 7.122E-02 7.075E-02 
1.000E+00 3.022E-04 6.344E-02 1.417E-04 0.000E+00 0.000E+00 6.388E-02 6.358E-02 
1.022E+00 2.894E-04 6.278E-02 1.342E-04 0.000E+00 0.000E+00 6.320E-02 6.291E-02 
1.250E+00 1.935E-04 5.675E-02 9.086E-05 5.363E-05 0.000E+00 5.709E-02 5.690E-02 
1.500E+00 1.345E-04 5.158E-02 6.565E-05 2.822E-04 0.000E+00 5.207E-02 5.193E-02 
2.000E+00 7.567E-05 4.403E-02 4.069E-05 1.100E-03 0.000E+00 4.524E-02 4.517E-02 
2.044E+00 7.246E-05 4.349E-02 3.932E-05 1.186E-03 0.000E+00 4.478E-02 4.471E-02 
3.000E+00 3.364E-05 3.465E-02 2.227E-05 3.085E-03 1.213E-05 3.780E-02 3.777E-02 
4.000E+00 1.893E-05 2.891E-02 1.507E-05 4.959E-03 4.951E-05 3.395E-02 3.393E-02 
5.000E+00 1.211E-05 2.496E-02 1.133E-05 6.619E-03 9.863E-05 3.170E-02 3.169E-02 
6.000E+00 8.413E-06 2.207E-02 9.047E-06 8.104E-03 1.515E-04 3.035E-02 3.034E-02 
7.000E+00 6.180E-06 1.983E-02 7.519E-06 9.423E-03 2.042E-04 2.948E-02 2.947E-02 
8.000E+00 4.732E-06 1.805E-02 6.428E-06 1.061E-02 2.553E-04 2.892E-02 2.892E-02 
9.000E+00 3.738E-06 1.659E-02 5.609E-06 1.169E-02 3.043E-04 2.859E-02 2.858E-02 
1.000E+01 3.029E-06 1.537E-02 4.974E-06 1.266E-02 3.509E-04 2.839E-02 2.839E-02 
1.100E+01 2.503E-06 1.434E-02 4.467E-06 1.355E-02 3.952E-04 2.829E-02 2.828E-02 
1.200E+01 2.104E-06 1.345E-02 4.054E-06 1.436E-02 4.368E-04 2.825E-02 2.824E-02 
1.300E+01 1.793E-06 1.267E-02 3.710E-06 1.510E-02 4.763E-04 2.825E-02 2.825E-02 
1.400E+01 1.545E-06 1.198E-02 3.418E-06 1.581E-02 5.139E-04 2.831E-02 2.831E-02 
1.500E+01 1.346E-06 1.138E-02 3.170E-06 1.645E-02 5.495E-04 2.839E-02 2.838E-02 
1.600E+01 1.183E-06 1.084E-02 2.956E-06 1.707E-02 5.835E-04 2.849E-02 2.849E-02 
1.800E+01 9.348E-07 9.904E-03 2.601E-06 1.820E-02 6.464E-04 2.875E-02 2.875E-02 
2.000E+01 7.572E-07 9.133E-03 2.323E-06 1.919E-02 7.040E-04 2.903E-02 2.903E-02 
2.200E+01 6.258E-07 8.482E-03 2.099E-06 2.009E-02 7.569E-04 2.933E-02 2.933E-02 
2.400E+01 5.258E-07 7.926E-03 1.914E-06 2.092E-02 8.055E-04 2.965E-02 2.965E-02 
2.600E+01 4.481E-07 7.442E-03 1.758E-06 2.167E-02 8.508E-04 2.996E-02 2.996E-02 
2.800E+01 3.863E-07 7.022E-03 1.627E-06 2.237E-02 8.927E-04 3.029E-02 3.029E-02 
3.000E+01 3.366E-07 6.649E-03 1.513E-06 2.300E-02 9.319E-04 3.059E-02 3.059E-02 
4.000E+01 1.893E-07 5.283E-03 1.122E-06 2.563E-02 1.096E-03 3.201E-02 3.201E-02 
5.000E+01 1.212E-07 4.410E-03 8.909E-07 2.759E-02 1.222E-03 3.322E-02 3.322E-02 
6.000E+01 8.413E-08 3.800E-03 7.388E-07 2.912E-02 1.323E-03 3.424E-02 3.424E-02 
8.000E+01 4.732E-08 2.996E-03 5.509E-07 3.140E-02 1.478E-03 3.588E-02 3.588E-02 
1.000E+02 3.029E-08 2.487E-03 4.391E-07 3.304E-02 1.593E-03 3.712E-02 3.712E-02 
1.500E+02 1.346E-08 1.772E-03 2.914E-07 3.570E-02 1.787E-03 3.926E-02 3.926E-02 
2.000E+02 7.572E-09 1.389E-03 2.179E-07 3.732E-02 1.911E-03 4.062E-02 4.062E-02 
3.000E+02 3.364E-09 9.844E-04 1.449E-07 3.923E-02 2.069E-03 4.229E-02 4.229E-02 
4.000E+02 1.893E-09 7.708E-04 1.086E-07 4.036E-02 2.165E-03 4.330E-02 4.330E-02 
5.000E+02 1.211E-09 6.382E-04 8.681E-08 4.111E-02 2.233E-03 4.398E-02 4.398E-02 
6.000E+02 8.413E-10 5.463E-04 7.229E-08 4.165E-02 2.282E-03 4.448E-02 4.448E-02 
8.000E+02 4.732E-10 4.267E-04 5.418E-08 4.237E-02 2.353E-03 4.515E-02 4.515E-02 
1.000E+03 3.028E-10 3.510E-04 4.334E-08 4.284E-02 2.401E-03 4.559E-02 4.559E-02 
1.500E+03 1.346E-10 2.452E-04 2.888E-08 4.353E-02 2.473E-03 4.625E-02 4.625E-02 
2.000E+03 7.572E-11 1.898E-04 2.165E-08 4.391E-02 2.515E-03 4.661E-02 4.661E-02 
3.000E+03 3.364E-11 1.319E-04 1.443E-08 4.431E-02 2.562E-03 4.701E-02 4.701E-02 
4.000E+03 1.893E-11 1.018E-04 1.082E-08 4.454E-02 2.589E-03 4.723E-02 4.723E-02 
5.000E+03 1.211E-11 8.327E-05 8.657E-09 4.467E-02 2.606E-03 4.736E-02 4.736E-02 
6.000E+03 8.413E-12 7.061E-05 7.214E-09 4.476E-02 2.618E-03 4.745E-02 4.745E-02 
8.000E+03 4.732E-12 5.441E-05 5.409E-09 4.490E-02 2.634E-03 4.759E-02 4.759E-02 
1.000E+04 3.028E-12 4.442E-05 4.327E-09 4.497E-02 2.645E-03 4.766E-02 4.766E-02 
1.500E+04 1.346E-12 3.070E-05 2.885E-09 4.509E-02 2.658E-03 4.778E-02 4.778E-02 
2.000E+04 7.572E-13 2.361E-05 2.164E-09 4.515E-02 2.667E-03 4.784E-02 4.784E-02 
3.000E+04 3.364E-13 1.627E-05 1.442E-09 4.521E-02 2.675E-03 4.790E-02 4.790E-02 
4.000E+04 1.893E-13 1.250E-05 1.082E-09 4.524E-02 2.679E-03 4.794E-02 4.794E-02 
5.000E+04 1.211E-13 1.018E-05 8.655E-10 4.526E-02 2.682E-03 4.795E-02 4.795E-02 
6.000E+04 8.413E-14 8.601E-06 7.212E-10 4.527E-02 2.684E-03 4.797E-02 4.797E-02 
8.000E+04 4.732E-14 6.595E-06 5.409E-10 4.530E-02 2.687E-03 4.800E-02 4.800E-02 
1.000E+05 3.028E-14 5.366E-06 4.327E-10 4.530E-02 2.688E-03 4.800E-02 4.800E-02 
