1.000E-03 6.365E+00 8.399E-03 3.858E+03 0.000E+00 0.000E+00 3.864E+03 3.858E+03 
1.500E-03 5.953E+00 1.360E-02 1.487E+03 0.000E+00 0.000E+00 1.493E+03 1.487E+03 
2.000E-03 5.550E+00 1.829E-02 7.363E+02 0.000E+00 0.000E+00 7.419E+02 7.363E+02 
2.080E-03 5.487E+00 1.902E-02 6.684E+02 0.000E+00 0.000E+00 6.739E+02 6.684E+02 
2.080E-03 5.487E+00 1.902E-02 2.620E+03 0.000E+00 0.000E+00 2.626E+03 2.620E+03 
2.117E-03 5.457E+00 1.936E-02 2.474E+03 0.000E+00 0.000E+00 2.480E+03 2.474E+03 
2.155E-03 5.428E+00 1.970E-02 2.336E+03 0.000E+00 0.000E+00 2.342E+03 2.336E+03 
2.155E-03 5.428E+00 1.970E-02 3.257E+03 0.000E+00 0.000E+00 3.263E+03 3.257E+03 
2.261E-03 5.346E+00 2.066E-02 2.905E+03 0.000E+00 0.000E+00 2.910E+03 2.905E+03 
2.373E-03 5.262E+00 2.165E-02 2.593E+03 0.000E+00 0.000E+00 2.598E+03 2.593E+03 
2.373E-03 5.262E+00 2.165E-02 2.956E+03 0.000E+00 0.000E+00 2.961E+03 2.956E+03 
3.000E-03 4.823E+00 2.705E-02 1.649E+03 0.000E+00 0.000E+00 1.654E+03 1.649E+03 
4.000E-03 4.197E+00 3.503E-02 7.891E+02 0.000E+00 0.000E+00 7.934E+02 7.892E+02 
5.000E-03 3.673E+00 4.230E-02 4.387E+02 0.000E+00 0.000E+00 4.424E+02 4.388E+02 
6.000E-03 3.240E+00 4.884E-02 2.693E+02 0.000E+00 0.000E+00 2.725E+02 2.693E+02 
8.000E-03 2.580E+00 5.980E-02 1.231E+02 0.000E+00 0.000E+00 1.258E+02 1.232E+02 
1.000E-02 2.093E+00 6.862E-02 6.655E+01 0.000E+00 0.000E+00 6.871E+01 6.662E+01 
1.500E-02 1.308E+00 8.542E-02 2.139E+01 0.000E+00 0.000E+00 2.278E+01 2.148E+01 
1.704E-02 1.108E+00 9.063E-02 1.492E+01 0.000E+00 0.000E+00 1.611E+01 1.501E+01 
1.704E-02 1.108E+00 9.063E-02 1.017E+02 0.000E+00 0.000E+00 1.029E+02 1.018E+02 
2.000E-02 8.901E-01 9.700E-02 6.757E+01 0.000E+00 0.000E+00 6.855E+01 6.766E+01 
3.000E-02 5.038E-01 1.107E-01 2.269E+01 0.000E+00 0.000E+00 2.331E+01 2.280E+01 
4.000E-02 3.261E-01 1.175E-01 1.020E+01 0.000E+00 0.000E+00 1.064E+01 1.032E+01 
5.000E-02 2.268E-01 1.206E-01 5.416E+00 0.000E+00 0.000E+00 5.764E+00 5.537E+00 
6.000E-02 1.668E-01 1.219E-01 3.204E+00 0.000E+00 0.000E+00 3.493E+00 3.326E+00 
8.000E-02 1.017E-01 1.211E-01 1.385E+00 0.000E+00 0.000E+00 1.607E+00 1.506E+00 
1.000E-01 6.882E-02 1.187E-01 7.173E-01 0.000E+00 0.000E+00 9.048E-01 8.360E-01 
1.500E-01 3.318E-02 1.109E-01 2.155E-01 0.000E+00 0.000E+00 3.595E-01 3.264E-01 
2.000E-01 1.941E-02 1.034E-01 9.205E-02 0.000E+00 0.000E+00 2.149E-01 1.955E-01 
3.000E-01 8.955E-03 9.144E-02 2.849E-02 0.000E+00 0.000E+00 1.289E-01 1.199E-01 
4.000E-01 5.132E-03 8.257E-02 1.285E-02 0.000E+00 0.000E+00 1.006E-01 9.542E-02 
5.000E-01 3.318E-03 7.566E-02 7.146E-03 0.000E+00 0.000E+00 8.613E-02 8.281E-02 
6.000E-01 2.319E-03 7.017E-02 4.536E-03 0.000E+00 0.000E+00 7.703E-02 7.471E-02 
8.000E-01 1.313E-03 6.182E-02 2.328E-03 0.000E+00 0.000E+00 6.546E-02 6.415E-02 
1.000E+00 8.433E-04 5.566E-02 1.451E-03 0.000E+00 0.000E+00 5.795E-02 5.711E-02 
1.022E+00 8.081E-04 5.508E-02 1.380E-03 0.000E+00 0.000E+00 5.726E-02 5.646E-02 
1.250E+00 5.411E-04 4.981E-02 9.314E-04 1.194E-04 0.000E+00 5.141E-02 5.086E-02 
1.500E+00 3.762E-04 4.530E-02 6.691E-04 5.747E-04 0.000E+00 4.692E-02 4.655E-02 
2.000E+00 2.119E-04 3.868E-02 4.094E-04 2.065E-03 0.000E+00 4.137E-02 4.116E-02 
2.044E+00 2.029E-04 3.820E-02 3.952E-04 2.214E-03 0.000E+00 4.101E-02 4.081E-02 
3.000E+00 9.429E-05 3.045E-02 2.194E-04 5.506E-03 1.065E-05 3.628E-02 3.618E-02 
4.000E+00 5.304E-05 2.540E-02 1.464E-04 8.636E-03 4.347E-05 3.428E-02 3.423E-02 
5.000E+00 3.396E-05 2.194E-02 1.089E-04 1.138E-02 8.657E-05 3.355E-02 3.351E-02 
6.000E+00 2.358E-05 1.939E-02 8.630E-05 1.377E-02 1.328E-04 3.341E-02 3.338E-02 
7.000E+00 1.733E-05 1.743E-02 7.126E-05 1.590E-02 1.790E-04 3.360E-02 3.358E-02 
8.000E+00 1.326E-05 1.586E-02 6.065E-05 1.783E-02 2.237E-04 3.399E-02 3.398E-02 
9.000E+00 1.048E-05 1.458E-02 5.273E-05 1.958E-02 2.664E-04 3.449E-02 3.448E-02 
1.000E+01 8.487E-06 1.351E-02 4.662E-05 2.117E-02 3.070E-04 3.504E-02 3.503E-02 
1.100E+01 7.017E-06 1.261E-02 4.175E-05 2.263E-02 3.455E-04 3.563E-02 3.562E-02 
1.200E+01 5.896E-06 1.182E-02 3.780E-05 2.397E-02 3.818E-04 3.621E-02 3.620E-02 
1.300E+01 5.024E-06 1.114E-02 3.452E-05 2.520E-02 4.161E-04 3.679E-02 3.678E-02 
1.400E+01 4.332E-06 1.053E-02 3.176E-05 2.633E-02 4.487E-04 3.735E-02 3.734E-02 
1.500E+01 3.774E-06 1.000E-02 2.940E-05 2.739E-02 4.795E-04 3.790E-02 3.790E-02 
1.600E+01 3.316E-06 9.524E-03 2.737E-05 2.837E-02 5.088E-04 3.844E-02 3.843E-02 
1.800E+01 2.621E-06 8.704E-03 2.405E-05 3.019E-02 5.632E-04 3.948E-02 3.948E-02 
2.000E+01 2.123E-06 8.027E-03 2.144E-05 3.182E-02 6.127E-04 4.049E-02 4.048E-02 
2.200E+01 1.754E-06 7.458E-03 1.933E-05 3.330E-02 6.581E-04 4.144E-02 4.143E-02 
2.400E+01 1.474E-06 6.970E-03 1.760E-05 3.464E-02 6.997E-04 4.233E-02 4.233E-02 
2.600E+01 1.256E-06 6.543E-03 1.616E-05 3.587E-02 7.383E-04 4.316E-02 4.316E-02 
2.800E+01 1.083E-06 6.172E-03 1.494E-05 3.698E-02 7.742E-04 4.395E-02 4.395E-02 
3.000E+01 9.436E-07 5.844E-03 1.388E-05 3.802E-02 8.074E-04 4.469E-02 4.469E-02 
4.000E+01 5.306E-07 4.644E-03 1.026E-05 4.223E-02 9.456E-04 4.783E-02 4.783E-02 
5.000E+01 3.396E-07 3.877E-03 8.135E-06 4.534E-02 1.051E-03 5.028E-02 5.028E-02 
6.000E+01 2.359E-07 3.340E-03 6.738E-06 4.777E-02 1.134E-03 5.226E-02 5.225E-02 
8.000E+01 1.326E-07 2.634E-03 5.015E-06 5.136E-02 1.260E-03 5.526E-02 5.526E-02 
1.000E+02 8.487E-08 2.187E-03 3.994E-06 5.391E-02 1.352E-03 5.745E-02 5.745E-02 
1.500E+02 3.774E-08 1.557E-03 2.646E-06 5.797E-02 1.505E-03 6.103E-02 6.103E-02 
2.000E+02 2.122E-08 1.221E-03 1.979E-06 6.039E-02 1.601E-03 6.322E-02 6.322E-02 
3.000E+02 9.436E-09 8.650E-04 1.315E-06 6.322E-02 1.720E-03 6.580E-02 6.580E-02 
4.000E+02 5.306E-09 6.774E-04 9.849E-07 6.485E-02 1.792E-03 6.732E-02 6.732E-02 
5.000E+02 3.396E-09 5.610E-04 7.871E-07 6.592E-02 1.842E-03 6.832E-02 6.832E-02 
6.000E+02 2.359E-09 4.803E-04 6.555E-07 6.669E-02 1.878E-03 6.905E-02 6.905E-02 
8.000E+02 1.326E-09 3.751E-04 4.912E-07 6.771E-02 1.929E-03 7.001E-02 7.001E-02 
1.000E+03 8.487E-10 3.086E-04 3.928E-07 6.835E-02 1.963E-03 7.062E-02 7.062E-02 
1.500E+03 3.774E-10 2.155E-04 2.617E-07 6.929E-02 2.014E-03 7.152E-02 7.152E-02 
2.000E+03 2.122E-10 1.668E-04 1.962E-07 6.984E-02 2.043E-03 7.205E-02 7.205E-02 
3.000E+03 9.436E-11 1.160E-04 1.308E-07 7.045E-02 2.075E-03 7.264E-02 7.264E-02 
4.000E+03 5.306E-11 8.955E-05 9.808E-08 7.072E-02 2.094E-03 7.290E-02 7.290E-02 
5.000E+03 3.396E-11 7.322E-05 7.844E-08 7.092E-02 2.106E-03 7.310E-02 7.310E-02 
6.000E+03 2.359E-11 6.207E-05 6.537E-08 7.106E-02 2.114E-03 7.323E-02 7.323E-02 
8.000E+03 1.326E-11 4.782E-05 4.902E-08 7.119E-02 2.125E-03 7.336E-02 7.336E-02 
1.000E+04 8.487E-12 3.904E-05 3.922E-08 7.133E-02 2.132E-03 7.350E-02 7.350E-02 
1.500E+04 3.774E-12 2.699E-05 2.614E-08 7.146E-02 2.142E-03 7.363E-02 7.363E-02 
2.000E+04 2.122E-12 2.075E-05 1.961E-08 7.153E-02 2.147E-03 7.370E-02 7.370E-02 
3.000E+04 9.436E-13 1.431E-05 1.307E-08 7.166E-02 2.153E-03 7.383E-02 7.383E-02 
4.000E+04 5.306E-13 1.099E-05 9.801E-09 7.166E-02 2.156E-03 7.383E-02 7.383E-02 
5.000E+04 3.396E-13 8.941E-06 7.844E-09 7.173E-02 2.158E-03 7.390E-02 7.390E-02 
6.000E+04 2.359E-13 7.559E-06 6.535E-09 7.173E-02 2.159E-03 7.390E-02 7.390E-02 
8.000E+04 1.326E-13 5.798E-06 4.901E-09 7.173E-02 2.161E-03 7.390E-02 7.390E-02 
1.000E+05 8.487E-14 4.716E-06 3.921E-09 7.180E-02 2.162E-03 7.397E-02 7.397E-02 
