1.000E-03 6.120E+00 8.406E-03 3.487E+03 0.000E+00 0.000E+00 3.493E+03 3.487E+03 
1.500E-03 5.731E+00 1.334E-02 1.341E+03 0.000E+00 0.000E+00 1.347E+03 1.341E+03 
1.940E-03 5.402E+00 1.735E-02 7.155E+02 0.000E+00 0.000E+00 7.209E+02 7.155E+02 
1.940E-03 5.402E+00 1.735E-02 2.858E+03 0.000E+00 0.000E+00 2.863E+03 2.858E+03 
2.000E-03 5.356E+00 1.790E-02 2.584E+03 0.000E+00 0.000E+00 2.590E+03 2.584E+03 
2.007E-03 5.351E+00 1.796E-02 2.566E+03 0.000E+00 0.000E+00 2.572E+03 2.566E+03 
2.007E-03 5.351E+00 1.796E-02 3.573E+03 0.000E+00 0.000E+00 3.578E+03 3.573E+03 
2.109E-03 5.277E+00 1.888E-02 3.184E+03 0.000E+00 0.000E+00 3.189E+03 3.184E+03 
2.216E-03 5.197E+00 1.983E-02 2.837E+03 0.000E+00 0.000E+00 2.842E+03 2.837E+03 
2.216E-03 5.197E+00 1.983E-02 3.236E+03 0.000E+00 0.000E+00 3.241E+03 3.236E+03 
3.000E-03 4.668E+00 2.658E-02 1.521E+03 0.000E+00 0.000E+00 1.526E+03 1.521E+03 
4.000E-03 4.063E+00 3.455E-02 7.258E+02 0.000E+00 0.000E+00 7.299E+02 7.258E+02 
5.000E-03 3.555E+00 4.182E-02 4.022E+02 0.000E+00 0.000E+00 4.058E+02 4.023E+02 
6.000E-03 3.136E+00 4.829E-02 2.464E+02 0.000E+00 0.000E+00 2.496E+02 2.464E+02 
8.000E-03 2.492E+00 5.911E-02 1.124E+02 0.000E+00 0.000E+00 1.150E+02 1.125E+02 
1.000E-02 2.014E+00 6.795E-02 6.065E+01 0.000E+00 0.000E+00 6.274E+01 6.072E+01 
1.500E-02 1.249E+00 8.481E-02 1.946E+01 0.000E+00 0.000E+00 2.079E+01 1.954E+01 
1.610E-02 1.140E+00 8.777E-02 1.591E+01 0.000E+00 0.000E+00 1.714E+01 1.600E+01 
1.610E-02 1.140E+00 8.777E-02 1.096E+02 0.000E+00 0.000E+00 1.109E+02 1.097E+02 
2.000E-02 8.495E-01 9.643E-02 6.292E+01 0.000E+00 0.000E+00 6.386E+01 6.301E+01 
3.000E-02 4.810E-01 1.100E-01 2.097E+01 0.000E+00 0.000E+00 2.156E+01 2.108E+01 
4.000E-02 3.105E-01 1.166E-01 9.389E+00 0.000E+00 0.000E+00 9.816E+00 9.505E+00 
5.000E-02 2.155E-01 1.197E-01 4.970E+00 0.000E+00 0.000E+00 5.305E+00 5.090E+00 
6.000E-02 1.584E-01 1.208E-01 2.935E+00 0.000E+00 0.000E+00 3.214E+00 3.056E+00 
8.000E-02 9.657E-02 1.200E-01 1.265E+00 0.000E+00 0.000E+00 1.481E+00 1.385E+00 
1.000E-01 6.539E-02 1.175E-01 6.536E-01 0.000E+00 0.000E+00 8.365E-01 7.712E-01 
1.500E-01 3.148E-02 1.098E-01 1.957E-01 0.000E+00 0.000E+00 3.369E-01 3.054E-01 
2.000E-01 1.840E-02 1.024E-01 8.344E-02 0.000E+00 0.000E+00 2.042E-01 1.858E-01 
3.000E-01 8.481E-03 9.045E-02 2.576E-02 0.000E+00 0.000E+00 1.247E-01 1.162E-01 
4.000E-01 4.858E-03 8.165E-02 1.160E-02 0.000E+00 0.000E+00 9.811E-02 9.325E-02 
5.000E-01 3.141E-03 7.485E-02 6.445E-03 0.000E+00 0.000E+00 8.443E-02 8.129E-02 
6.000E-01 2.195E-03 6.942E-02 4.087E-03 0.000E+00 0.000E+00 7.570E-02 7.350E-02 
8.000E-01 1.243E-03 6.114E-02 2.097E-03 0.000E+00 0.000E+00 6.448E-02 6.323E-02 
1.000E+00 7.980E-04 5.503E-02 1.307E-03 0.000E+00 0.000E+00 5.714E-02 5.634E-02 
1.022E+00 7.643E-04 5.445E-02 1.242E-03 0.000E+00 0.000E+00 5.646E-02 5.570E-02 
1.250E+00 5.118E-04 4.925E-02 8.385E-04 1.133E-04 0.000E+00 5.072E-02 5.020E-02 
1.500E+00 3.558E-04 4.479E-02 6.026E-04 5.478E-04 0.000E+00 4.630E-02 4.594E-02 
2.000E+00 2.004E-04 3.824E-02 3.689E-04 1.978E-03 0.000E+00 4.079E-02 4.059E-02 
2.044E+00 1.919E-04 3.777E-02 3.561E-04 2.120E-03 0.000E+00 4.044E-02 4.025E-02 
3.000E+00 8.914E-05 3.010E-02 1.979E-04 5.289E-03 1.054E-05 3.569E-02 3.560E-02 
4.000E+00 5.016E-05 2.511E-02 1.321E-04 8.309E-03 4.298E-05 3.365E-02 3.360E-02 
5.000E+00 3.211E-05 2.169E-02 9.828E-05 1.096E-02 8.557E-05 3.286E-02 3.283E-02 
6.000E+00 2.230E-05 1.918E-02 7.794E-05 1.327E-02 1.313E-04 3.268E-02 3.266E-02 
7.000E+00 1.639E-05 1.723E-02 6.440E-05 1.534E-02 1.770E-04 3.283E-02 3.281E-02 
8.000E+00 1.254E-05 1.568E-02 5.481E-05 1.720E-02 2.212E-04 3.317E-02 3.316E-02 
9.000E+00 9.911E-06 1.442E-02 4.766E-05 1.889E-02 2.634E-04 3.363E-02 3.362E-02 
1.000E+01 8.028E-06 1.336E-02 4.213E-05 2.043E-02 3.036E-04 3.414E-02 3.413E-02 
1.100E+01 6.635E-06 1.246E-02 3.774E-05 2.184E-02 3.417E-04 3.468E-02 3.468E-02 
1.200E+01 5.575E-06 1.168E-02 3.417E-05 2.313E-02 3.776E-04 3.523E-02 3.522E-02 
1.300E+01 4.751E-06 1.101E-02 3.121E-05 2.432E-02 4.115E-04 3.578E-02 3.578E-02 
1.400E+01 4.096E-06 1.041E-02 2.872E-05 2.542E-02 4.437E-04 3.631E-02 3.630E-02 
1.500E+01 3.568E-06 9.890E-03 2.659E-05 2.644E-02 4.742E-04 3.684E-02 3.683E-02 
1.600E+01 3.136E-06 9.416E-03 2.476E-05 2.740E-02 5.033E-04 3.734E-02 3.734E-02 
1.800E+01 2.478E-06 8.605E-03 2.175E-05 2.914E-02 5.571E-04 3.833E-02 3.833E-02 
2.000E+01 2.007E-06 7.938E-03 1.939E-05 3.071E-02 6.061E-04 3.927E-02 3.927E-02 
2.200E+01 1.659E-06 7.375E-03 1.749E-05 3.214E-02 6.510E-04 4.018E-02 4.018E-02 
2.400E+01 1.394E-06 6.887E-03 1.593E-05 3.343E-02 6.921E-04 4.103E-02 4.103E-02 
2.600E+01 1.188E-06 6.468E-03 1.462E-05 3.461E-02 7.306E-04 4.183E-02 4.183E-02 
2.800E+01 1.024E-06 6.102E-03 1.351E-05 3.570E-02 7.657E-04 4.258E-02 4.258E-02 
3.000E+01 8.921E-07 5.778E-03 1.256E-05 3.670E-02 7.986E-04 4.329E-02 4.328E-02 
4.000E+01 5.018E-07 4.591E-03 9.285E-06 4.076E-02 9.354E-04 4.630E-02 4.630E-02 
5.000E+01 3.212E-07 3.832E-03 7.361E-06 4.378E-02 1.040E-03 4.866E-02 4.866E-02 
6.000E+01 2.230E-07 3.302E-03 6.098E-06 4.613E-02 1.122E-03 5.056E-02 5.056E-02 
8.000E+01 1.254E-07 2.604E-03 4.539E-06 4.961E-02 1.247E-03 5.347E-02 5.347E-02 
1.000E+02 8.028E-08 2.162E-03 3.615E-06 5.208E-02 1.338E-03 5.558E-02 5.558E-02 
1.500E+02 3.568E-08 1.540E-03 2.395E-06 5.601E-02 1.490E-03 5.904E-02 5.904E-02 
2.000E+02 2.007E-08 1.207E-03 1.791E-06 5.835E-02 1.586E-03 6.115E-02 6.115E-02 
3.000E+02 8.921E-09 8.557E-04 1.190E-06 6.109E-02 1.704E-03 6.365E-02 6.365E-02 
4.000E+02 5.018E-09 6.700E-04 8.914E-07 6.266E-02 1.775E-03 6.511E-02 6.511E-02 
5.000E+02 3.211E-09 5.546E-04 7.127E-07 6.369E-02 1.824E-03 6.607E-02 6.607E-02 
6.000E+02 2.230E-09 4.749E-04 5.934E-07 6.443E-02 1.860E-03 6.677E-02 6.677E-02 
8.000E+02 1.254E-09 3.709E-04 4.447E-07 6.542E-02 1.910E-03 6.771E-02 6.771E-02 
1.000E+03 8.028E-10 3.051E-04 3.556E-07 6.606E-02 1.944E-03 6.831E-02 6.831E-02 
1.500E+03 3.568E-10 2.131E-04 2.369E-07 6.699E-02 1.995E-03 6.920E-02 6.920E-02 
2.000E+03 2.007E-10 1.649E-04 1.777E-07 6.749E-02 2.023E-03 6.968E-02 6.968E-02 
3.000E+03 8.921E-11 1.146E-04 1.184E-07 6.804E-02 2.055E-03 7.021E-02 7.021E-02 
4.000E+03 5.018E-11 8.852E-05 8.880E-08 6.833E-02 2.074E-03 7.049E-02 7.049E-02 
5.000E+03 3.211E-11 7.237E-05 7.100E-08 6.852E-02 2.085E-03 7.067E-02 7.067E-02 
6.000E+03 2.230E-11 6.137E-05 5.918E-08 6.865E-02 2.094E-03 7.080E-02 7.080E-02 
8.000E+03 1.254E-11 4.728E-05 4.438E-08 6.880E-02 2.105E-03 7.095E-02 7.095E-02 
1.000E+04 8.028E-12 3.861E-05 3.550E-08 6.894E-02 2.111E-03 7.109E-02 7.109E-02 
1.500E+04 3.568E-12 2.668E-05 2.366E-08 6.907E-02 2.121E-03 7.122E-02 7.122E-02 
2.000E+04 2.007E-12 2.051E-05 1.775E-08 6.914E-02 2.127E-03 7.129E-02 7.129E-02 
3.000E+04 8.921E-13 1.414E-05 1.184E-08 6.921E-02 2.132E-03 7.136E-02 7.136E-02 
4.000E+04 5.018E-13 1.086E-05 8.873E-09 6.928E-02 2.135E-03 7.143E-02 7.143E-02 
5.000E+04 3.211E-13 8.846E-06 7.100E-09 6.928E-02 2.138E-03 7.143E-02 7.143E-02 
6.000E+04 2.230E-13 7.478E-06 5.916E-09 6.935E-02 2.139E-03 7.150E-02 7.150E-02 
8.000E+04 1.254E-13 5.732E-06 4.437E-09 6.935E-02 2.140E-03 7.149E-02 7.149E-02 
1.000E+05 8.028E-14 4.663E-06 3.550E-09 6.935E-02 2.141E-03 7.149E-02 7.149E-02 
