1.000E-03 5.223E+00 6.476E-03 1.692E+03 0.000E+00 0.000E+00 1.697E+03 1.692E+03 
1.056E-03 5.192E+00 7.056E-03 1.487E+03 0.000E+00 0.000E+00 1.492E+03 1.487E+03 
1.115E-03 5.159E+00 7.678E-03 1.307E+03 0.000E+00 0.000E+00 1.312E+03 1.307E+03 
1.115E-03 5.159E+00 7.678E-03 3.814E+03 0.000E+00 0.000E+00 3.819E+03 3.814E+03 
1.129E-03 5.151E+00 7.818E-03 4.639E+03 0.000E+00 0.000E+00 4.644E+03 4.639E+03 
1.142E-03 5.143E+00 7.961E-03 5.643E+03 0.000E+00 0.000E+00 5.648E+03 5.643E+03 
1.142E-03 5.143E+00 7.961E-03 7.338E+03 0.000E+00 0.000E+00 7.343E+03 7.338E+03 
1.218E-03 5.103E+00 8.762E-03 6.827E+03 0.000E+00 0.000E+00 6.832E+03 6.827E+03 
1.298E-03 5.060E+00 9.622E-03 6.354E+03 0.000E+00 0.000E+00 6.359E+03 6.354E+03 
1.298E-03 5.060E+00 9.622E-03 7.200E+03 0.000E+00 0.000E+00 7.205E+03 7.200E+03 
1.500E-03 4.936E+00 1.176E-02 5.082E+03 0.000E+00 0.000E+00 5.087E+03 5.082E+03 
2.000E-03 4.631E+00 1.687E-02 2.511E+03 0.000E+00 0.000E+00 2.515E+03 2.511E+03 
3.000E-03 4.045E+00 2.602E-02 8.819E+02 0.000E+00 0.000E+00 8.859E+02 8.819E+02 
4.000E-03 3.521E+00 3.430E-02 4.094E+02 0.000E+00 0.000E+00 4.130E+02 4.094E+02 
5.000E-03 3.059E+00 4.202E-02 2.234E+02 0.000E+00 0.000E+00 2.265E+02 2.235E+02 
6.000E-03 2.657E+00 4.920E-02 1.355E+02 0.000E+00 0.000E+00 1.382E+02 1.356E+02 
8.000E-03 2.020E+00 6.190E-02 6.094E+01 0.000E+00 0.000E+00 6.303E+01 6.101E+01 
1.000E-02 1.573E+00 7.266E-02 3.255E+01 0.000E+00 0.000E+00 3.420E+01 3.263E+01 
1.037E-02 1.508E+00 7.443E-02 2.942E+01 0.000E+00 0.000E+00 3.100E+01 2.949E+01 
1.037E-02 1.508E+00 7.443E-02 2.198E+02 0.000E+00 0.000E+00 2.214E+02 2.199E+02 
1.500E-02 9.501E-01 9.242E-02 8.433E+01 0.000E+00 0.000E+00 8.537E+01 8.442E+01 
2.000E-02 6.520E-01 1.047E-01 3.852E+01 0.000E+00 0.000E+00 3.928E+01 3.863E+01 
3.000E-02 3.653E-01 1.181E-01 1.233E+01 0.000E+00 0.000E+00 1.281E+01 1.244E+01 
4.000E-02 2.310E-01 1.241E-01 5.371E+00 0.000E+00 0.000E+00 5.726E+00 5.495E+00 
5.000E-02 1.594E-01 1.265E-01 2.790E+00 0.000E+00 0.000E+00 3.076E+00 2.916E+00 
6.000E-02 1.172E-01 1.270E-01 1.624E+00 0.000E+00 0.000E+00 1.868E+00 1.751E+00 
8.000E-02 7.159E-02 1.254E-01 6.853E-01 0.000E+00 0.000E+00 8.823E-01 8.107E-01 
1.000E-01 4.833E-02 1.224E-01 3.490E-01 0.000E+00 0.000E+00 5.198E-01 4.714E-01 
1.500E-01 2.303E-02 1.138E-01 1.019E-01 0.000E+00 0.000E+00 2.387E-01 2.157E-01 
2.000E-01 1.339E-02 1.057E-01 4.281E-02 0.000E+00 0.000E+00 1.619E-01 1.485E-01 
3.000E-01 6.145E-03 9.320E-02 1.296E-02 0.000E+00 0.000E+00 1.123E-01 1.062E-01 
4.000E-01 3.509E-03 8.396E-02 5.775E-03 0.000E+00 0.000E+00 9.325E-02 8.974E-02 
5.000E-01 2.265E-03 7.691E-02 3.186E-03 0.000E+00 0.000E+00 8.236E-02 8.009E-02 
6.000E-01 1.580E-03 7.127E-02 2.012E-03 0.000E+00 0.000E+00 7.487E-02 7.329E-02 
8.000E-01 8.931E-04 6.274E-02 1.028E-03 0.000E+00 0.000E+00 6.466E-02 6.377E-02 
1.000E+00 5.731E-04 5.646E-02 6.398E-04 0.000E+00 0.000E+00 5.767E-02 5.710E-02 
1.022E+00 5.487E-04 5.587E-02 6.078E-04 0.000E+00 0.000E+00 5.702E-02 5.647E-02 
1.250E+00 3.673E-04 5.053E-02 4.108E-04 8.581E-05 0.000E+00 5.139E-02 5.102E-02 
1.500E+00 2.553E-04 4.594E-02 2.957E-04 4.270E-04 0.000E+00 4.692E-02 4.666E-02 
2.000E+00 1.437E-04 3.921E-02 1.818E-04 1.589E-03 0.000E+00 4.113E-02 4.098E-02 
2.044E+00 1.376E-04 3.874E-02 1.755E-04 1.707E-03 0.000E+00 4.076E-02 4.062E-02 
3.000E+00 6.392E-05 3.086E-02 9.812E-05 4.350E-03 1.081E-05 3.538E-02 3.532E-02 
4.000E+00 3.597E-05 2.575E-02 6.585E-05 6.905E-03 4.408E-05 3.280E-02 3.276E-02 
5.000E+00 2.302E-05 2.224E-02 4.916E-05 9.155E-03 8.784E-05 3.156E-02 3.153E-02 
6.000E+00 1.599E-05 1.966E-02 3.907E-05 1.114E-02 1.348E-04 3.099E-02 3.097E-02 
7.000E+00 1.175E-05 1.767E-02 3.236E-05 1.292E-02 1.816E-04 3.082E-02 3.081E-02 
8.000E+00 8.991E-06 1.608E-02 2.758E-05 1.451E-02 2.271E-04 3.086E-02 3.085E-02 
9.000E+00 7.107E-06 1.478E-02 2.401E-05 1.596E-02 2.705E-04 3.104E-02 3.103E-02 
1.000E+01 5.756E-06 1.370E-02 2.125E-05 1.727E-02 3.119E-04 3.130E-02 3.130E-02 
1.100E+01 4.757E-06 1.277E-02 1.905E-05 1.846E-02 3.510E-04 3.161E-02 3.160E-02 
1.200E+01 3.997E-06 1.198E-02 1.727E-05 1.955E-02 3.880E-04 3.194E-02 3.193E-02 
1.300E+01 3.406E-06 1.129E-02 1.578E-05 2.055E-02 4.229E-04 3.228E-02 3.228E-02 
1.400E+01 2.937E-06 1.068E-02 1.453E-05 2.148E-02 4.561E-04 3.263E-02 3.263E-02 
1.500E+01 2.558E-06 1.014E-02 1.346E-05 2.235E-02 4.876E-04 3.300E-02 3.299E-02 
1.600E+01 2.248E-06 9.656E-03 1.253E-05 2.317E-02 5.175E-04 3.336E-02 3.336E-02 
1.800E+01 1.777E-06 8.827E-03 1.102E-05 2.469E-02 5.731E-04 3.410E-02 3.410E-02 
2.000E+01 1.439E-06 8.136E-03 9.829E-06 2.602E-02 6.237E-04 3.480E-02 3.479E-02 
2.200E+01 1.189E-06 7.558E-03 8.870E-06 2.724E-02 6.702E-04 3.548E-02 3.548E-02 
2.400E+01 9.993E-07 7.062E-03 8.085E-06 2.835E-02 7.129E-04 3.613E-02 3.613E-02 
2.600E+01 8.515E-07 6.632E-03 7.425E-06 2.935E-02 7.525E-04 3.674E-02 3.674E-02 
2.800E+01 7.343E-07 6.256E-03 6.864E-06 3.028E-02 7.892E-04 3.733E-02 3.733E-02 
3.000E+01 6.396E-07 5.923E-03 6.381E-06 3.113E-02 8.235E-04 3.788E-02 3.788E-02 
4.000E+01 3.597E-07 4.707E-03 4.721E-06 3.462E-02 9.656E-04 4.030E-02 4.030E-02 
5.000E+01 2.303E-07 3.929E-03 3.746E-06 3.722E-02 1.074E-03 4.223E-02 4.223E-02 
6.000E+01 1.599E-07 3.386E-03 3.104E-06 3.926E-02 1.162E-03 4.381E-02 4.381E-02 
8.000E+01 8.991E-08 2.670E-03 2.312E-06 4.227E-02 1.293E-03 4.624E-02 4.624E-02 
1.000E+02 5.756E-08 2.216E-03 1.842E-06 4.442E-02 1.389E-03 4.803E-02 4.803E-02 
1.500E+02 2.558E-08 1.578E-03 1.221E-06 4.784E-02 1.549E-03 5.097E-02 5.097E-02 
2.000E+02 1.439E-08 1.238E-03 9.130E-07 4.988E-02 1.649E-03 5.277E-02 5.277E-02 
3.000E+02 6.395E-09 8.767E-04 6.072E-07 5.226E-02 1.772E-03 5.490E-02 5.490E-02 
4.000E+02 3.597E-09 6.868E-04 4.548E-07 5.363E-02 1.847E-03 5.616E-02 5.616E-02 
5.000E+02 2.303E-09 5.686E-04 3.635E-07 5.453E-02 1.898E-03 5.699E-02 5.699E-02 
6.000E+02 1.599E-09 4.868E-04 3.027E-07 5.517E-02 1.936E-03 5.759E-02 5.759E-02 
8.000E+02 8.991E-10 3.802E-04 2.269E-07 5.602E-02 1.987E-03 5.839E-02 5.839E-02 
1.000E+03 5.756E-10 3.128E-04 1.815E-07 5.657E-02 2.022E-03 5.891E-02 5.891E-02 
1.500E+03 2.558E-10 2.184E-04 1.209E-07 5.738E-02 2.073E-03 5.967E-02 5.967E-02 
2.000E+03 1.439E-10 1.690E-04 9.060E-08 5.781E-02 2.102E-03 6.008E-02 6.008E-02 
3.000E+03 6.395E-11 1.176E-04 6.041E-08 5.828E-02 2.134E-03 6.054E-02 6.054E-02 
4.000E+03 3.597E-11 9.078E-05 4.530E-08 5.853E-02 2.153E-03 6.078E-02 6.078E-02 
5.000E+03 2.303E-11 7.419E-05 3.623E-08 5.870E-02 2.164E-03 6.094E-02 6.094E-02 
6.000E+03 1.599E-11 6.291E-05 3.020E-08 5.881E-02 2.172E-03 6.105E-02 6.105E-02 
8.000E+03 8.991E-12 4.847E-05 2.265E-08 5.895E-02 2.183E-03 6.118E-02 6.118E-02 
1.000E+04 5.756E-12 3.958E-05 1.811E-08 5.904E-02 2.190E-03 6.127E-02 6.127E-02 
1.500E+04 2.558E-12 2.735E-05 1.207E-08 5.917E-02 2.199E-03 6.139E-02 6.139E-02 
2.000E+04 1.439E-12 2.102E-05 9.060E-09 5.923E-02 2.205E-03 6.146E-02 6.146E-02 
3.000E+04 6.395E-13 1.450E-05 6.037E-09 5.931E-02 2.210E-03 6.154E-02 6.154E-02 
4.000E+04 3.597E-13 1.113E-05 4.529E-09 5.935E-02 2.214E-03 6.157E-02 6.157E-02 
5.000E+04 2.303E-13 9.069E-06 3.622E-09 5.937E-02 2.215E-03 6.160E-02 6.160E-02 
6.000E+04 1.599E-13 7.664E-06 3.019E-09 5.939E-02 2.216E-03 6.161E-02 6.161E-02 
8.000E+04 8.991E-14 5.876E-06 2.264E-09 5.941E-02 2.218E-03 6.163E-02 6.163E-02 
1.000E+05 5.756E-14 4.781E-06 1.811E-09 5.942E-02 2.219E-03 6.164E-02 6.164E-02 
