1.000E-03 5.898E+00 4.757E-03 2.848E+03 0.000E+00 0.000E+00 2.854E+03 2.848E+03 
1.500E-03 5.581E+00 9.371E-03 1.087E+03 0.000E+00 0.000E+00 1.093E+03 1.087E+03 
1.675E-03 5.454E+00 1.109E-02 8.307E+02 0.000E+00 0.000E+00 8.362E+02 8.307E+02 
1.675E-03 5.454E+00 1.109E-02 3.911E+03 0.000E+00 0.000E+00 3.916E+03 3.911E+03 
1.701E-03 5.434E+00 1.135E-02 3.514E+03 0.000E+00 0.000E+00 3.519E+03 3.514E+03 
1.727E-03 5.415E+00 1.161E-02 3.160E+03 0.000E+00 0.000E+00 3.165E+03 3.160E+03 
1.727E-03 5.415E+00 1.161E-02 4.559E+03 0.000E+00 0.000E+00 4.564E+03 4.559E+03 
1.822E-03 5.348E+00 1.256E-02 3.981E+03 0.000E+00 0.000E+00 3.987E+03 3.981E+03 
1.921E-03 5.277E+00 1.355E-02 3.478E+03 0.000E+00 0.000E+00 3.483E+03 3.478E+03 
1.921E-03 5.277E+00 1.355E-02 3.942E+03 0.000E+00 0.000E+00 3.948E+03 3.942E+03 
2.000E-03 5.217E+00 1.434E-02 3.595E+03 0.000E+00 0.000E+00 3.600E+03 3.595E+03 
3.000E-03 4.494E+00 2.396E-02 1.301E+03 0.000E+00 0.000E+00 1.305E+03 1.301E+03 
4.000E-03 3.880E+00 3.268E-02 6.148E+02 0.000E+00 0.000E+00 6.187E+02 6.148E+02 
5.000E-03 3.386E+00 4.032E-02 3.391E+02 0.000E+00 0.000E+00 3.425E+02 3.392E+02 
6.000E-03 2.982E+00 4.694E-02 2.071E+02 0.000E+00 0.000E+00 2.101E+02 2.072E+02 
8.000E-03 2.352E+00 5.805E-02 9.407E+01 0.000E+00 0.000E+00 9.648E+01 9.413E+01 
1.000E-02 1.879E+00 6.729E-02 5.062E+01 0.000E+00 0.000E+00 5.257E+01 5.069E+01 
1.433E-02 1.217E+00 8.293E-02 1.841E+01 0.000E+00 0.000E+00 1.971E+01 1.849E+01 
1.433E-02 1.217E+00 8.293E-02 1.300E+02 0.000E+00 0.000E+00 1.313E+02 1.301E+02 
1.500E-02 1.148E+00 8.487E-02 1.156E+02 0.000E+00 0.000E+00 1.168E+02 1.156E+02 
2.000E-02 7.812E-01 9.673E-02 5.460E+01 0.000E+00 0.000E+00 5.548E+01 5.470E+01 
3.000E-02 4.422E-01 1.102E-01 1.798E+01 0.000E+00 0.000E+00 1.853E+01 1.809E+01 
4.000E-02 2.836E-01 1.166E-01 7.991E+00 0.000E+00 0.000E+00 8.391E+00 8.108E+00 
5.000E-02 1.963E-01 1.196E-01 4.207E+00 0.000E+00 0.000E+00 4.523E+00 4.326E+00 
6.000E-02 1.442E-01 1.205E-01 2.474E+00 0.000E+00 0.000E+00 2.739E+00 2.595E+00 
8.000E-02 8.796E-02 1.195E-01 1.060E+00 0.000E+00 0.000E+00 1.267E+00 1.179E+00 
1.000E-01 5.951E-02 1.169E-01 5.457E-01 0.000E+00 0.000E+00 7.221E-01 6.626E-01 
1.500E-01 2.857E-02 1.090E-01 1.623E-01 0.000E+00 0.000E+00 2.998E-01 2.713E-01 
2.000E-01 1.667E-02 1.016E-01 6.888E-02 0.000E+00 0.000E+00 1.872E-01 1.705E-01 
3.000E-01 7.675E-03 8.976E-02 2.116E-02 0.000E+00 0.000E+00 1.186E-01 1.109E-01 
4.000E-01 4.392E-03 8.092E-02 9.493E-03 0.000E+00 0.000E+00 9.480E-02 9.041E-02 
5.000E-01 2.838E-03 7.416E-02 5.265E-03 0.000E+00 0.000E+00 8.227E-02 7.943E-02 
6.000E-01 1.982E-03 6.879E-02 3.335E-03 0.000E+00 0.000E+00 7.410E-02 7.212E-02 
8.000E-01 1.122E-03 6.057E-02 1.709E-03 0.000E+00 0.000E+00 6.340E-02 6.228E-02 
1.000E+00 7.201E-04 5.453E-02 1.064E-03 0.000E+00 0.000E+00 5.631E-02 5.559E-02 
1.022E+00 6.896E-04 5.395E-02 1.012E-03 0.000E+00 0.000E+00 5.566E-02 5.497E-02 
1.250E+00 4.618E-04 4.880E-02 6.833E-04 1.033E-04 0.000E+00 5.004E-02 4.958E-02 
1.500E+00 3.210E-04 4.438E-02 4.913E-04 5.036E-04 0.000E+00 4.569E-02 4.537E-02 
2.000E+00 1.808E-04 3.789E-02 3.010E-04 1.834E-03 0.000E+00 4.020E-02 4.002E-02 
2.044E+00 1.731E-04 3.742E-02 2.906E-04 1.967E-03 0.000E+00 3.985E-02 3.968E-02 
3.000E+00 8.041E-05 2.982E-02 1.618E-04 4.938E-03 1.043E-05 3.501E-02 3.493E-02 
4.000E+00 4.525E-05 2.488E-02 1.082E-04 7.783E-03 4.259E-05 3.286E-02 3.281E-02 
5.000E+00 2.896E-05 2.149E-02 8.056E-05 1.028E-02 8.480E-05 3.197E-02 3.194E-02 
6.000E+00 2.011E-05 1.899E-02 6.389E-05 1.247E-02 1.301E-04 3.168E-02 3.166E-02 
7.000E+00 1.478E-05 1.707E-02 5.283E-05 1.442E-02 1.753E-04 3.173E-02 3.172E-02 
8.000E+00 1.131E-05 1.554E-02 4.498E-05 1.618E-02 2.192E-04 3.199E-02 3.198E-02 
9.000E+00 8.940E-06 1.428E-02 3.912E-05 1.778E-02 2.611E-04 3.237E-02 3.236E-02 
1.000E+01 7.244E-06 1.323E-02 3.460E-05 1.923E-02 3.010E-04 3.280E-02 3.280E-02 
1.100E+01 5.985E-06 1.235E-02 3.100E-05 2.056E-02 3.387E-04 3.328E-02 3.328E-02 
1.200E+01 5.029E-06 1.158E-02 2.808E-05 2.177E-02 3.743E-04 3.376E-02 3.375E-02 
1.300E+01 4.285E-06 1.091E-02 2.565E-05 2.289E-02 4.079E-04 3.424E-02 3.423E-02 
1.400E+01 3.695E-06 1.032E-02 2.361E-05 2.392E-02 4.399E-04 3.471E-02 3.471E-02 
1.500E+01 3.219E-06 9.795E-03 2.186E-05 2.489E-02 4.701E-04 3.518E-02 3.517E-02 
1.600E+01 2.829E-06 9.328E-03 2.035E-05 2.579E-02 4.989E-04 3.564E-02 3.564E-02 
1.800E+01 2.235E-06 8.523E-03 1.789E-05 2.745E-02 5.524E-04 3.655E-02 3.655E-02 
2.000E+01 1.810E-06 7.862E-03 1.595E-05 2.893E-02 6.011E-04 3.741E-02 3.741E-02 
2.200E+01 1.496E-06 7.301E-03 1.439E-05 3.028E-02 6.456E-04 3.824E-02 3.824E-02 
2.400E+01 1.258E-06 6.823E-03 1.311E-05 3.150E-02 6.867E-04 3.903E-02 3.903E-02 
2.600E+01 1.071E-06 6.407E-03 1.203E-05 3.262E-02 7.244E-04 3.976E-02 3.976E-02 
2.800E+01 9.234E-07 6.044E-03 1.112E-05 3.364E-02 7.596E-04 4.046E-02 4.045E-02 
3.000E+01 8.049E-07 5.723E-03 1.033E-05 3.459E-02 7.927E-04 4.111E-02 4.111E-02 
4.000E+01 4.526E-07 4.548E-03 7.639E-06 3.843E-02 9.285E-04 4.392E-02 4.392E-02 
5.000E+01 2.897E-07 3.797E-03 6.060E-06 4.129E-02 1.032E-03 4.613E-02 4.613E-02 
6.000E+01 2.011E-07 3.271E-03 5.020E-06 4.352E-02 1.115E-03 4.791E-02 4.791E-02 
8.000E+01 1.132E-07 2.580E-03 3.738E-06 4.681E-02 1.239E-03 5.063E-02 5.063E-02 
1.000E+02 7.244E-08 2.142E-03 2.977E-06 4.915E-02 1.330E-03 5.262E-02 5.262E-02 
1.500E+02 3.219E-08 1.525E-03 1.973E-06 5.287E-02 1.481E-03 5.588E-02 5.588E-02 
2.000E+02 1.810E-08 1.196E-03 1.475E-06 5.509E-02 1.576E-03 5.786E-02 5.786E-02 
3.000E+02 8.049E-09 8.473E-04 9.809E-07 5.768E-02 1.693E-03 6.022E-02 6.022E-02 
4.000E+02 4.526E-09 6.637E-04 7.344E-07 5.916E-02 1.763E-03 6.159E-02 6.159E-02 
5.000E+02 2.897E-09 5.494E-04 5.870E-07 6.014E-02 1.811E-03 6.250E-02 6.250E-02 
6.000E+02 2.011E-09 4.703E-04 4.889E-07 6.085E-02 1.846E-03 6.316E-02 6.316E-02 
8.000E+02 1.132E-09 3.674E-04 3.664E-07 6.178E-02 1.894E-03 6.404E-02 6.404E-02 
1.000E+03 7.244E-10 3.023E-04 2.930E-07 6.238E-02 1.927E-03 6.461E-02 6.461E-02 
1.500E+03 3.219E-10 2.111E-04 1.952E-07 6.326E-02 1.974E-03 6.545E-02 6.545E-02 
2.000E+03 1.810E-10 1.633E-04 1.464E-07 6.374E-02 2.001E-03 6.590E-02 6.590E-02 
3.000E+03 8.049E-11 1.136E-04 9.752E-08 6.425E-02 2.030E-03 6.640E-02 6.640E-02 
4.000E+03 4.526E-11 8.767E-05 7.316E-08 6.453E-02 2.048E-03 6.666E-02 6.666E-02 
5.000E+03 2.897E-11 7.168E-05 5.851E-08 6.471E-02 2.058E-03 6.684E-02 6.684E-02 
6.000E+03 2.011E-11 6.079E-05 4.876E-08 6.483E-02 2.065E-03 6.695E-02 6.695E-02 
8.000E+03 1.132E-11 4.683E-05 3.656E-08 6.499E-02 2.075E-03 6.711E-02 6.711E-02 
1.000E+04 7.244E-12 3.824E-05 2.925E-08 6.509E-02 2.082E-03 6.721E-02 6.721E-02 
1.500E+04 3.219E-12 2.642E-05 1.950E-08 6.522E-02 2.090E-03 6.734E-02 6.734E-02 
2.000E+04 1.810E-12 2.032E-05 1.462E-08 6.530E-02 2.095E-03 6.742E-02 6.742E-02 
3.000E+04 8.049E-13 1.401E-05 9.752E-09 6.537E-02 2.100E-03 6.749E-02 6.749E-02 
4.000E+04 4.526E-13 1.076E-05 7.308E-09 6.542E-02 2.103E-03 6.753E-02 6.753E-02 
5.000E+04 2.897E-13 8.760E-06 5.849E-09 6.545E-02 2.104E-03 6.756E-02 6.756E-02 
6.000E+04 2.011E-13 7.402E-06 4.874E-09 6.546E-02 2.106E-03 6.757E-02 6.757E-02 
8.000E+04 1.132E-13 5.678E-06 3.656E-09 6.548E-02 2.106E-03 6.759E-02 6.759E-02 
1.000E+05 7.244E-14 4.619E-06 2.925E-09 6.550E-02 2.108E-03 6.761E-02 6.761E-02 
