1.000E-03 4.107E-01 3.079E-02 2.334E+02 0.000E+00 0.000E+00 2.338E+02 2.334E+02 
1.500E-03 3.419E-01 4.575E-02 6.629E+01 0.000E+00 0.000E+00 6.668E+01 6.634E+01 
2.000E-03 2.920E-01 5.534E-02 2.672E+01 0.000E+00 0.000E+00 2.707E+01 2.678E+01 
3.000E-03 2.316E-01 6.915E-02 7.248E+00 0.000E+00 0.000E+00 7.549E+00 7.317E+00 
4.000E-03 1.936E-01 8.122E-02 2.840E+00 0.000E+00 0.000E+00 3.114E+00 2.921E+00 
5.000E-03 1.639E-01 9.223E-02 1.363E+00 0.000E+00 0.000E+00 1.619E+00 1.455E+00 
6.000E-03 1.390E-01 1.021E-01 7.465E-01 0.000E+00 0.000E+00 9.876E-01 8.486E-01 
8.000E-03 1.009E-01 1.177E-01 2.867E-01 0.000E+00 0.000E+00 5.054E-01 4.045E-01 
1.000E-02 7.485E-02 1.287E-01 1.360E-01 0.000E+00 0.000E+00 3.396E-01 2.647E-01 
1.500E-02 4.014E-02 1.426E-01 3.478E-02 0.000E+00 0.000E+00 2.176E-01 1.774E-01 
2.000E-02 2.474E-02 1.477E-01 1.315E-02 0.000E+00 0.000E+00 1.856E-01 1.608E-01 
3.000E-02 1.199E-02 1.491E-01 3.333E-03 0.000E+00 0.000E+00 1.644E-01 1.524E-01 
4.000E-02 7.006E-03 1.468E-01 1.254E-03 0.000E+00 0.000E+00 1.551E-01 1.481E-01 
5.000E-02 4.572E-03 1.437E-01 5.874E-04 0.000E+00 0.000E+00 1.488E-01 1.443E-01 
6.000E-02 3.211E-03 1.403E-01 3.162E-04 0.000E+00 0.000E+00 1.438E-01 1.406E-01 
8.000E-02 1.827E-03 1.336E-01 1.191E-04 0.000E+00 0.000E+00 1.356E-01 1.337E-01 
1.000E-01 1.176E-03 1.276E-01 5.608E-05 0.000E+00 0.000E+00 1.289E-01 1.277E-01 
1.500E-01 5.257E-04 1.152E-01 1.445E-05 0.000E+00 0.000E+00 1.158E-01 1.152E-01 
2.000E-01 2.963E-04 1.057E-01 5.623E-06 0.000E+00 0.000E+00 1.060E-01 1.057E-01 
3.000E-01 1.319E-04 9.197E-02 1.558E-06 0.000E+00 0.000E+00 9.210E-02 9.197E-02 
4.000E-01 7.421E-05 8.242E-02 6.607E-07 0.000E+00 0.000E+00 8.249E-02 8.242E-02 
5.000E-01 4.750E-05 7.527E-02 3.541E-07 0.000E+00 0.000E+00 7.532E-02 7.527E-02 
6.000E-01 3.300E-05 6.964E-02 2.198E-07 0.000E+00 0.000E+00 6.968E-02 6.964E-02 
8.000E-01 1.856E-05 6.119E-02 1.107E-07 0.000E+00 0.000E+00 6.121E-02 6.119E-02 
1.000E+00 1.188E-05 5.502E-02 6.888E-08 0.000E+00 0.000E+00 5.503E-02 5.502E-02 
1.022E+00 1.137E-05 5.443E-02 6.106E-08 0.000E+00 0.000E+00 5.445E-02 5.443E-02 
1.250E+00 7.604E-06 4.919E-02 4.154E-08 6.118E-06 0.000E+00 4.921E-02 4.920E-02 
1.500E+00 5.280E-06 4.472E-02 3.025E-08 3.430E-05 0.000E+00 4.476E-02 4.475E-02 
2.000E+00 2.970E-06 3.816E-02 1.919E-08 1.373E-04 0.000E+00 3.830E-02 3.830E-02 
2.044E+00 2.844E-06 3.769E-02 1.858E-08 1.481E-04 0.000E+00 3.784E-02 3.784E-02 
3.000E+00 1.320E-06 3.002E-02 1.085E-08 3.943E-04 1.050E-05 3.043E-02 3.042E-02 
4.000E+00 7.426E-07 2.504E-02 7.499E-09 6.406E-04 4.288E-05 2.572E-02 2.572E-02 
5.000E+00 4.753E-07 2.162E-02 5.714E-09 8.602E-04 8.544E-05 2.257E-02 2.257E-02 
6.000E+00 3.300E-07 1.911E-02 4.610E-09 1.058E-03 1.313E-04 2.030E-02 2.030E-02 
7.000E+00 2.425E-07 1.718E-02 3.861E-09 1.234E-03 1.769E-04 1.859E-02 1.859E-02 
8.000E+00 1.857E-07 1.563E-02 3.320E-09 1.393E-03 2.213E-04 1.725E-02 1.725E-02 
9.000E+00 1.467E-07 1.437E-02 2.911E-09 1.537E-03 2.639E-04 1.617E-02 1.617E-02 
1.000E+01 1.188E-07 1.332E-02 2.592E-09 1.669E-03 3.044E-04 1.529E-02 1.529E-02 
1.100E+01 9.821E-08 1.242E-02 2.335E-09 1.789E-03 3.430E-04 1.455E-02 1.455E-02 
1.200E+01 8.251E-08 1.164E-02 2.124E-09 1.899E-03 3.794E-04 1.392E-02 1.392E-02 
1.300E+01 7.030E-08 1.098E-02 1.949E-09 2.002E-03 4.138E-04 1.339E-02 1.339E-02 
1.400E+01 6.062E-08 1.038E-02 1.799E-09 2.098E-03 4.466E-04 1.292E-02 1.292E-02 
1.500E+01 5.280E-08 9.856E-03 1.672E-09 2.187E-03 4.779E-04 1.252E-02 1.252E-02 
1.600E+01 4.641E-08 9.388E-03 1.561E-09 2.272E-03 5.077E-04 1.217E-02 1.217E-02 
1.800E+01 3.667E-08 8.578E-03 1.378E-09 2.428E-03 5.632E-04 1.157E-02 1.157E-02 
2.000E+01 2.971E-08 7.910E-03 1.233E-09 2.567E-03 6.140E-04 1.109E-02 1.109E-02 
2.200E+01 2.454E-08 7.347E-03 1.116E-09 2.695E-03 6.610E-04 1.070E-02 1.070E-02 
2.400E+01 2.062E-08 6.865E-03 1.019E-09 2.811E-03 7.043E-04 1.038E-02 1.038E-02 
2.600E+01 1.758E-08 6.446E-03 9.379E-10 2.919E-03 7.448E-04 1.011E-02 1.011E-02 
2.800E+01 1.516E-08 6.081E-03 8.685E-10 3.018E-03 7.825E-04 9.881E-03 9.881E-03 
3.000E+01 1.321E-08 5.758E-03 8.085E-10 3.110E-03 8.179E-04 9.687E-03 9.687E-03 
4.000E+01 7.425E-09 4.576E-03 6.013E-10 3.491E-03 9.674E-04 9.035E-03 9.035E-03 
5.000E+01 4.752E-09 3.820E-03 4.787E-10 3.778E-03 1.085E-03 8.683E-03 8.683E-03 
6.000E+01 3.300E-09 3.291E-03 3.975E-10 4.009E-03 1.181E-03 8.481E-03 8.481E-03 
8.000E+01 1.856E-09 2.596E-03 2.969E-10 4.363E-03 1.330E-03 8.289E-03 8.289E-03 
1.000E+02 1.188E-09 2.154E-03 2.369E-10 4.617E-03 1.444E-03 8.215E-03 8.215E-03 
1.500E+02 5.279E-10 1.534E-03 1.574E-10 5.033E-03 1.642E-03 8.209E-03 8.209E-03 
2.000E+02 2.969E-10 1.203E-03 1.178E-10 5.292E-03 1.772E-03 8.267E-03 8.267E-03 
3.000E+02 1.320E-10 8.525E-04 7.842E-11 5.609E-03 1.942E-03 8.403E-03 8.403E-03 
4.000E+02 7.423E-11 6.677E-04 5.877E-11 5.798E-03 2.050E-03 8.516E-03 8.516E-03 
5.000E+02 4.751E-11 5.527E-04 4.699E-11 5.927E-03 2.128E-03 8.608E-03 8.608E-03 
6.000E+02 3.300E-11 4.732E-04 3.915E-11 6.020E-03 2.187E-03 8.680E-03 8.680E-03 
8.000E+02 1.856E-11 3.696E-04 2.935E-11 6.147E-03 2.272E-03 8.789E-03 8.789E-03 
1.000E+03 1.188E-11 3.041E-04 2.347E-11 6.231E-03 2.331E-03 8.867E-03 8.867E-03 
1.500E+03 5.279E-12 2.124E-04 1.564E-11 6.354E-03 2.423E-03 8.990E-03 8.990E-03 
2.000E+03 2.969E-12 1.643E-04 1.173E-11 6.424E-03 2.478E-03 9.066E-03 9.066E-03 
3.000E+03 1.320E-12 1.143E-04 7.819E-12 6.499E-03 2.540E-03 9.154E-03 9.154E-03 
4.000E+03 7.423E-13 8.824E-05 5.863E-12 6.540E-03 2.577E-03 9.205E-03 9.205E-03 
5.000E+03 4.751E-13 7.213E-05 4.690E-12 6.566E-03 2.600E-03 9.239E-03 9.239E-03 
6.000E+03 3.300E-13 6.116E-05 3.909E-12 6.585E-03 2.617E-03 9.263E-03 9.263E-03 
8.000E+03 1.856E-13 4.712E-05 2.932E-12 6.609E-03 2.639E-03 9.295E-03 9.295E-03 
1.000E+04 1.188E-13 3.847E-05 2.345E-12 6.624E-03 2.653E-03 9.316E-03 9.316E-03 
1.500E+04 5.279E-14 2.658E-05 1.563E-12 6.645E-03 2.674E-03 9.346E-03 9.346E-03 
2.000E+04 2.969E-14 2.044E-05 1.172E-12 6.657E-03 2.685E-03 9.363E-03 9.363E-03 
3.000E+04 1.320E-14 1.410E-05 7.816E-13 6.669E-03 2.697E-03 9.380E-03 9.380E-03 
4.000E+04 7.423E-15 1.082E-05 5.862E-13 6.675E-03 2.703E-03 9.390E-03 9.390E-03 
5.000E+04 4.751E-15 8.815E-06 4.689E-13 6.680E-03 2.708E-03 9.396E-03 9.396E-03 
6.000E+04 3.300E-15 7.449E-06 3.908E-13 6.682E-03 2.711E-03 9.401E-03 9.401E-03 
8.000E+04 1.856E-15 5.712E-06 2.931E-13 6.686E-03 2.714E-03 9.405E-03 9.405E-03 
1.000E+05 1.188E-15 4.647E-06 2.345E-13 6.688E-03 2.717E-03 9.409E-03 9.409E-03 
