1.000E-03 5.559E+00 5.391E-03 2.312E+03 0.000E+00 0.000E+00 2.317E+03 2.312E+03 
1.198E-03 5.443E+00 7.276E-03 1.502E+03 0.000E+00 0.000E+00 1.507E+03 1.502E+03 
1.436E-03 5.290E+00 9.678E-03 9.762E+02 0.000E+00 0.000E+00 9.815E+02 9.762E+02 
1.436E-03 5.290E+00 9.678E-03 4.343E+03 0.000E+00 0.000E+00 4.349E+03 4.343E+03 
1.456E-03 5.276E+00 9.883E-03 4.117E+03 0.000E+00 0.000E+00 4.122E+03 4.117E+03 
1.476E-03 5.262E+00 1.009E-02 3.902E+03 0.000E+00 0.000E+00 3.907E+03 3.902E+03 
1.476E-03 5.262E+00 1.009E-02 5.589E+03 0.000E+00 0.000E+00 5.594E+03 5.589E+03 
1.500E-03 5.246E+00 1.033E-02 5.330E+03 0.000E+00 0.000E+00 5.336E+03 5.330E+03 
1.654E-03 5.138E+00 1.191E-02 4.337E+03 0.000E+00 0.000E+00 4.343E+03 4.337E+03 
1.654E-03 5.138E+00 1.191E-02 4.910E+03 0.000E+00 0.000E+00 4.915E+03 4.910E+03 
2.000E-03 4.898E+00 1.544E-02 3.093E+03 0.000E+00 0.000E+00 3.098E+03 3.093E+03 
3.000E-03 4.234E+00 2.501E-02 1.112E+03 0.000E+00 0.000E+00 1.116E+03 1.112E+03 
4.000E-03 3.677E+00 3.341E-02 5.214E+02 0.000E+00 0.000E+00 5.252E+02 5.215E+02 
5.000E-03 3.218E+00 4.074E-02 2.864E+02 0.000E+00 0.000E+00 2.896E+02 2.864E+02 
6.000E-03 2.830E+00 4.727E-02 1.744E+02 0.000E+00 0.000E+00 1.773E+02 1.745E+02 
8.000E-03 2.207E+00 5.864E-02 7.886E+01 0.000E+00 0.000E+00 8.113E+01 7.892E+01 
1.000E-02 1.743E+00 6.829E-02 4.232E+01 0.000E+00 0.000E+00 4.413E+01 4.239E+01 
1.266E-02 1.310E+00 7.901E-02 2.179E+01 0.000E+00 0.000E+00 2.318E+01 2.187E+01 
1.266E-02 1.310E+00 7.901E-02 1.575E+02 0.000E+00 0.000E+00 1.589E+02 1.576E+02 
1.500E-02 1.056E+00 8.656E-02 1.021E+02 0.000E+00 0.000E+00 1.033E+02 1.022E+02 
2.000E-02 7.213E-01 9.854E-02 4.736E+01 0.000E+00 0.000E+00 4.818E+01 4.746E+01 
3.000E-02 4.073E-01 1.119E-01 1.544E+01 0.000E+00 0.000E+00 1.596E+01 1.556E+01 
4.000E-02 2.596E-01 1.182E-01 6.806E+00 0.000E+00 0.000E+00 7.184E+00 6.924E+00 
5.000E-02 1.794E-01 1.209E-01 3.564E+00 0.000E+00 0.000E+00 3.864E+00 3.685E+00 
6.000E-02 1.318E-01 1.216E-01 2.087E+00 0.000E+00 0.000E+00 2.341E+00 2.209E+00 
8.000E-02 8.039E-02 1.204E-01 8.893E-01 0.000E+00 0.000E+00 1.090E+00 1.010E+00 
1.000E-01 5.438E-02 1.177E-01 4.558E-01 0.000E+00 0.000E+00 6.278E-01 5.735E-01 
1.500E-01 2.603E-02 1.097E-01 1.345E-01 0.000E+00 0.000E+00 2.702E-01 2.442E-01 
2.000E-01 1.516E-02 1.021E-01 5.688E-02 0.000E+00 0.000E+00 1.742E-01 1.590E-01 
3.000E-01 6.974E-03 9.007E-02 1.737E-02 0.000E+00 0.000E+00 1.144E-01 1.074E-01 
4.000E-01 3.987E-03 8.123E-02 7.772E-03 0.000E+00 0.000E+00 9.298E-02 8.900E-02 
5.000E-01 2.575E-03 7.441E-02 4.302E-03 0.000E+00 0.000E+00 8.129E-02 7.872E-02 
6.000E-01 1.798E-03 6.898E-02 2.721E-03 0.000E+00 0.000E+00 7.350E-02 7.171E-02 
8.000E-01 1.017E-03 6.073E-02 1.393E-03 0.000E+00 0.000E+00 6.314E-02 6.213E-02 
1.000E+00 6.527E-04 5.467E-02 8.672E-04 0.000E+00 0.000E+00 5.619E-02 5.554E-02 
1.022E+00 6.251E-04 5.409E-02 8.245E-04 0.000E+00 0.000E+00 5.554E-02 5.491E-02 
1.250E+00 4.186E-04 4.892E-02 5.568E-04 9.503E-05 0.000E+00 4.999E-02 4.957E-02 
1.500E+00 2.910E-04 4.448E-02 4.006E-04 4.672E-04 0.000E+00 4.564E-02 4.535E-02 
2.000E+00 1.638E-04 3.797E-02 2.457E-04 1.716E-03 0.000E+00 4.010E-02 3.994E-02 
2.044E+00 1.569E-04 3.751E-02 2.373E-04 1.841E-03 0.000E+00 3.974E-02 3.959E-02 
3.000E+00 7.286E-05 2.989E-02 1.322E-04 4.652E-03 1.046E-05 3.476E-02 3.468E-02 
4.000E+00 4.099E-05 2.494E-02 8.855E-05 7.355E-03 4.269E-05 3.247E-02 3.243E-02 
5.000E+00 2.624E-05 2.154E-02 6.602E-05 9.732E-03 8.504E-05 3.145E-02 3.142E-02 
6.000E+00 1.822E-05 1.904E-02 5.241E-05 1.181E-02 1.305E-04 3.105E-02 3.103E-02 
7.000E+00 1.339E-05 1.711E-02 4.337E-05 1.368E-02 1.758E-04 3.103E-02 3.102E-02 
8.000E+00 1.025E-05 1.557E-02 3.694E-05 1.535E-02 2.197E-04 3.119E-02 3.118E-02 
9.000E+00 8.100E-06 1.432E-02 3.214E-05 1.688E-02 2.618E-04 3.150E-02 3.149E-02 
1.000E+01 6.561E-06 1.326E-02 2.843E-05 1.826E-02 3.018E-04 3.186E-02 3.185E-02 
1.100E+01 5.423E-06 1.237E-02 2.548E-05 1.952E-02 3.397E-04 3.227E-02 3.226E-02 
1.200E+01 4.556E-06 1.160E-02 2.308E-05 2.068E-02 3.754E-04 3.268E-02 3.268E-02 
1.300E+01 3.882E-06 1.093E-02 2.109E-05 2.174E-02 4.091E-04 3.310E-02 3.310E-02 
1.400E+01 3.347E-06 1.034E-02 1.941E-05 2.272E-02 4.412E-04 3.353E-02 3.352E-02 
1.500E+01 2.916E-06 9.816E-03 1.798E-05 2.364E-02 4.716E-04 3.395E-02 3.395E-02 
1.600E+01 2.563E-06 9.350E-03 1.674E-05 2.450E-02 5.005E-04 3.438E-02 3.437E-02 
1.800E+01 2.025E-06 8.542E-03 1.471E-05 2.608E-02 5.542E-04 3.519E-02 3.519E-02 
2.000E+01 1.641E-06 7.879E-03 1.313E-05 2.749E-02 6.031E-04 3.599E-02 3.599E-02 
2.200E+01 1.356E-06 7.319E-03 1.184E-05 2.877E-02 6.479E-04 3.675E-02 3.675E-02 
2.400E+01 1.139E-06 6.840E-03 1.078E-05 2.994E-02 6.892E-04 3.748E-02 3.747E-02 
2.600E+01 9.709E-07 6.423E-03 9.907E-06 3.100E-02 7.272E-04 3.816E-02 3.816E-02 
2.800E+01 8.367E-07 6.059E-03 9.152E-06 3.197E-02 7.627E-04 3.880E-02 3.880E-02 
3.000E+01 7.290E-07 5.737E-03 8.512E-06 3.287E-02 7.955E-04 3.941E-02 3.941E-02 
4.000E+01 4.101E-07 4.559E-03 6.294E-06 3.654E-02 9.328E-04 4.204E-02 4.204E-02 
5.000E+01 2.624E-07 3.805E-03 4.992E-06 3.927E-02 1.037E-03 4.412E-02 4.412E-02 
6.000E+01 1.823E-07 3.279E-03 4.136E-06 4.140E-02 1.120E-03 4.580E-02 4.580E-02 
8.000E+01 1.025E-07 2.585E-03 3.080E-06 4.455E-02 1.245E-03 4.838E-02 4.838E-02 
1.000E+02 6.561E-08 2.146E-03 2.454E-06 4.679E-02 1.338E-03 5.028E-02 5.028E-02 
1.500E+02 2.916E-08 1.528E-03 1.626E-06 5.035E-02 1.490E-03 5.337E-02 5.337E-02 
2.000E+02 1.641E-08 1.198E-03 1.216E-06 5.248E-02 1.586E-03 5.527E-02 5.527E-02 
3.000E+02 7.290E-09 8.496E-04 8.084E-07 5.495E-02 1.704E-03 5.751E-02 5.751E-02 
4.000E+02 4.100E-09 6.652E-04 6.053E-07 5.638E-02 1.776E-03 5.882E-02 5.882E-02 
5.000E+02 2.624E-09 5.507E-04 4.838E-07 5.732E-02 1.824E-03 5.969E-02 5.969E-02 
6.000E+02 1.823E-09 4.715E-04 4.030E-07 5.798E-02 1.859E-03 6.031E-02 6.031E-02 
8.000E+02 1.025E-09 3.682E-04 3.020E-07 5.887E-02 1.909E-03 6.115E-02 6.115E-02 
1.000E+03 6.561E-10 3.029E-04 2.415E-07 5.945E-02 1.942E-03 6.170E-02 6.170E-02 
1.500E+03 2.916E-10 2.116E-04 1.609E-07 6.029E-02 1.991E-03 6.249E-02 6.249E-02 
2.000E+03 1.641E-10 1.637E-04 1.207E-07 6.074E-02 2.018E-03 6.292E-02 6.292E-02 
3.000E+03 7.290E-11 1.139E-04 8.039E-08 6.124E-02 2.048E-03 6.340E-02 6.340E-02 
4.000E+03 4.100E-11 8.786E-05 6.030E-08 6.150E-02 2.065E-03 6.366E-02 6.366E-02 
5.000E+03 2.624E-11 7.185E-05 4.823E-08 6.167E-02 2.076E-03 6.382E-02 6.382E-02 
6.000E+03 1.823E-11 6.093E-05 4.019E-08 6.178E-02 2.084E-03 6.393E-02 6.393E-02 
8.000E+03 1.025E-11 4.694E-05 3.014E-08 6.194E-02 2.094E-03 6.408E-02 6.408E-02 
1.000E+04 6.561E-12 3.832E-05 2.412E-08 6.203E-02 2.100E-03 6.417E-02 6.417E-02 
1.500E+04 2.916E-12 2.649E-05 1.608E-08 6.217E-02 2.109E-03 6.430E-02 6.430E-02 
2.000E+04 1.641E-12 2.036E-05 1.206E-08 6.223E-02 2.114E-03 6.437E-02 6.437E-02 
3.000E+04 7.290E-13 1.404E-05 8.039E-09 6.231E-02 2.119E-03 6.444E-02 6.444E-02 
4.000E+04 4.100E-13 1.078E-05 6.027E-09 6.235E-02 2.122E-03 6.448E-02 6.448E-02 
5.000E+04 2.624E-13 8.778E-06 4.822E-09 6.237E-02 2.124E-03 6.450E-02 6.450E-02 
6.000E+04 1.823E-13 7.422E-06 4.019E-09 6.239E-02 2.125E-03 6.452E-02 6.452E-02 
8.000E+04 1.025E-13 5.691E-06 3.013E-09 6.241E-02 2.126E-03 6.454E-02 6.454E-02 
1.000E+05 6.561E-14 4.630E-06 2.411E-09 6.243E-02 2.127E-03 6.456E-02 6.456E-02 
