1.000E-03 5.509E+00 5.811E-03 2.116E+03 0.000E+00 0.000E+00 2.121E+03 2.116E+03 
1.150E-03 5.420E+00 7.285E-03 1.517E+03 0.000E+00 0.000E+00 1.522E+03 1.517E+03 
1.323E-03 5.315E+00 9.067E-03 1.087E+03 0.000E+00 0.000E+00 1.092E+03 1.087E+03 
1.323E-03 5.315E+00 9.067E-03 4.527E+03 0.000E+00 0.000E+00 4.532E+03 4.527E+03 
1.341E-03 5.303E+00 9.250E-03 4.484E+03 0.000E+00 0.000E+00 4.489E+03 4.484E+03 
1.359E-03 5.291E+00 9.437E-03 4.441E+03 0.000E+00 0.000E+00 4.446E+03 4.441E+03 
1.359E-03 5.291E+00 9.437E-03 6.077E+03 0.000E+00 0.000E+00 6.083E+03 6.077E+03 
1.500E-03 5.195E+00 1.090E-02 5.221E+03 0.000E+00 0.000E+00 5.226E+03 5.221E+03 
1.526E-03 5.177E+00 1.117E-02 4.992E+03 0.000E+00 0.000E+00 4.998E+03 4.992E+03 
1.526E-03 5.177E+00 1.117E-02 5.648E+03 0.000E+00 0.000E+00 5.653E+03 5.648E+03 
2.000E-03 4.853E+00 1.604E-02 2.927E+03 0.000E+00 0.000E+00 2.931E+03 2.927E+03 
3.000E-03 4.209E+00 2.561E-02 1.045E+03 0.000E+00 0.000E+00 1.049E+03 1.045E+03 
4.000E-03 3.665E+00 3.404E-02 4.884E+02 0.000E+00 0.000E+00 4.921E+02 4.884E+02 
5.000E-03 3.206E+00 4.152E-02 2.677E+02 0.000E+00 0.000E+00 2.709E+02 2.677E+02 
6.000E-03 2.812E+00 4.829E-02 1.628E+02 0.000E+00 0.000E+00 1.656E+02 1.628E+02 
8.000E-03 2.176E+00 6.023E-02 7.349E+01 0.000E+00 0.000E+00 7.573E+01 7.355E+01 
1.000E-02 1.710E+00 7.036E-02 3.937E+01 0.000E+00 0.000E+00 4.115E+01 3.944E+01 
1.187E-02 1.397E+00 7.837E-02 2.430E+01 0.000E+00 0.000E+00 2.577E+01 2.438E+01 
1.187E-02 1.397E+00 7.837E-02 1.778E+02 0.000E+00 0.000E+00 1.793E+02 1.779E+02 
1.500E-02 1.034E+00 8.938E-02 9.742E+01 0.000E+00 0.000E+00 9.854E+01 9.751E+01 
2.000E-02 7.069E-01 1.017E-01 4.484E+01 0.000E+00 0.000E+00 4.564E+01 4.494E+01 
3.000E-02 3.984E-01 1.153E-01 1.454E+01 0.000E+00 0.000E+00 1.505E+01 1.466E+01 
4.000E-02 2.532E-01 1.215E-01 6.386E+00 0.000E+00 0.000E+00 6.761E+00 6.508E+00 
5.000E-02 1.748E-01 1.242E-01 3.336E+00 0.000E+00 0.000E+00 3.635E+00 3.460E+00 
6.000E-02 1.284E-01 1.249E-01 1.950E+00 0.000E+00 0.000E+00 2.203E+00 2.075E+00 
8.000E-02 7.841E-02 1.235E-01 8.279E-01 0.000E+00 0.000E+00 1.030E+00 9.514E-01 
1.000E-01 5.300E-02 1.206E-01 4.234E-01 0.000E+00 0.000E+00 5.971E-01 5.441E-01 
1.500E-01 2.533E-02 1.123E-01 1.247E-01 0.000E+00 0.000E+00 2.623E-01 2.370E-01 
2.000E-01 1.474E-02 1.046E-01 5.254E-02 0.000E+00 0.000E+00 1.719E-01 1.571E-01 
3.000E-01 6.778E-03 9.219E-02 1.600E-02 0.000E+00 0.000E+00 1.150E-01 1.082E-01 
4.000E-01 3.874E-03 8.311E-02 7.151E-03 0.000E+00 0.000E+00 9.414E-02 9.026E-02 
5.000E-01 2.501E-03 7.614E-02 3.954E-03 0.000E+00 0.000E+00 8.259E-02 8.009E-02 
6.000E-01 1.746E-03 7.058E-02 2.501E-03 0.000E+00 0.000E+00 7.483E-02 7.308E-02 
8.000E-01 9.871E-04 6.213E-02 1.279E-03 0.000E+00 0.000E+00 6.440E-02 6.341E-02 
1.000E+00 6.336E-04 5.592E-02 7.959E-04 0.000E+00 0.000E+00 5.735E-02 5.672E-02 
1.022E+00 6.068E-04 5.533E-02 7.564E-04 0.000E+00 0.000E+00 5.670E-02 5.609E-02 
1.250E+00 4.062E-04 5.004E-02 5.111E-04 9.308E-05 0.000E+00 5.105E-02 5.065E-02 
1.500E+00 2.824E-04 4.550E-02 3.677E-04 4.592E-04 0.000E+00 4.661E-02 4.633E-02 
2.000E+00 1.590E-04 3.885E-02 2.257E-04 1.694E-03 0.000E+00 4.093E-02 4.077E-02 
2.044E+00 1.522E-04 3.837E-02 2.180E-04 1.818E-03 0.000E+00 4.056E-02 4.041E-02 
3.000E+00 7.071E-05 3.058E-02 1.216E-04 4.607E-03 1.070E-05 3.539E-02 3.532E-02 
4.000E+00 3.979E-05 2.550E-02 8.150E-05 7.294E-03 4.367E-05 3.296E-02 3.292E-02 
5.000E+00 2.546E-05 2.203E-02 6.077E-05 9.662E-03 8.697E-05 3.187E-02 3.184E-02 
6.000E+00 1.768E-05 1.948E-02 4.827E-05 1.174E-02 1.335E-04 3.141E-02 3.139E-02 
7.000E+00 1.300E-05 1.751E-02 3.995E-05 1.359E-02 1.799E-04 3.133E-02 3.132E-02 
8.000E+00 9.951E-06 1.593E-02 3.403E-05 1.526E-02 2.248E-04 3.146E-02 3.145E-02 
9.000E+00 7.861E-06 1.465E-02 2.962E-05 1.678E-02 2.679E-04 3.173E-02 3.173E-02 
1.000E+01 6.368E-06 1.357E-02 2.620E-05 1.816E-02 3.088E-04 3.207E-02 3.206E-02 
1.100E+01 5.262E-06 1.265E-02 2.349E-05 1.941E-02 3.476E-04 3.244E-02 3.243E-02 
1.200E+01 4.422E-06 1.187E-02 2.128E-05 2.056E-02 3.841E-04 3.284E-02 3.284E-02 
1.300E+01 3.767E-06 1.118E-02 1.944E-05 2.161E-02 4.186E-04 3.324E-02 3.323E-02 
1.400E+01 3.249E-06 1.058E-02 1.790E-05 2.259E-02 4.515E-04 3.365E-02 3.364E-02 
1.500E+01 2.830E-06 1.004E-02 1.658E-05 2.351E-02 4.826E-04 3.405E-02 3.405E-02 
1.600E+01 2.487E-06 9.565E-03 1.544E-05 2.437E-02 5.123E-04 3.447E-02 3.446E-02 
1.800E+01 1.965E-06 8.737E-03 1.358E-05 2.594E-02 5.672E-04 3.526E-02 3.526E-02 
2.000E+01 1.592E-06 8.062E-03 1.211E-05 2.734E-02 6.172E-04 3.603E-02 3.603E-02 
2.200E+01 1.316E-06 7.487E-03 1.092E-05 2.861E-02 6.631E-04 3.678E-02 3.678E-02 
2.400E+01 1.105E-06 6.996E-03 9.951E-06 2.977E-02 7.053E-04 3.749E-02 3.748E-02 
2.600E+01 9.420E-07 6.569E-03 9.139E-06 3.083E-02 7.444E-04 3.815E-02 3.815E-02 
2.800E+01 8.118E-07 6.197E-03 8.448E-06 3.180E-02 7.807E-04 3.879E-02 3.878E-02 
3.000E+01 7.075E-07 5.868E-03 7.852E-06 3.270E-02 8.142E-04 3.939E-02 3.939E-02 
4.000E+01 3.980E-07 4.663E-03 5.808E-06 3.635E-02 9.549E-04 4.197E-02 4.197E-02 
5.000E+01 2.547E-07 3.893E-03 4.607E-06 3.907E-02 1.062E-03 4.403E-02 4.403E-02 
6.000E+01 1.768E-07 3.353E-03 3.818E-06 4.119E-02 1.147E-03 4.570E-02 4.570E-02 
8.000E+01 9.951E-08 2.645E-03 2.843E-06 4.435E-02 1.276E-03 4.827E-02 4.827E-02 
1.000E+02 6.367E-08 2.195E-03 2.265E-06 4.658E-02 1.370E-03 5.015E-02 5.015E-02 
1.500E+02 2.830E-08 1.563E-03 1.501E-06 5.014E-02 1.527E-03 5.323E-02 5.323E-02 
2.000E+02 1.592E-08 1.226E-03 1.123E-06 5.226E-02 1.625E-03 5.511E-02 5.511E-02 
3.000E+02 7.075E-09 8.689E-04 7.463E-07 5.474E-02 1.747E-03 5.735E-02 5.735E-02 
4.000E+02 3.980E-09 6.804E-04 5.589E-07 5.616E-02 1.820E-03 5.866E-02 5.866E-02 
5.000E+02 2.547E-09 5.633E-04 4.467E-07 5.709E-02 1.870E-03 5.953E-02 5.953E-02 
6.000E+02 1.768E-09 4.823E-04 3.721E-07 5.776E-02 1.907E-03 6.015E-02 6.015E-02 
8.000E+02 9.951E-10 3.767E-04 2.788E-07 5.865E-02 1.957E-03 6.099E-02 6.099E-02 
1.000E+03 6.367E-10 3.099E-04 2.230E-07 5.923E-02 1.991E-03 6.153E-02 6.153E-02 
1.500E+03 2.830E-10 2.164E-04 1.485E-07 6.007E-02 2.041E-03 6.232E-02 6.232E-02 
2.000E+03 1.592E-10 1.675E-04 1.114E-07 6.053E-02 2.070E-03 6.276E-02 6.276E-02 
3.000E+03 7.075E-11 1.165E-04 7.424E-08 6.102E-02 2.100E-03 6.323E-02 6.323E-02 
4.000E+03 3.980E-11 8.986E-05 5.567E-08 6.128E-02 2.119E-03 6.349E-02 6.349E-02 
5.000E+03 2.547E-11 7.350E-05 4.454E-08 6.144E-02 2.130E-03 6.365E-02 6.365E-02 
6.000E+03 1.768E-11 6.233E-05 3.711E-08 6.156E-02 2.137E-03 6.376E-02 6.376E-02 
8.000E+03 9.951E-12 4.802E-05 2.783E-08 6.172E-02 2.148E-03 6.391E-02 6.391E-02 
1.000E+04 6.367E-12 3.921E-05 2.227E-08 6.180E-02 2.155E-03 6.400E-02 6.400E-02 
1.500E+04 2.830E-12 2.710E-05 1.484E-08 6.194E-02 2.164E-03 6.413E-02 6.413E-02 
2.000E+04 1.592E-12 2.083E-05 1.113E-08 6.201E-02 2.169E-03 6.420E-02 6.420E-02 
3.000E+04 7.075E-13 1.436E-05 7.421E-09 6.208E-02 2.173E-03 6.427E-02 6.427E-02 
4.000E+04 3.980E-13 1.103E-05 5.565E-09 6.213E-02 2.177E-03 6.431E-02 6.431E-02 
5.000E+04 2.547E-13 8.978E-06 4.452E-09 6.215E-02 2.179E-03 6.434E-02 6.434E-02 
6.000E+04 1.768E-13 7.592E-06 3.710E-09 6.217E-02 2.180E-03 6.435E-02 6.435E-02 
8.000E+04 9.951E-14 5.821E-06 2.783E-09 6.219E-02 2.181E-03 6.438E-02 6.438E-02 
1.000E+05 6.367E-14 4.736E-06 2.226E-09 6.220E-02 2.182E-03 6.438E-02 6.438E-02 
