1.000E-03 5.833E+00 5.173E-03 2.618E+03 0.000E+00 0.000E+00 2.624E+03 2.618E+03 
1.500E-03 5.512E+00 1.008E-02 9.964E+02 0.000E+00 0.000E+00 1.002E+03 9.964E+02 
1.550E-03 5.475E+00 1.060E-02 9.202E+02 0.000E+00 0.000E+00 9.257E+02 9.202E+02 
1.550E-03 5.475E+00 1.060E-02 4.306E+03 0.000E+00 0.000E+00 4.312E+03 4.306E+03 
1.573E-03 5.459E+00 1.084E-02 3.931E+03 0.000E+00 0.000E+00 3.936E+03 3.931E+03 
1.596E-03 5.442E+00 1.108E-02 3.587E+03 0.000E+00 0.000E+00 3.593E+03 3.587E+03 
1.596E-03 5.442E+00 1.108E-02 5.097E+03 0.000E+00 0.000E+00 5.103E+03 5.097E+03 
1.686E-03 5.377E+00 1.202E-02 4.495E+03 0.000E+00 0.000E+00 4.500E+03 4.495E+03 
1.782E-03 5.310E+00 1.302E-02 3.964E+03 0.000E+00 0.000E+00 3.970E+03 3.964E+03 
1.782E-03 5.310E+00 1.302E-02 4.489E+03 0.000E+00 0.000E+00 4.494E+03 4.489E+03 
2.000E-03 5.148E+00 1.528E-02 3.402E+03 0.000E+00 0.000E+00 3.407E+03 3.402E+03 
3.000E-03 4.439E+00 2.517E-02 1.226E+03 0.000E+00 0.000E+00 1.231E+03 1.226E+03 
4.000E-03 3.844E+00 3.392E-02 5.776E+02 0.000E+00 0.000E+00 5.815E+02 5.776E+02 
5.000E-03 3.361E+00 4.149E-02 3.179E+02 0.000E+00 0.000E+00 3.213E+02 3.179E+02 
6.000E-03 2.960E+00 4.811E-02 1.938E+02 0.000E+00 0.000E+00 1.969E+02 1.939E+02 
8.000E-03 2.323E+00 5.948E-02 8.788E+01 0.000E+00 0.000E+00 9.026E+01 8.794E+01 
1.000E-02 1.846E+00 6.906E-02 4.720E+01 0.000E+00 0.000E+00 4.912E+01 4.727E+01 
1.347E-02 1.287E+00 8.253E-02 2.039E+01 0.000E+00 0.000E+00 2.176E+01 2.048E+01 
1.347E-02 1.287E+00 8.253E-02 1.457E+02 0.000E+00 0.000E+00 1.471E+02 1.458E+02 
1.500E-02 1.122E+00 8.728E-02 1.106E+02 0.000E+00 0.000E+00 1.118E+02 1.107E+02 
2.000E-02 7.650E-01 9.941E-02 5.179E+01 0.000E+00 0.000E+00 5.266E+01 5.189E+01 
3.000E-02 4.326E-01 1.131E-01 1.699E+01 0.000E+00 0.000E+00 1.753E+01 1.710E+01 
4.000E-02 2.766E-01 1.196E-01 7.504E+00 0.000E+00 0.000E+00 7.901E+00 7.624E+00 
5.000E-02 1.912E-01 1.225E-01 3.950E+00 0.000E+00 0.000E+00 4.264E+00 4.072E+00 
6.000E-02 1.405E-01 1.233E-01 2.318E+00 0.000E+00 0.000E+00 2.582E+00 2.442E+00 
8.000E-02 8.569E-02 1.222E-01 9.903E-01 0.000E+00 0.000E+00 1.198E+00 1.112E+00 
1.000E-01 5.797E-02 1.195E-01 5.087E-01 0.000E+00 0.000E+00 6.861E-01 6.281E-01 
1.500E-01 2.779E-02 1.114E-01 1.507E-01 0.000E+00 0.000E+00 2.899E-01 2.621E-01 
2.000E-01 1.620E-02 1.038E-01 6.385E-02 0.000E+00 0.000E+00 1.838E-01 1.676E-01 
3.000E-01 7.456E-03 9.157E-02 1.956E-02 0.000E+00 0.000E+00 1.186E-01 1.111E-01 
4.000E-01 4.265E-03 8.260E-02 8.765E-03 0.000E+00 0.000E+00 9.563E-02 9.137E-02 
5.000E-01 2.755E-03 7.567E-02 4.854E-03 0.000E+00 0.000E+00 8.328E-02 8.052E-02 
6.000E-01 1.923E-03 7.016E-02 3.073E-03 0.000E+00 0.000E+00 7.516E-02 7.323E-02 
8.000E-01 1.088E-03 6.177E-02 1.574E-03 0.000E+00 0.000E+00 6.443E-02 6.334E-02 
1.000E+00 6.987E-04 5.561E-02 9.798E-04 0.000E+00 0.000E+00 5.728E-02 5.659E-02 
1.022E+00 6.691E-04 5.502E-02 9.315E-04 0.000E+00 0.000E+00 5.662E-02 5.595E-02 
1.250E+00 4.481E-04 4.976E-02 6.292E-04 1.009E-04 0.000E+00 5.094E-02 5.049E-02 
1.500E+00 3.115E-04 4.524E-02 4.524E-04 4.942E-04 0.000E+00 4.650E-02 4.619E-02 
2.000E+00 1.754E-04 3.863E-02 2.774E-04 1.807E-03 0.000E+00 4.089E-02 4.072E-02 
2.044E+00 1.679E-04 3.816E-02 2.679E-04 1.939E-03 0.000E+00 4.053E-02 4.037E-02 
3.000E+00 7.800E-05 3.040E-02 1.492E-04 4.883E-03 1.064E-05 3.552E-02 3.545E-02 
4.000E+00 4.389E-05 2.537E-02 9.986E-05 7.710E-03 4.342E-05 3.327E-02 3.322E-02 
5.000E+00 2.810E-05 2.191E-02 7.437E-05 1.019E-02 8.645E-05 3.229E-02 3.226E-02 
6.000E+00 1.951E-05 1.936E-02 5.903E-05 1.237E-02 1.327E-04 3.194E-02 3.192E-02 
7.000E+00 1.433E-05 1.741E-02 4.882E-05 1.431E-02 1.788E-04 3.196E-02 3.195E-02 
8.000E+00 1.097E-05 1.584E-02 4.157E-05 1.606E-02 2.235E-04 3.218E-02 3.217E-02 
9.000E+00 8.675E-06 1.456E-02 3.617E-05 1.764E-02 2.663E-04 3.252E-02 3.251E-02 
1.000E+01 7.025E-06 1.349E-02 3.199E-05 1.909E-02 3.070E-04 3.293E-02 3.292E-02 
1.100E+01 5.806E-06 1.259E-02 2.867E-05 2.041E-02 3.454E-04 3.338E-02 3.337E-02 
1.200E+01 4.879E-06 1.180E-02 2.596E-05 2.162E-02 3.817E-04 3.384E-02 3.383E-02 
1.300E+01 4.157E-06 1.112E-02 2.372E-05 2.273E-02 4.160E-04 3.429E-02 3.429E-02 
1.400E+01 3.584E-06 1.052E-02 2.183E-05 2.376E-02 4.487E-04 3.476E-02 3.476E-02 
1.500E+01 3.122E-06 9.986E-03 2.022E-05 2.472E-02 4.796E-04 3.521E-02 3.521E-02 
1.600E+01 2.744E-06 9.511E-03 1.883E-05 2.562E-02 5.090E-04 3.566E-02 3.566E-02 
1.800E+01 2.168E-06 8.690E-03 1.654E-05 2.726E-02 5.635E-04 3.653E-02 3.653E-02 
2.000E+01 1.756E-06 8.019E-03 1.476E-05 2.873E-02 6.132E-04 3.738E-02 3.738E-02 
2.200E+01 1.452E-06 7.446E-03 1.331E-05 3.006E-02 6.586E-04 3.818E-02 3.818E-02 
2.400E+01 1.219E-06 6.957E-03 1.213E-05 3.128E-02 7.005E-04 3.896E-02 3.895E-02 
2.600E+01 1.039E-06 6.534E-03 1.113E-05 3.239E-02 7.393E-04 3.968E-02 3.968E-02 
2.800E+01 8.961E-07 6.163E-03 1.029E-05 3.341E-02 7.755E-04 4.036E-02 4.036E-02 
3.000E+01 7.808E-07 5.836E-03 9.564E-06 3.434E-02 8.087E-04 4.100E-02 4.100E-02 
4.000E+01 4.391E-07 4.637E-03 7.073E-06 3.817E-02 9.481E-04 4.377E-02 4.377E-02 
5.000E+01 2.810E-07 3.871E-03 5.610E-06 4.102E-02 1.054E-03 4.595E-02 4.595E-02 
6.000E+01 1.951E-07 3.335E-03 4.648E-06 4.324E-02 1.138E-03 4.772E-02 4.772E-02 
8.000E+01 1.097E-07 2.630E-03 3.461E-06 4.652E-02 1.265E-03 5.042E-02 5.042E-02 
1.000E+02 7.025E-08 2.183E-03 2.756E-06 4.885E-02 1.358E-03 5.240E-02 5.240E-02 
1.500E+02 3.122E-08 1.555E-03 1.827E-06 5.257E-02 1.513E-03 5.564E-02 5.564E-02 
2.000E+02 1.756E-08 1.219E-03 1.366E-06 5.478E-02 1.610E-03 5.761E-02 5.761E-02 
3.000E+02 7.808E-09 8.637E-04 9.082E-07 5.736E-02 1.730E-03 5.996E-02 5.996E-02 
4.000E+02 4.391E-09 6.766E-04 6.801E-07 5.885E-02 1.802E-03 6.133E-02 6.133E-02 
5.000E+02 2.810E-09 5.601E-04 5.435E-07 5.982E-02 1.851E-03 6.223E-02 6.223E-02 
6.000E+02 1.951E-09 4.796E-04 4.527E-07 6.052E-02 1.887E-03 6.289E-02 6.289E-02 
8.000E+02 1.097E-09 3.746E-04 3.393E-07 6.145E-02 1.937E-03 6.376E-02 6.376E-02 
1.000E+03 7.025E-10 3.082E-04 2.713E-07 6.205E-02 1.970E-03 6.433E-02 6.433E-02 
1.500E+03 3.122E-10 2.152E-04 1.807E-07 6.292E-02 2.019E-03 6.516E-02 6.516E-02 
2.000E+03 1.756E-10 1.666E-04 1.355E-07 6.340E-02 2.047E-03 6.561E-02 6.561E-02 
3.000E+03 7.808E-11 1.158E-04 9.037E-08 6.391E-02 2.077E-03 6.610E-02 6.610E-02 
4.000E+03 4.391E-11 8.939E-05 6.774E-08 6.418E-02 2.095E-03 6.637E-02 6.637E-02 
5.000E+03 2.810E-11 7.309E-05 5.418E-08 6.436E-02 2.106E-03 6.653E-02 6.653E-02 
6.000E+03 1.951E-11 6.198E-05 4.515E-08 6.448E-02 2.114E-03 6.665E-02 6.665E-02 
8.000E+03 1.097E-11 4.775E-05 3.386E-08 6.463E-02 2.124E-03 6.681E-02 6.681E-02 
1.000E+04 7.025E-12 3.899E-05 2.709E-08 6.474E-02 2.131E-03 6.691E-02 6.691E-02 
1.500E+04 3.122E-12 2.694E-05 1.806E-08 6.488E-02 2.139E-03 6.704E-02 6.704E-02 
2.000E+04 1.756E-12 2.072E-05 1.354E-08 6.495E-02 2.144E-03 6.712E-02 6.712E-02 
3.000E+04 7.808E-13 1.429E-05 9.029E-09 6.503E-02 2.149E-03 6.719E-02 6.719E-02 
4.000E+04 4.391E-13 1.097E-05 6.771E-09 6.507E-02 2.152E-03 6.723E-02 6.723E-02 
5.000E+04 2.810E-13 8.931E-06 5.417E-09 6.509E-02 2.154E-03 6.726E-02 6.726E-02 
6.000E+04 1.951E-13 7.552E-06 4.514E-09 6.511E-02 2.155E-03 6.727E-02 6.727E-02 
8.000E+04 1.097E-13 5.789E-06 3.385E-09 6.514E-02 2.156E-03 6.730E-02 6.730E-02 
1.000E+05 7.025E-14 4.710E-06 2.708E-09 6.515E-02 2.157E-03 6.731E-02 6.731E-02 
