1.000E-03 7.833E+00 4.981E-03 7.029E+03 0.000E+00 0.000E+00 7.037E+03 7.029E+03 
1.500E-03 7.453E+00 9.167E-03 2.783E+03 0.000E+00 0.000E+00 2.791E+03 2.783E+03 
2.000E-03 7.018E+00 1.345E-02 1.393E+03 0.000E+00 0.000E+00 1.401E+03 1.393E+03 
3.000E-03 6.113E+00 2.173E-02 5.075E+02 0.000E+00 0.000E+00 5.136E+02 5.075E+02 
3.351E-03 5.812E+00 2.446E-02 3.829E+02 0.000E+00 0.000E+00 3.887E+02 3.829E+02 
3.351E-03 5.812E+00 2.446E-02 1.268E+03 0.000E+00 0.000E+00 1.274E+03 1.268E+03 
3.436E-03 5.740E+00 2.511E-02 1.192E+03 0.000E+00 0.000E+00 1.198E+03 1.192E+03 
3.524E-03 5.667E+00 2.577E-02 1.120E+03 0.000E+00 0.000E+00 1.126E+03 1.120E+03 
3.524E-03 5.667E+00 2.577E-02 1.541E+03 0.000E+00 0.000E+00 1.547E+03 1.541E+03 
3.662E-03 5.553E+00 2.681E-02 1.402E+03 0.000E+00 0.000E+00 1.408E+03 1.402E+03 
3.806E-03 5.437E+00 2.788E-02 1.276E+03 0.000E+00 0.000E+00 1.282E+03 1.276E+03 
3.806E-03 5.437E+00 2.788E-02 1.462E+03 0.000E+00 0.000E+00 1.468E+03 1.462E+03 
4.000E-03 5.285E+00 2.930E-02 1.300E+03 0.000E+00 0.000E+00 1.305E+03 1.300E+03 
5.000E-03 4.577E+00 3.622E-02 7.341E+02 0.000E+00 0.000E+00 7.388E+02 7.342E+02 
6.000E-03 3.996E+00 4.267E-02 4.570E+02 0.000E+00 0.000E+00 4.611E+02 4.571E+02 
8.000E-03 3.142E+00 5.424E-02 2.132E+02 0.000E+00 0.000E+00 2.164E+02 2.133E+02 
1.000E-02 2.563E+00 6.387E-02 1.166E+02 0.000E+00 0.000E+00 1.193E+02 1.167E+02 
1.500E-02 1.678E+00 8.101E-02 3.822E+01 0.000E+00 0.000E+00 3.998E+01 3.830E+01 
2.000E-02 1.165E+00 9.217E-02 1.710E+01 0.000E+00 0.000E+00 1.836E+01 1.719E+01 
2.551E-02 8.268E-01 1.007E-01 8.598E+00 0.000E+00 0.000E+00 9.525E+00 8.698E+00 
2.551E-02 8.268E-01 1.007E-01 5.447E+01 0.000E+00 0.000E+00 5.539E+01 5.457E+01 
3.000E-02 6.543E-01 1.056E-01 3.592E+01 0.000E+00 0.000E+00 3.668E+01 3.603E+01 
4.000E-02 4.275E-01 1.126E-01 1.665E+01 0.000E+00 0.000E+00 1.719E+01 1.677E+01 
5.000E-02 3.017E-01 1.162E-01 9.027E+00 0.000E+00 0.000E+00 9.445E+00 9.144E+00 
6.000E-02 2.234E-01 1.179E-01 5.425E+00 0.000E+00 0.000E+00 5.766E+00 5.543E+00 
8.000E-02 1.364E-01 1.180E-01 2.396E+00 0.000E+00 0.000E+00 2.651E+00 2.514E+00 
1.000E-01 9.234E-02 1.160E-01 1.261E+00 0.000E+00 0.000E+00 1.470E+00 1.377E+00 
1.500E-01 4.481E-02 1.089E-01 3.889E-01 0.000E+00 0.000E+00 5.426E-01 4.978E-01 
2.000E-01 2.638E-02 1.019E-01 1.689E-01 0.000E+00 0.000E+00 2.972E-01 2.708E-01 
3.000E-01 1.224E-02 9.039E-02 5.339E-02 0.000E+00 0.000E+00 1.560E-01 1.438E-01 
4.000E-01 7.034E-03 8.168E-02 2.439E-02 0.000E+00 0.000E+00 1.131E-01 1.061E-01 
5.000E-01 4.558E-03 7.498E-02 1.367E-02 0.000E+00 0.000E+00 9.321E-02 8.865E-02 
6.000E-01 3.191E-03 6.962E-02 8.720E-03 0.000E+00 0.000E+00 8.153E-02 7.834E-02 
8.000E-01 1.811E-03 6.136E-02 4.499E-03 0.000E+00 0.000E+00 6.767E-02 6.585E-02 
1.000E+00 1.164E-03 5.524E-02 2.807E-03 0.000E+00 0.000E+00 5.921E-02 5.804E-02 
1.022E+00 1.115E-03 5.466E-02 2.671E-03 0.000E+00 0.000E+00 5.844E-02 5.733E-02 
1.250E+00 7.475E-04 4.945E-02 1.802E-03 1.603E-04 0.000E+00 5.216E-02 5.141E-02 
1.500E+00 5.199E-04 4.498E-02 1.292E-03 7.503E-04 0.000E+00 4.754E-02 4.702E-02 
2.000E+00 2.929E-04 3.841E-02 7.877E-04 2.602E-03 0.000E+00 4.209E-02 4.180E-02 
2.044E+00 2.805E-04 3.794E-02 7.598E-04 2.784E-03 0.000E+00 4.176E-02 4.148E-02 
3.000E+00 1.304E-04 3.024E-02 4.194E-04 6.739E-03 1.058E-05 3.754E-02 3.741E-02 
4.000E+00 7.336E-05 2.523E-02 2.786E-04 1.043E-02 4.315E-05 3.606E-02 3.599E-02 
5.000E+00 4.696E-05 2.179E-02 2.065E-04 1.364E-02 8.592E-05 3.577E-02 3.573E-02 
6.000E+00 3.262E-05 1.926E-02 1.632E-04 1.642E-02 1.318E-04 3.601E-02 3.598E-02 
7.000E+00 2.397E-05 1.731E-02 1.346E-04 1.889E-02 1.775E-04 3.654E-02 3.652E-02 
8.000E+00 1.835E-05 1.575E-02 1.143E-04 2.112E-02 2.218E-04 3.723E-02 3.721E-02 
9.000E+00 1.450E-05 1.449E-02 9.926E-05 2.315E-02 2.641E-04 3.801E-02 3.800E-02 
1.000E+01 1.175E-05 1.342E-02 8.765E-05 2.500E-02 3.044E-04 3.883E-02 3.881E-02 
1.100E+01 9.709E-06 1.252E-02 7.844E-05 2.670E-02 3.425E-04 3.965E-02 3.964E-02 
1.200E+01 8.157E-06 1.174E-02 7.096E-05 2.827E-02 3.783E-04 4.047E-02 4.046E-02 
1.300E+01 6.951E-06 1.106E-02 6.476E-05 2.972E-02 4.121E-04 4.127E-02 4.126E-02 
1.400E+01 5.990E-06 1.046E-02 5.951E-05 3.106E-02 4.443E-04 4.204E-02 4.203E-02 
1.500E+01 5.220E-06 9.932E-03 5.510E-05 3.230E-02 4.748E-04 4.276E-02 4.276E-02 
1.600E+01 4.588E-06 9.463E-03 5.126E-05 3.346E-02 5.037E-04 4.348E-02 4.348E-02 
1.800E+01 3.625E-06 8.648E-03 4.500E-05 3.558E-02 5.573E-04 4.483E-02 4.483E-02 
2.000E+01 2.937E-06 7.972E-03 4.008E-05 3.747E-02 6.063E-04 4.609E-02 4.609E-02 
2.200E+01 2.427E-06 7.408E-03 3.614E-05 3.919E-02 6.504E-04 4.729E-02 4.729E-02 
2.400E+01 2.039E-06 6.923E-03 3.289E-05 4.075E-02 6.917E-04 4.840E-02 4.840E-02 
2.600E+01 1.737E-06 6.498E-03 3.018E-05 4.218E-02 7.297E-04 4.944E-02 4.944E-02 
2.800E+01 1.498E-06 6.130E-03 2.788E-05 4.348E-02 7.643E-04 5.040E-02 5.040E-02 
3.000E+01 1.305E-06 5.806E-03 2.590E-05 4.469E-02 7.972E-04 5.132E-02 5.131E-02 
4.000E+01 7.341E-07 4.613E-03 1.912E-05 4.956E-02 9.323E-04 5.513E-02 5.513E-02 
5.000E+01 4.699E-07 3.851E-03 1.515E-05 5.318E-02 1.035E-03 5.808E-02 5.808E-02 
6.000E+01 3.263E-07 3.318E-03 1.254E-05 5.600E-02 1.117E-03 6.044E-02 6.044E-02 
8.000E+01 1.835E-07 2.617E-03 9.335E-06 6.018E-02 1.239E-03 6.405E-02 6.405E-02 
1.000E+02 1.175E-07 2.172E-03 7.431E-06 6.314E-02 1.328E-03 6.665E-02 6.665E-02 
1.500E+02 5.220E-08 1.546E-03 4.921E-06 6.783E-02 1.476E-03 7.086E-02 7.086E-02 
2.000E+02 2.936E-08 1.213E-03 3.679E-06 7.062E-02 1.568E-03 7.341E-02 7.341E-02 
3.000E+02 1.305E-08 8.592E-04 2.444E-06 7.392E-02 1.682E-03 7.646E-02 7.646E-02 
4.000E+02 7.341E-09 6.733E-04 1.830E-06 7.576E-02 1.749E-03 7.818E-02 7.818E-02 
5.000E+02 4.698E-09 5.572E-04 1.463E-06 7.699E-02 1.795E-03 7.934E-02 7.934E-02 
6.000E+02 3.263E-09 4.771E-04 1.218E-06 7.788E-02 1.829E-03 8.019E-02 8.019E-02 
8.000E+02 1.835E-09 3.726E-04 9.128E-07 7.905E-02 1.875E-03 8.130E-02 8.130E-02 
1.000E+03 1.175E-09 3.066E-04 7.297E-07 7.983E-02 1.907E-03 8.205E-02 8.205E-02 
1.500E+03 5.220E-10 2.141E-04 4.863E-07 8.095E-02 1.952E-03 8.312E-02 8.312E-02 
2.000E+03 2.936E-10 1.657E-04 3.646E-07 8.151E-02 1.978E-03 8.365E-02 8.365E-02 
3.000E+03 1.305E-10 1.152E-04 2.430E-07 8.218E-02 2.006E-03 8.430E-02 8.430E-02 
4.000E+03 7.341E-11 8.894E-05 1.822E-07 8.251E-02 2.023E-03 8.463E-02 8.463E-02 
5.000E+03 4.698E-11 7.269E-05 1.458E-07 8.274E-02 2.033E-03 8.484E-02 8.484E-02 
6.000E+03 3.263E-11 6.163E-05 1.214E-07 8.291E-02 2.040E-03 8.501E-02 8.501E-02 
8.000E+03 1.835E-11 4.750E-05 9.106E-08 8.307E-02 2.049E-03 8.517E-02 8.517E-02 
1.000E+04 1.175E-11 3.878E-05 7.286E-08 8.324E-02 2.056E-03 8.533E-02 8.533E-02 
1.500E+04 5.220E-12 2.680E-05 4.857E-08 8.341E-02 2.063E-03 8.550E-02 8.550E-02 
2.000E+04 2.936E-12 2.061E-05 3.642E-08 8.352E-02 2.068E-03 8.561E-02 8.561E-02 
3.000E+04 1.305E-12 1.421E-05 2.428E-08 8.358E-02 2.073E-03 8.566E-02 8.566E-02 
4.000E+04 7.341E-13 1.091E-05 1.821E-08 8.363E-02 2.076E-03 8.572E-02 8.572E-02 
5.000E+04 4.698E-13 8.882E-06 1.457E-08 8.369E-02 2.077E-03 8.577E-02 8.577E-02 
6.000E+04 3.263E-13 7.509E-06 1.214E-08 8.369E-02 2.079E-03 8.577E-02 8.577E-02 
8.000E+04 1.835E-13 5.756E-06 9.106E-09 8.374E-02 2.080E-03 8.583E-02 8.583E-02 
1.000E+05 1.175E-13 4.685E-06 7.286E-09 8.374E-02 2.081E-03 8.583E-02 8.583E-02 
