1.000E-03 7.491E+00 5.529E-03 6.162E+03 0.000E+00 0.000E+00 6.170E+03 6.162E+03 
1.500E-03 7.099E+00 1.002E-02 2.419E+03 0.000E+00 0.000E+00 2.426E+03 2.419E+03 
2.000E-03 6.660E+00 1.454E-02 1.207E+03 0.000E+00 0.000E+00 1.214E+03 1.207E+03 
3.000E-03 5.774E+00 2.313E-02 4.384E+02 0.000E+00 0.000E+00 4.442E+02 4.384E+02 
3.004E-03 5.771E+00 2.316E-02 4.369E+02 0.000E+00 0.000E+00 4.427E+02 4.369E+02 
3.004E-03 5.771E+00 2.316E-02 1.508E+03 0.000E+00 0.000E+00 1.513E+03 1.508E+03 
3.074E-03 5.709E+00 2.372E-02 1.416E+03 0.000E+00 0.000E+00 1.422E+03 1.416E+03 
3.146E-03 5.650E+00 2.432E-02 1.332E+03 0.000E+00 0.000E+00 1.338E+03 1.332E+03 
3.146E-03 5.650E+00 2.432E-02 1.841E+03 0.000E+00 0.000E+00 1.847E+03 1.841E+03 
3.276E-03 5.543E+00 2.536E-02 1.666E+03 0.000E+00 0.000E+00 1.671E+03 1.666E+03 
3.412E-03 5.433E+00 2.642E-02 1.507E+03 0.000E+00 0.000E+00 1.512E+03 1.507E+03 
3.412E-03 5.433E+00 2.642E-02 1.726E+03 0.000E+00 0.000E+00 1.731E+03 1.726E+03 
4.000E-03 4.981E+00 3.092E-02 1.165E+03 0.000E+00 0.000E+00 1.170E+03 1.165E+03 
5.000E-03 4.318E+00 3.804E-02 6.543E+02 0.000E+00 0.000E+00 6.586E+02 6.543E+02 
6.000E-03 3.779E+00 4.462E-02 4.063E+02 0.000E+00 0.000E+00 4.101E+02 4.063E+02 
8.000E-03 2.987E+00 5.621E-02 1.884E+02 0.000E+00 0.000E+00 1.915E+02 1.885E+02 
1.000E-02 2.443E+00 6.566E-02 1.028E+02 0.000E+00 0.000E+00 1.053E+02 1.028E+02 
1.500E-02 1.587E+00 8.240E-02 3.350E+01 0.000E+00 0.000E+00 3.517E+01 3.359E+01 
2.000E-02 1.094E+00 9.358E-02 1.495E+01 0.000E+00 0.000E+00 1.614E+01 1.505E+01 
2.322E-02 8.907E-01 9.890E-02 9.796E+00 0.000E+00 0.000E+00 1.079E+01 9.895E+00 
2.322E-02 8.907E-01 9.890E-02 6.314E+01 0.000E+00 0.000E+00 6.413E+01 6.324E+01 
3.000E-02 6.151E-01 1.070E-01 3.258E+01 0.000E+00 0.000E+00 3.330E+01 3.269E+01 
4.000E-02 4.017E-01 1.140E-01 1.492E+01 0.000E+00 0.000E+00 1.544E+01 1.504E+01 
5.000E-02 2.825E-01 1.176E-01 8.047E+00 0.000E+00 0.000E+00 8.447E+00 8.164E+00 
6.000E-02 2.087E-01 1.191E-01 4.820E+00 0.000E+00 0.000E+00 5.148E+00 4.939E+00 
8.000E-02 1.274E-01 1.190E-01 2.118E+00 0.000E+00 0.000E+00 2.365E+00 2.237E+00 
1.000E-01 8.620E-02 1.169E-01 1.111E+00 0.000E+00 0.000E+00 1.314E+00 1.228E+00 
1.500E-01 4.179E-02 1.096E-01 3.402E-01 0.000E+00 0.000E+00 4.916E-01 4.499E-01 
2.000E-01 2.457E-02 1.025E-01 1.472E-01 0.000E+00 0.000E+00 2.742E-01 2.497E-01 
3.000E-01 1.139E-02 9.082E-02 4.628E-02 0.000E+00 0.000E+00 1.485E-01 1.371E-01 
4.000E-01 6.537E-03 8.211E-02 2.107E-02 0.000E+00 0.000E+00 1.097E-01 1.032E-01 
5.000E-01 4.234E-03 7.532E-02 1.179E-02 0.000E+00 0.000E+00 9.134E-02 8.710E-02 
6.000E-01 2.962E-03 6.987E-02 7.514E-03 0.000E+00 0.000E+00 8.035E-02 7.739E-02 
8.000E-01 1.680E-03 6.156E-02 3.870E-03 0.000E+00 0.000E+00 6.711E-02 6.543E-02 
1.000E+00 1.080E-03 5.545E-02 2.413E-03 0.000E+00 0.000E+00 5.894E-02 5.786E-02 
1.022E+00 1.034E-03 5.487E-02 2.296E-03 0.000E+00 0.000E+00 5.820E-02 5.717E-02 
1.250E+00 6.935E-04 4.964E-02 1.549E-03 1.498E-04 0.000E+00 5.203E-02 5.134E-02 
1.500E+00 4.822E-04 4.514E-02 1.111E-03 7.046E-04 0.000E+00 4.744E-02 4.696E-02 
2.000E+00 2.717E-04 3.855E-02 6.783E-04 2.465E-03 0.000E+00 4.197E-02 4.170E-02 
2.044E+00 2.601E-04 3.808E-02 6.543E-04 2.640E-03 0.000E+00 4.163E-02 4.137E-02 
3.000E+00 1.209E-04 3.035E-02 3.616E-04 6.437E-03 1.062E-05 3.728E-02 3.716E-02 
4.000E+00 6.800E-05 2.532E-02 2.405E-04 1.001E-02 4.332E-05 3.568E-02 3.561E-02 
5.000E+00 4.355E-05 2.187E-02 1.784E-04 1.311E-02 8.626E-05 3.529E-02 3.524E-02 
6.000E+00 3.024E-05 1.933E-02 1.411E-04 1.579E-02 1.323E-04 3.542E-02 3.539E-02 
7.000E+00 2.222E-05 1.737E-02 1.164E-04 1.819E-02 1.782E-04 3.588E-02 3.586E-02 
8.000E+00 1.701E-05 1.581E-02 9.890E-05 2.035E-02 2.227E-04 3.650E-02 3.648E-02 
9.000E+00 1.344E-05 1.454E-02 8.591E-05 2.231E-02 2.652E-04 3.721E-02 3.720E-02 
1.000E+01 1.089E-05 1.347E-02 7.584E-05 2.410E-02 3.057E-04 3.797E-02 3.796E-02 
1.100E+01 9.001E-06 1.256E-02 6.788E-05 2.576E-02 3.439E-04 3.874E-02 3.873E-02 
1.200E+01 7.561E-06 1.178E-02 6.145E-05 2.727E-02 3.799E-04 3.950E-02 3.949E-02 
1.300E+01 6.443E-06 1.110E-02 5.608E-05 2.868E-02 4.139E-04 4.025E-02 4.025E-02 
1.400E+01 5.556E-06 1.050E-02 5.157E-05 2.997E-02 4.463E-04 4.098E-02 4.097E-02 
1.500E+01 4.840E-06 9.972E-03 4.773E-05 3.116E-02 4.769E-04 4.166E-02 4.166E-02 
1.600E+01 4.254E-06 9.492E-03 4.442E-05 3.228E-02 5.060E-04 4.233E-02 4.232E-02 
1.800E+01 3.361E-06 8.679E-03 3.899E-05 3.433E-02 5.598E-04 4.361E-02 4.361E-02 
2.000E+01 2.722E-06 8.000E-03 3.474E-05 3.616E-02 6.086E-04 4.481E-02 4.480E-02 
2.200E+01 2.250E-06 7.432E-03 3.133E-05 3.783E-02 6.537E-04 4.595E-02 4.595E-02 
2.400E+01 1.891E-06 6.946E-03 2.852E-05 3.934E-02 6.952E-04 4.701E-02 4.701E-02 
2.600E+01 1.611E-06 6.525E-03 2.617E-05 4.072E-02 7.333E-04 4.801E-02 4.800E-02 
2.800E+01 1.389E-06 6.151E-03 2.418E-05 4.198E-02 7.684E-04 4.893E-02 4.893E-02 
3.000E+01 1.210E-06 5.826E-03 2.247E-05 4.315E-02 8.012E-04 4.980E-02 4.980E-02 
4.000E+01 6.806E-07 4.630E-03 1.659E-05 4.787E-02 9.375E-04 5.345E-02 5.345E-02 
5.000E+01 4.356E-07 3.865E-03 1.314E-05 5.137E-02 1.041E-03 5.629E-02 5.629E-02 
6.000E+01 3.025E-07 3.330E-03 1.088E-05 5.410E-02 1.123E-03 5.857E-02 5.857E-02 
8.000E+01 1.702E-07 2.626E-03 8.099E-06 5.813E-02 1.246E-03 6.202E-02 6.202E-02 
1.000E+02 1.089E-07 2.179E-03 6.449E-06 6.098E-02 1.337E-03 6.450E-02 6.450E-02 
1.500E+02 4.840E-08 1.552E-03 4.271E-06 6.554E-02 1.486E-03 6.859E-02 6.859E-02 
2.000E+02 2.722E-08 1.217E-03 3.193E-06 6.829E-02 1.580E-03 7.109E-02 7.109E-02 
3.000E+02 1.210E-08 8.626E-04 2.122E-06 7.145E-02 1.695E-03 7.401E-02 7.401E-02 
4.000E+02 6.806E-09 6.753E-04 1.589E-06 7.327E-02 1.764E-03 7.571E-02 7.571E-02 
5.000E+02 4.356E-09 5.592E-04 1.270E-06 7.450E-02 1.811E-03 7.687E-02 7.687E-02 
6.000E+02 3.025E-09 4.788E-04 1.057E-06 7.532E-02 1.845E-03 7.764E-02 7.764E-02 
8.000E+02 1.702E-09 3.739E-04 7.924E-07 7.649E-02 1.893E-03 7.875E-02 7.875E-02 
1.000E+03 1.089E-09 3.076E-04 6.338E-07 7.719E-02 1.925E-03 7.942E-02 7.942E-02 
1.500E+03 4.840E-10 2.148E-04 4.221E-07 7.830E-02 1.972E-03 8.049E-02 8.049E-02 
2.000E+03 2.722E-10 1.663E-04 3.165E-07 7.889E-02 1.998E-03 8.105E-02 8.105E-02 
3.000E+03 1.210E-10 1.156E-04 2.109E-07 7.947E-02 2.028E-03 8.162E-02 8.162E-02 
4.000E+03 6.806E-11 8.924E-05 1.582E-07 7.982E-02 2.045E-03 8.196E-02 8.196E-02 
5.000E+03 4.356E-11 7.298E-05 1.265E-07 8.006E-02 2.055E-03 8.219E-02 8.219E-02 
6.000E+03 3.025E-11 6.186E-05 1.055E-07 8.023E-02 2.063E-03 8.236E-02 8.236E-02 
8.000E+03 1.702E-11 4.767E-05 7.906E-08 8.041E-02 2.072E-03 8.253E-02 8.253E-02 
1.000E+04 1.089E-11 3.892E-05 6.326E-08 8.052E-02 2.079E-03 8.264E-02 8.264E-02 
1.500E+04 4.840E-12 2.690E-05 4.216E-08 8.070E-02 2.087E-03 8.281E-02 8.281E-02 
2.000E+04 2.722E-12 2.068E-05 3.162E-08 8.076E-02 2.092E-03 8.287E-02 8.287E-02 
3.000E+04 1.210E-12 1.426E-05 2.108E-08 8.088E-02 2.097E-03 8.299E-02 8.299E-02 
4.000E+04 6.806E-13 1.095E-05 1.581E-08 8.093E-02 2.100E-03 8.305E-02 8.305E-02 
5.000E+04 4.356E-13 8.919E-06 1.265E-08 8.093E-02 2.101E-03 8.305E-02 8.305E-02 
6.000E+04 3.025E-13 7.538E-06 1.054E-08 8.099E-02 2.103E-03 8.310E-02 8.310E-02 
8.000E+04 1.702E-13 5.780E-06 7.906E-09 8.099E-02 2.104E-03 8.310E-02 8.310E-02 
1.000E+05 1.089E-13 4.702E-06 6.326E-09 8.105E-02 2.105E-03 8.316E-02 8.316E-02 
