1.000E-03 7.117E+00 7.024E-03 5.349E+03 0.000E+00 0.000E+00 5.357E+03 5.349E+03 
1.500E-03 6.692E+00 1.209E-02 2.085E+03 0.000E+00 0.000E+00 2.092E+03 2.085E+03 
2.000E-03 6.243E+00 1.674E-02 1.038E+03 0.000E+00 0.000E+00 1.044E+03 1.038E+03 
2.677E-03 5.664E+00 2.257E-02 5.015E+02 0.000E+00 0.000E+00 5.072E+02 5.015E+02 
2.677E-03 5.664E+00 2.257E-02 1.806E+03 0.000E+00 0.000E+00 1.812E+03 1.806E+03 
2.734E-03 5.616E+00 2.305E-02 1.698E+03 0.000E+00 0.000E+00 1.704E+03 1.698E+03 
2.793E-03 5.568E+00 2.354E-02 1.597E+03 0.000E+00 0.000E+00 1.602E+03 1.597E+03 
2.793E-03 5.568E+00 2.354E-02 2.218E+03 0.000E+00 0.000E+00 2.224E+03 2.218E+03 
3.000E-03 5.400E+00 2.524E-02 1.857E+03 0.000E+00 0.000E+00 1.862E+03 1.857E+03 
3.043E-03 5.367E+00 2.558E-02 1.795E+03 0.000E+00 0.000E+00 1.800E+03 1.795E+03 
3.043E-03 5.367E+00 2.558E-02 2.054E+03 0.000E+00 0.000E+00 2.059E+03 2.054E+03 
4.000E-03 4.673E+00 3.297E-02 1.031E+03 0.000E+00 0.000E+00 1.036E+03 1.032E+03 
5.000E-03 4.070E+00 4.007E-02 5.795E+02 0.000E+00 0.000E+00 5.836E+02 5.795E+02 
6.000E-03 3.577E+00 4.663E-02 3.582E+02 0.000E+00 0.000E+00 3.619E+02 3.583E+02 
8.000E-03 2.844E+00 5.803E-02 1.654E+02 0.000E+00 0.000E+00 1.683E+02 1.655E+02 
1.000E-02 2.327E+00 6.723E-02 8.993E+01 0.000E+00 0.000E+00 9.232E+01 8.999E+01 
1.500E-02 1.497E+00 8.371E-02 2.919E+01 0.000E+00 0.000E+00 3.077E+01 2.927E+01 
2.000E-02 1.025E+00 9.497E-02 1.298E+01 0.000E+00 0.000E+00 1.410E+01 1.307E+01 
2.104E-02 9.565E-01 9.681E-02 1.124E+01 0.000E+00 0.000E+00 1.229E+01 1.133E+01 
2.104E-02 9.565E-01 9.681E-02 7.375E+01 0.000E+00 0.000E+00 7.480E+01 7.385E+01 
3.000E-02 5.780E-01 1.086E-01 2.924E+01 0.000E+00 0.000E+00 2.993E+01 2.935E+01 
4.000E-02 3.770E-01 1.155E-01 1.331E+01 0.000E+00 0.000E+00 1.380E+01 1.343E+01 
5.000E-02 2.642E-01 1.190E-01 7.141E+00 0.000E+00 0.000E+00 7.524E+00 7.260E+00 
6.000E-02 1.948E-01 1.204E-01 4.256E+00 0.000E+00 0.000E+00 4.572E+00 4.377E+00 
8.000E-02 1.188E-01 1.201E-01 1.860E+00 0.000E+00 0.000E+00 2.099E+00 1.980E+00 
1.000E-01 8.045E-02 1.179E-01 9.706E-01 0.000E+00 0.000E+00 1.169E+00 1.088E+00 
1.500E-01 3.893E-02 1.104E-01 2.956E-01 0.000E+00 0.000E+00 4.450E-01 4.060E-01 
2.000E-01 2.285E-02 1.031E-01 1.274E-01 0.000E+00 0.000E+00 2.534E-01 2.305E-01 
3.000E-01 1.057E-02 9.134E-02 3.984E-02 0.000E+00 0.000E+00 1.418E-01 1.312E-01 
4.000E-01 6.067E-03 8.248E-02 1.808E-02 0.000E+00 0.000E+00 1.066E-01 1.006E-01 
5.000E-01 3.927E-03 7.566E-02 1.009E-02 0.000E+00 0.000E+00 8.968E-02 8.575E-02 
6.000E-01 2.747E-03 7.018E-02 6.421E-03 0.000E+00 0.000E+00 7.935E-02 7.660E-02 
8.000E-01 1.557E-03 6.188E-02 3.305E-03 0.000E+00 0.000E+00 6.674E-02 6.518E-02 
1.000E+00 1.001E-03 5.570E-02 2.061E-03 0.000E+00 0.000E+00 5.876E-02 5.776E-02 
1.022E+00 9.583E-04 5.512E-02 1.961E-03 0.000E+00 0.000E+00 5.804E-02 5.708E-02 
1.250E+00 6.421E-04 4.986E-02 1.323E-03 1.396E-04 0.000E+00 5.196E-02 5.132E-02 
1.500E+00 4.466E-04 4.534E-02 9.497E-04 6.618E-04 0.000E+00 4.740E-02 4.696E-02 
2.000E+00 2.516E-04 3.872E-02 5.799E-04 2.337E-03 0.000E+00 4.189E-02 4.164E-02 
2.044E+00 2.409E-04 3.825E-02 5.597E-04 2.503E-03 0.000E+00 4.155E-02 4.131E-02 
3.000E+00 1.119E-04 3.048E-02 3.097E-04 6.145E-03 1.067E-05 3.705E-02 3.694E-02 
4.000E+00 6.298E-05 2.543E-02 2.062E-04 9.577E-03 4.351E-05 3.532E-02 3.526E-02 
5.000E+00 4.033E-05 2.196E-02 1.531E-04 1.257E-02 8.660E-05 3.482E-02 3.478E-02 
6.000E+00 2.800E-05 1.942E-02 1.212E-04 1.517E-02 1.329E-04 3.487E-02 3.484E-02 
7.000E+00 2.057E-05 1.745E-02 1.000E-04 1.749E-02 1.791E-04 3.524E-02 3.522E-02 
8.000E+00 1.575E-05 1.588E-02 8.500E-05 1.958E-02 2.238E-04 3.578E-02 3.577E-02 
9.000E+00 1.245E-05 1.460E-02 7.387E-05 2.148E-02 2.665E-04 3.643E-02 3.642E-02 
1.000E+01 1.008E-05 1.353E-02 6.526E-05 2.321E-02 3.071E-04 3.712E-02 3.711E-02 
1.100E+01 8.334E-06 1.262E-02 5.841E-05 2.481E-02 3.456E-04 3.783E-02 3.783E-02 
1.200E+01 7.000E-06 1.183E-02 5.286E-05 2.627E-02 3.818E-04 3.855E-02 3.854E-02 
1.300E+01 5.966E-06 1.115E-02 4.826E-05 2.762E-02 4.160E-04 3.924E-02 3.923E-02 
1.400E+01 5.145E-06 1.055E-02 4.438E-05 2.887E-02 4.485E-04 3.991E-02 3.991E-02 
1.500E+01 4.482E-06 1.001E-02 4.109E-05 3.002E-02 4.793E-04 4.055E-02 4.055E-02 
1.600E+01 3.939E-06 9.534E-03 3.824E-05 3.110E-02 5.086E-04 4.118E-02 4.118E-02 
1.800E+01 3.112E-06 8.716E-03 3.358E-05 3.307E-02 5.628E-04 4.239E-02 4.239E-02 
2.000E+01 2.521E-06 8.039E-03 2.992E-05 3.484E-02 6.121E-04 4.353E-02 4.353E-02 
2.200E+01 2.083E-06 7.467E-03 2.698E-05 3.646E-02 6.575E-04 4.461E-02 4.461E-02 
2.400E+01 1.751E-06 6.975E-03 2.457E-05 3.791E-02 6.987E-04 4.561E-02 4.561E-02 
2.600E+01 1.492E-06 6.551E-03 2.254E-05 3.925E-02 7.375E-04 4.656E-02 4.656E-02 
2.800E+01 1.286E-06 6.182E-03 2.083E-05 4.047E-02 7.725E-04 4.745E-02 4.745E-02 
3.000E+01 1.121E-06 5.851E-03 1.936E-05 4.160E-02 8.058E-04 4.828E-02 4.827E-02 
4.000E+01 6.305E-07 4.649E-03 1.429E-05 4.617E-02 9.429E-04 5.178E-02 5.178E-02 
5.000E+01 4.034E-07 3.881E-03 1.133E-05 4.956E-02 1.047E-03 5.450E-02 5.450E-02 
6.000E+01 2.801E-07 3.344E-03 9.386E-06 5.219E-02 1.130E-03 5.667E-02 5.667E-02 
8.000E+01 1.575E-07 2.637E-03 6.981E-06 5.609E-02 1.255E-03 5.999E-02 5.999E-02 
1.000E+02 1.008E-07 2.189E-03 5.560E-06 5.886E-02 1.346E-03 6.240E-02 6.240E-02 
1.500E+02 4.482E-08 1.559E-03 3.683E-06 6.329E-02 1.497E-03 6.635E-02 6.635E-02 
2.000E+02 2.521E-08 1.222E-03 2.754E-06 6.588E-02 1.592E-03 6.869E-02 6.869E-02 
3.000E+02 1.121E-08 8.660E-04 1.830E-06 6.895E-02 1.709E-03 7.153E-02 7.153E-02 
4.000E+02 6.305E-09 6.784E-04 1.370E-06 7.073E-02 1.779E-03 7.319E-02 7.319E-02 
5.000E+02 4.034E-09 5.616E-04 1.095E-06 7.190E-02 1.828E-03 7.429E-02 7.429E-02 
6.000E+02 2.801E-09 4.809E-04 9.122E-07 7.276E-02 1.864E-03 7.511E-02 7.511E-02 
8.000E+02 1.576E-09 3.756E-04 6.834E-07 7.387E-02 1.913E-03 7.616E-02 7.616E-02 
1.000E+03 1.008E-09 3.090E-04 5.465E-07 7.455E-02 1.946E-03 7.680E-02 7.680E-02 
1.500E+03 4.482E-10 2.158E-04 3.641E-07 7.559E-02 1.995E-03 7.780E-02 7.780E-02 
2.000E+03 2.521E-10 1.670E-04 2.730E-07 7.621E-02 2.023E-03 7.840E-02 7.840E-02 
3.000E+03 1.121E-10 1.161E-04 1.819E-07 7.682E-02 2.054E-03 7.899E-02 7.899E-02 
4.000E+03 6.305E-11 8.962E-05 1.364E-07 7.713E-02 2.072E-03 7.929E-02 7.929E-02 
5.000E+03 4.034E-11 7.326E-05 1.091E-07 7.732E-02 2.083E-03 7.947E-02 7.947E-02 
6.000E+03 2.801E-11 6.212E-05 9.091E-08 7.750E-02 2.091E-03 7.965E-02 7.965E-02 
8.000E+03 1.576E-11 4.788E-05 6.821E-08 7.769E-02 2.101E-03 7.983E-02 7.983E-02 
1.000E+04 1.008E-11 3.909E-05 5.456E-08 7.781E-02 2.108E-03 7.996E-02 7.996E-02 
1.500E+04 4.482E-12 2.701E-05 3.637E-08 7.793E-02 2.117E-03 8.007E-02 8.007E-02 
2.000E+04 2.521E-12 2.077E-05 2.727E-08 7.805E-02 2.122E-03 8.020E-02 8.020E-02 
3.000E+04 1.121E-12 1.433E-05 1.818E-08 7.812E-02 2.127E-03 8.026E-02 8.026E-02 
4.000E+04 6.305E-13 1.100E-05 1.364E-08 7.818E-02 2.130E-03 8.032E-02 8.032E-02 
5.000E+04 4.034E-13 8.956E-06 1.091E-08 7.824E-02 2.132E-03 8.038E-02 8.038E-02 
6.000E+04 2.801E-13 7.572E-06 9.091E-09 7.824E-02 2.133E-03 8.038E-02 8.038E-02 
8.000E+04 1.576E-13 5.805E-06 6.821E-09 7.824E-02 2.134E-03 8.038E-02 8.038E-02 
1.000E+05 1.008E-13 4.723E-06 5.455E-09 7.830E-02 2.136E-03 8.044E-02 8.044E-02 
