1.000E-03 8.112E+00 5.025E-03 8.577E+03 0.000E+00 0.000E+00 8.585E+03 8.577E+03 
1.500E-03 7.672E+00 9.324E-03 3.483E+03 0.000E+00 0.000E+00 3.491E+03 3.483E+03 
2.000E-03 7.187E+00 1.367E-02 1.760E+03 0.000E+00 0.000E+00 1.767E+03 1.760E+03 
3.000E-03 6.267E+00 2.182E-02 6.470E+02 0.000E+00 0.000E+00 6.533E+02 6.470E+02 
4.000E-03 5.466E+00 2.899E-02 3.114E+02 0.000E+00 0.000E+00 3.169E+02 3.114E+02 
4.132E-03 5.372E+00 2.987E-02 2.864E+02 0.000E+00 0.000E+00 2.918E+02 2.865E+02 
4.132E-03 5.372E+00 2.987E-02 8.641E+02 0.000E+00 0.000E+00 8.695E+02 8.642E+02 
4.254E-03 5.283E+00 3.067E-02 8.169E+02 0.000E+00 0.000E+00 8.222E+02 8.169E+02 
4.380E-03 5.194E+00 3.147E-02 7.721E+02 0.000E+00 0.000E+00 7.773E+02 7.722E+02 
4.380E-03 5.194E+00 3.147E-02 1.045E+03 0.000E+00 0.000E+00 1.050E+03 1.045E+03 
4.537E-03 5.088E+00 3.246E-02 9.635E+02 0.000E+00 0.000E+00 9.686E+02 9.635E+02 
4.698E-03 4.981E+00 3.348E-02 8.889E+02 0.000E+00 0.000E+00 8.939E+02 8.889E+02 
4.698E-03 4.981E+00 3.348E-02 1.024E+03 0.000E+00 0.000E+00 1.029E+03 1.024E+03 
5.000E-03 4.785E+00 3.532E-02 8.799E+02 0.000E+00 0.000E+00 8.848E+02 8.800E+02 
6.000E-03 4.205E+00 4.104E-02 5.525E+02 0.000E+00 0.000E+00 5.567E+02 5.525E+02 
8.000E-03 3.311E+00 5.119E-02 2.597E+02 0.000E+00 0.000E+00 2.631E+02 2.598E+02 
1.000E-02 2.690E+00 6.005E-02 1.431E+02 0.000E+00 0.000E+00 1.458E+02 1.432E+02 
1.500E-02 1.773E+00 7.657E-02 4.739E+01 0.000E+00 0.000E+00 4.924E+01 4.746E+01 
2.000E-02 1.252E+00 8.725E-02 2.134E+01 0.000E+00 0.000E+00 2.268E+01 2.143E+01 
3.000E-02 7.078E-01 1.000E-01 6.821E+00 0.000E+00 0.000E+00 7.629E+00 6.921E+00 
3.049E-02 6.910E-01 1.005E-01 6.514E+00 0.000E+00 0.000E+00 7.306E+00 6.615E+00 
3.049E-02 6.910E-01 1.005E-01 3.994E+01 0.000E+00 0.000E+00 4.073E+01 4.004E+01 
4.000E-02 4.616E-01 1.067E-01 1.970E+01 0.000E+00 0.000E+00 2.026E+01 1.980E+01 
5.000E-02 3.274E-01 1.103E-01 1.076E+01 0.000E+00 0.000E+00 1.120E+01 1.087E+01 
6.000E-02 2.438E-01 1.120E-01 6.519E+00 0.000E+00 0.000E+00 6.875E+00 6.631E+00 
8.000E-02 1.495E-01 1.124E-01 2.914E+00 0.000E+00 0.000E+00 3.176E+00 3.026E+00 
1.000E-01 1.012E-01 1.107E-01 1.546E+00 0.000E+00 0.000E+00 1.758E+00 1.656E+00 
1.500E-01 4.919E-02 1.042E-01 4.828E-01 0.000E+00 0.000E+00 6.361E-01 5.869E-01 
2.000E-01 2.905E-02 9.759E-02 2.114E-01 0.000E+00 0.000E+00 3.381E-01 3.090E-01 
3.000E-01 1.353E-02 8.666E-02 6.747E-02 0.000E+00 0.000E+00 1.677E-01 1.541E-01 
4.000E-01 7.785E-03 7.840E-02 3.102E-02 0.000E+00 0.000E+00 1.172E-01 1.094E-01 
5.000E-01 5.050E-03 7.202E-02 1.746E-02 0.000E+00 0.000E+00 9.453E-02 8.948E-02 
6.000E-01 3.537E-03 6.682E-02 1.116E-02 0.000E+00 0.000E+00 8.153E-02 7.799E-02 
8.000E-01 2.009E-03 5.891E-02 5.777E-03 0.000E+00 0.000E+00 6.670E-02 6.469E-02 
1.000E+00 1.292E-03 5.307E-02 3.607E-03 0.000E+00 0.000E+00 5.797E-02 5.668E-02 
1.022E+00 1.238E-03 5.253E-02 3.433E-03 0.000E+00 0.000E+00 5.720E-02 5.596E-02 
1.250E+00 8.305E-04 4.752E-02 2.315E-03 1.770E-04 0.000E+00 5.085E-02 5.002E-02 
1.500E+00 5.777E-04 4.323E-02 1.658E-03 8.211E-04 0.000E+00 4.628E-02 4.570E-02 
2.000E+00 3.256E-04 3.692E-02 1.010E-03 2.794E-03 0.000E+00 4.105E-02 4.072E-02 
2.044E+00 3.118E-04 3.646E-02 9.739E-04 2.986E-03 0.000E+00 4.074E-02 4.042E-02 
3.000E+00 1.449E-04 2.906E-02 5.362E-04 7.108E-03 1.016E-05 3.686E-02 3.672E-02 
4.000E+00 8.156E-05 2.425E-02 3.554E-04 1.094E-02 4.147E-05 3.567E-02 3.558E-02 
5.000E+00 5.223E-05 2.095E-02 2.630E-04 1.424E-02 8.255E-05 3.559E-02 3.553E-02 
6.000E+00 3.627E-05 1.852E-02 2.076E-04 1.709E-02 1.266E-04 3.598E-02 3.595E-02 
7.000E+00 2.665E-05 1.664E-02 1.710E-04 1.963E-02 1.705E-04 3.664E-02 3.662E-02 
8.000E+00 2.040E-05 1.515E-02 1.452E-04 2.192E-02 2.130E-04 3.745E-02 3.743E-02 
9.000E+00 1.612E-05 1.392E-02 1.260E-04 2.399E-02 2.537E-04 3.831E-02 3.829E-02 
1.000E+01 1.306E-05 1.290E-02 1.112E-04 2.589E-02 2.923E-04 3.921E-02 3.920E-02 
1.100E+01 1.079E-05 1.203E-02 9.947E-05 2.764E-02 3.288E-04 4.011E-02 4.010E-02 
1.200E+01 9.072E-06 1.129E-02 8.992E-05 2.926E-02 3.633E-04 4.101E-02 4.100E-02 
1.300E+01 7.726E-06 1.063E-02 8.206E-05 3.077E-02 3.957E-04 4.189E-02 4.188E-02 
1.400E+01 6.663E-06 1.006E-02 7.543E-05 3.215E-02 4.265E-04 4.272E-02 4.271E-02 
1.500E+01 5.807E-06 9.551E-03 6.979E-05 3.343E-02 4.557E-04 4.351E-02 4.351E-02 
1.600E+01 5.100E-06 9.096E-03 6.490E-05 3.462E-02 4.834E-04 4.427E-02 4.426E-02 
1.800E+01 4.031E-06 8.315E-03 5.693E-05 3.680E-02 5.347E-04 4.571E-02 4.570E-02 
2.000E+01 3.266E-06 7.667E-03 5.070E-05 3.874E-02 5.812E-04 4.704E-02 4.704E-02 
2.200E+01 2.699E-06 7.118E-03 4.571E-05 4.051E-02 6.242E-04 4.830E-02 4.829E-02 
2.400E+01 2.267E-06 6.653E-03 4.160E-05 4.211E-02 6.633E-04 4.947E-02 4.947E-02 
2.600E+01 1.932E-06 6.247E-03 3.816E-05 4.357E-02 6.994E-04 5.056E-02 5.056E-02 
2.800E+01 1.666E-06 5.896E-03 3.525E-05 4.491E-02 7.330E-04 5.158E-02 5.158E-02 
3.000E+01 1.451E-06 5.579E-03 3.274E-05 4.615E-02 7.642E-04 5.253E-02 5.253E-02 
4.000E+01 8.161E-07 4.435E-03 2.416E-05 5.114E-02 8.933E-04 5.650E-02 5.650E-02 
5.000E+01 5.223E-07 3.702E-03 1.914E-05 5.490E-02 9.912E-04 5.962E-02 5.962E-02 
6.000E+01 3.628E-07 3.189E-03 1.584E-05 5.777E-02 1.069E-03 6.205E-02 6.205E-02 
8.000E+01 2.041E-07 2.516E-03 1.178E-05 6.208E-02 1.186E-03 6.579E-02 6.579E-02 
1.000E+02 1.306E-07 2.088E-03 9.378E-06 6.509E-02 1.271E-03 6.846E-02 6.846E-02 
1.500E+02 5.807E-08 1.487E-03 6.213E-06 6.994E-02 1.411E-03 7.285E-02 7.285E-02 
2.000E+02 3.265E-08 1.166E-03 4.642E-06 7.281E-02 1.499E-03 7.548E-02 7.548E-02 
3.000E+02 1.451E-08 8.260E-04 3.084E-06 7.617E-02 1.607E-03 7.861E-02 7.861E-02 
4.000E+02 8.161E-09 6.470E-04 2.309E-06 7.810E-02 1.672E-03 8.042E-02 8.042E-02 
5.000E+02 5.223E-09 5.357E-04 1.845E-06 7.939E-02 1.716E-03 8.164E-02 8.164E-02 
6.000E+02 3.628E-09 4.586E-04 1.537E-06 8.028E-02 1.749E-03 8.249E-02 8.249E-02 
8.000E+02 2.041E-09 3.582E-04 1.152E-06 8.152E-02 1.793E-03 8.367E-02 8.367E-02 
1.000E+03 1.306E-09 2.947E-04 9.210E-07 8.231E-02 1.823E-03 8.442E-02 8.442E-02 
1.500E+03 5.807E-10 2.058E-04 6.133E-07 8.344E-02 1.867E-03 8.552E-02 8.552E-02 
2.000E+03 3.265E-10 1.593E-04 4.599E-07 8.404E-02 1.892E-03 8.609E-02 8.609E-02 
3.000E+03 1.451E-10 1.107E-04 3.065E-07 8.473E-02 1.919E-03 8.676E-02 8.676E-02 
4.000E+03 8.161E-11 8.547E-05 2.299E-07 8.508E-02 1.935E-03 8.710E-02 8.710E-02 
5.000E+03 5.223E-11 6.989E-05 1.839E-07 8.532E-02 1.945E-03 8.734E-02 8.734E-02 
6.000E+03 3.628E-11 5.926E-05 1.532E-07 8.547E-02 1.952E-03 8.748E-02 8.748E-02 
8.000E+03 2.041E-11 4.567E-05 1.149E-07 8.567E-02 1.961E-03 8.768E-02 8.768E-02 
1.000E+04 1.306E-11 3.729E-05 9.190E-08 8.582E-02 1.967E-03 8.782E-02 8.782E-02 
1.500E+04 5.807E-12 2.577E-05 6.128E-08 8.597E-02 1.975E-03 8.797E-02 8.797E-02 
2.000E+04 3.265E-12 1.981E-05 4.595E-08 8.607E-02 1.979E-03 8.806E-02 8.806E-02 
3.000E+04 1.451E-12 1.366E-05 3.063E-08 8.616E-02 1.983E-03 8.816E-02 8.816E-02 
4.000E+04 8.161E-13 1.049E-05 2.297E-08 8.621E-02 1.986E-03 8.821E-02 8.821E-02 
5.000E+04 5.223E-13 8.542E-06 1.838E-08 8.626E-02 1.988E-03 8.826E-02 8.826E-02 
6.000E+04 3.628E-13 7.222E-06 1.531E-08 8.631E-02 1.989E-03 8.831E-02 8.831E-02 
8.000E+04 2.041E-13 5.535E-06 1.149E-08 8.631E-02 1.990E-03 8.831E-02 8.831E-02 
1.000E+05 1.306E-13 4.504E-06 9.190E-09 8.636E-02 1.991E-03 8.836E-02 8.836E-02 
