1.000E-03 8.550E+00 5.881E-03 9.357E+03 0.000E+00 0.000E+00 9.365E+03 9.357E+03 
1.032E-03 8.521E+00 6.133E-03 8.763E+03 0.000E+00 0.000E+00 8.771E+03 8.763E+03 
1.065E-03 8.491E+00 6.393E-03 8.206E+03 0.000E+00 0.000E+00 8.214E+03 8.206E+03 
1.065E-03 8.491E+00 6.393E-03 8.677E+03 0.000E+00 0.000E+00 8.686E+03 8.677E+03 
1.139E-03 8.422E+00 6.973E-03 7.555E+03 0.000E+00 0.000E+00 7.563E+03 7.555E+03 
1.217E-03 8.346E+00 7.594E-03 6.579E+03 0.000E+00 0.000E+00 6.588E+03 6.579E+03 
1.217E-03 8.346E+00 7.594E-03 6.883E+03 0.000E+00 0.000E+00 6.891E+03 6.883E+03 
1.500E-03 8.074E+00 9.864E-03 4.327E+03 0.000E+00 0.000E+00 4.335E+03 4.327E+03 
2.000E-03 7.576E+00 1.399E-02 2.218E+03 0.000E+00 0.000E+00 2.226E+03 2.218E+03 
3.000E-03 6.593E+00 2.203E-02 8.251E+02 0.000E+00 0.000E+00 8.317E+02 8.251E+02 
4.000E-03 5.745E+00 2.941E-02 3.997E+02 0.000E+00 0.000E+00 4.055E+02 3.997E+02 
5.000E-03 5.043E+00 3.582E-02 2.253E+02 0.000E+00 0.000E+00 2.304E+02 2.253E+02 
5.012E-03 5.034E+00 3.589E-02 2.240E+02 0.000E+00 0.000E+00 2.290E+02 2.240E+02 
5.012E-03 5.034E+00 3.589E-02 6.625E+02 0.000E+00 0.000E+00 6.675E+02 6.625E+02 
5.183E-03 4.921E+00 3.690E-02 6.088E+02 0.000E+00 0.000E+00 6.138E+02 6.088E+02 
5.359E-03 4.821E+00 3.791E-02 5.596E+02 0.000E+00 0.000E+00 5.645E+02 5.596E+02 
5.359E-03 4.821E+00 3.791E-02 7.644E+02 0.000E+00 0.000E+00 7.693E+02 7.644E+02 
5.534E-03 4.721E+00 3.887E-02 7.054E+02 0.000E+00 0.000E+00 7.102E+02 7.054E+02 
5.714E-03 4.617E+00 3.985E-02 6.511E+02 0.000E+00 0.000E+00 6.558E+02 6.512E+02 
5.714E-03 4.617E+00 3.985E-02 7.499E+02 0.000E+00 0.000E+00 7.546E+02 7.499E+02 
6.000E-03 4.459E+00 4.137E-02 6.665E+02 0.000E+00 0.000E+00 6.710E+02 6.666E+02 
8.000E-03 3.548E+00 5.079E-02 3.179E+02 0.000E+00 0.000E+00 3.215E+02 3.179E+02 
1.000E-02 2.886E+00 5.890E-02 1.764E+02 0.000E+00 0.000E+00 1.793E+02 1.764E+02 
1.500E-02 1.899E+00 7.463E-02 5.909E+01 0.000E+00 0.000E+00 6.106E+01 5.916E+01 
2.000E-02 1.359E+00 8.519E-02 2.677E+01 0.000E+00 0.000E+00 2.822E+01 2.686E+01 
3.000E-02 7.789E-01 9.760E-02 8.632E+00 0.000E+00 0.000E+00 9.508E+00 8.729E+00 
3.598E-02 5.945E-01 1.020E-01 5.166E+00 0.000E+00 0.000E+00 5.862E+00 5.268E+00 
3.598E-02 5.945E-01 1.020E-01 3.073E+01 0.000E+00 0.000E+00 3.143E+01 3.084E+01 
4.000E-02 5.070E-01 1.042E-01 2.319E+01 0.000E+00 0.000E+00 2.381E+01 2.330E+01 
5.000E-02 3.605E-01 1.077E-01 1.293E+01 0.000E+00 0.000E+00 1.340E+01 1.304E+01 
6.000E-02 2.698E-01 1.095E-01 7.871E+00 0.000E+00 0.000E+00 8.250E+00 7.980E+00 
8.000E-02 1.664E-01 1.101E-01 3.560E+00 0.000E+00 0.000E+00 3.836E+00 3.670E+00 
1.000E-01 1.128E-01 1.086E-01 1.903E+00 0.000E+00 0.000E+00 2.124E+00 2.012E+00 
1.500E-01 5.487E-02 1.024E-01 6.017E-01 0.000E+00 0.000E+00 7.590E-01 7.041E-01 
2.000E-01 3.251E-02 9.601E-02 2.656E-01 0.000E+00 0.000E+00 3.941E-01 3.616E-01 
3.000E-01 1.520E-02 8.541E-02 8.564E-02 0.000E+00 0.000E+00 1.862E-01 1.711E-01 
4.000E-01 8.754E-03 7.735E-02 3.961E-02 0.000E+00 0.000E+00 1.257E-01 1.170E-01 
5.000E-01 5.687E-03 7.105E-02 2.238E-02 0.000E+00 0.000E+00 9.912E-02 9.343E-02 
6.000E-01 3.985E-03 6.597E-02 1.435E-02 0.000E+00 0.000E+00 8.431E-02 8.033E-02 
8.000E-01 2.266E-03 5.818E-02 7.449E-03 0.000E+00 0.000E+00 6.790E-02 6.563E-02 
1.000E+00 1.459E-03 5.243E-02 4.653E-03 0.000E+00 0.000E+00 5.854E-02 5.708E-02 
1.022E+00 1.397E-03 5.188E-02 4.453E-03 0.000E+00 0.000E+00 5.773E-02 5.633E-02 
1.250E+00 9.375E-04 4.694E-02 3.003E-03 1.987E-04 0.000E+00 5.108E-02 5.014E-02 
1.500E+00 6.525E-04 4.269E-02 2.148E-03 9.189E-04 0.000E+00 4.641E-02 4.576E-02 
2.000E+00 3.679E-04 3.647E-02 1.307E-03 3.069E-03 0.000E+00 4.121E-02 4.084E-02 
2.044E+00 3.523E-04 3.602E-02 1.261E-03 3.276E-03 0.000E+00 4.091E-02 4.056E-02 
3.000E+00 1.638E-04 2.871E-02 6.919E-04 7.671E-03 1.004E-05 3.725E-02 3.709E-02 
4.000E+00 9.221E-05 2.396E-02 4.581E-04 1.170E-02 4.095E-05 3.625E-02 3.616E-02 
5.000E+00 5.904E-05 2.069E-02 3.383E-04 1.518E-02 8.152E-05 3.635E-02 3.629E-02 
6.000E+00 4.100E-05 1.829E-02 2.668E-04 1.817E-02 1.250E-04 3.689E-02 3.685E-02 
7.000E+00 3.013E-05 1.644E-02 2.196E-04 2.083E-02 1.684E-04 3.769E-02 3.766E-02 
8.000E+00 2.307E-05 1.497E-02 1.863E-04 2.322E-02 2.103E-04 3.860E-02 3.858E-02 
9.000E+00 1.822E-05 1.376E-02 1.615E-04 2.539E-02 2.504E-04 3.957E-02 3.956E-02 
1.000E+01 1.476E-05 1.275E-02 1.425E-04 2.738E-02 2.885E-04 4.057E-02 4.055E-02 
1.100E+01 1.220E-05 1.189E-02 1.274E-04 2.921E-02 3.245E-04 4.157E-02 4.155E-02 
1.200E+01 1.025E-05 1.115E-02 1.152E-04 3.091E-02 3.584E-04 4.255E-02 4.254E-02 
1.300E+01 8.736E-06 1.050E-02 1.050E-04 3.249E-02 3.903E-04 4.350E-02 4.349E-02 
1.400E+01 7.531E-06 9.937E-03 9.651E-05 3.396E-02 4.207E-04 4.442E-02 4.441E-02 
1.500E+01 6.561E-06 9.434E-03 8.931E-05 3.531E-02 4.494E-04 4.529E-02 4.528E-02 
1.600E+01 5.768E-06 8.985E-03 8.306E-05 3.656E-02 4.767E-04 4.611E-02 4.611E-02 
1.800E+01 4.558E-06 8.210E-03 7.282E-05 3.884E-02 5.274E-04 4.766E-02 4.765E-02 
2.000E+01 3.692E-06 7.572E-03 6.484E-05 4.088E-02 5.732E-04 4.910E-02 4.909E-02 
2.200E+01 3.051E-06 7.032E-03 5.845E-05 4.274E-02 6.153E-04 5.045E-02 5.044E-02 
2.400E+01 2.563E-06 6.575E-03 5.315E-05 4.442E-02 6.538E-04 5.171E-02 5.171E-02 
2.600E+01 2.184E-06 6.171E-03 4.876E-05 4.595E-02 6.896E-04 5.286E-02 5.286E-02 
2.800E+01 1.883E-06 5.823E-03 4.503E-05 4.735E-02 7.223E-04 5.394E-02 5.394E-02 
3.000E+01 1.641E-06 5.514E-03 4.183E-05 4.866E-02 7.531E-04 5.498E-02 5.497E-02 
4.000E+01 9.230E-07 4.381E-03 3.085E-05 5.392E-02 8.799E-04 5.921E-02 5.921E-02 
5.000E+01 5.904E-07 3.657E-03 2.443E-05 5.782E-02 9.760E-04 6.248E-02 6.247E-02 
6.000E+01 4.102E-07 3.151E-03 2.022E-05 6.090E-02 1.052E-03 6.512E-02 6.512E-02 
8.000E+01 2.307E-07 2.485E-03 1.503E-05 6.538E-02 1.167E-03 6.905E-02 6.905E-02 
1.000E+02 1.477E-07 2.063E-03 1.196E-05 6.856E-02 1.250E-03 7.188E-02 7.188E-02 
1.500E+02 6.561E-08 1.469E-03 7.920E-06 7.363E-02 1.388E-03 7.650E-02 7.650E-02 
2.000E+02 3.691E-08 1.152E-03 5.918E-06 7.667E-02 1.475E-03 7.930E-02 7.930E-02 
3.000E+02 1.641E-08 8.161E-04 3.932E-06 8.020E-02 1.581E-03 8.260E-02 8.260E-02 
4.000E+02 9.230E-09 6.393E-04 2.944E-06 8.224E-02 1.644E-03 8.453E-02 8.453E-02 
5.000E+02 5.904E-09 5.292E-04 2.353E-06 8.360E-02 1.688E-03 8.582E-02 8.582E-02 
6.000E+02 4.101E-09 4.531E-04 1.959E-06 8.455E-02 1.720E-03 8.673E-02 8.673E-02 
8.000E+02 2.307E-09 3.539E-04 1.468E-06 8.582E-02 1.764E-03 8.794E-02 8.794E-02 
1.000E+03 1.476E-09 2.911E-04 1.174E-06 8.668E-02 1.794E-03 8.877E-02 8.877E-02 
1.500E+03 6.561E-10 2.033E-04 7.821E-07 8.786E-02 1.838E-03 8.990E-02 8.990E-02 
2.000E+03 3.691E-10 1.574E-04 5.863E-07 8.849E-02 1.863E-03 9.051E-02 9.051E-02 
3.000E+03 1.641E-10 1.094E-04 3.907E-07 8.922E-02 1.890E-03 9.122E-02 9.122E-02 
4.000E+03 9.230E-11 8.446E-05 2.930E-07 8.958E-02 1.907E-03 9.157E-02 9.157E-02 
5.000E+03 5.904E-11 6.905E-05 2.344E-07 8.985E-02 1.916E-03 9.184E-02 9.184E-02 
6.000E+03 4.101E-11 5.854E-05 1.953E-07 8.999E-02 1.923E-03 9.197E-02 9.197E-02 
8.000E+03 2.307E-11 4.512E-05 1.464E-07 9.022E-02 1.933E-03 9.219E-02 9.219E-02 
1.000E+04 1.476E-11 3.683E-05 1.172E-07 9.035E-02 1.939E-03 9.233E-02 9.233E-02 
1.500E+04 6.561E-12 2.546E-05 7.812E-08 9.058E-02 1.947E-03 9.255E-02 9.255E-02 
2.000E+04 3.691E-12 1.957E-05 5.859E-08 9.067E-02 1.952E-03 9.264E-02 9.264E-02 
3.000E+04 1.641E-12 1.350E-05 3.904E-08 9.076E-02 1.956E-03 9.273E-02 9.273E-02 
4.000E+04 9.230E-13 1.036E-05 2.928E-08 9.080E-02 1.959E-03 9.277E-02 9.277E-02 
5.000E+04 5.904E-13 8.437E-06 2.343E-08 9.085E-02 1.961E-03 9.282E-02 9.282E-02 
6.000E+04 4.101E-13 7.132E-06 1.952E-08 9.089E-02 1.962E-03 9.286E-02 9.286E-02 
8.000E+04 2.307E-13 5.469E-06 1.464E-08 9.089E-02 1.963E-03 9.286E-02 9.286E-02 
1.000E+05 1.476E-13 4.450E-06 1.171E-08 9.094E-02 1.964E-03 9.291E-02 9.291E-02 
