1.000E-03 8.521E+00 6.863E-03 8.534E+03 0.000E+00 0.000E+00 8.542E+03 8.534E+03 
1.031E-03 8.490E+00 7.124E-03 7.976E+03 0.000E+00 0.000E+00 7.985E+03 7.976E+03 
1.062E-03 8.459E+00 7.394E-03 7.459E+03 0.000E+00 0.000E+00 7.468E+03 7.459E+03 
1.062E-03 8.459E+00 7.394E-03 8.538E+03 0.000E+00 0.000E+00 8.547E+03 8.538E+03 
1.099E-03 8.423E+00 7.705E-03 7.946E+03 0.000E+00 0.000E+00 7.955E+03 7.946E+03 
1.137E-03 8.385E+00 8.021E-03 7.398E+03 0.000E+00 0.000E+00 7.406E+03 7.398E+03 
1.137E-03 8.385E+00 8.021E-03 7.828E+03 0.000E+00 0.000E+00 7.836E+03 7.828E+03 
1.212E-03 8.311E+00 8.625E-03 6.841E+03 0.000E+00 0.000E+00 6.849E+03 6.841E+03 
1.293E-03 8.231E+00 9.257E-03 5.981E+03 0.000E+00 0.000E+00 5.990E+03 5.981E+03 
1.293E-03 8.231E+00 9.257E-03 6.249E+03 0.000E+00 0.000E+00 6.257E+03 6.249E+03 
1.500E-03 8.016E+00 1.094E-02 4.490E+03 0.000E+00 0.000E+00 4.499E+03 4.491E+03 
2.000E-03 7.512E+00 1.490E-02 2.311E+03 0.000E+00 0.000E+00 2.319E+03 2.311E+03 
3.000E-03 6.565E+00 2.251E-02 8.630E+02 0.000E+00 0.000E+00 8.696E+02 8.630E+02 
4.000E-03 5.727E+00 2.955E-02 4.188E+02 0.000E+00 0.000E+00 4.245E+02 4.188E+02 
5.000E-03 5.034E+00 3.580E-02 2.363E+02 0.000E+00 0.000E+00 2.414E+02 2.364E+02 
5.247E-03 4.881E+00 3.721E-02 2.086E+02 0.000E+00 0.000E+00 2.135E+02 2.086E+02 
5.247E-03 4.881E+00 3.721E-02 6.047E+02 0.000E+00 0.000E+00 6.096E+02 6.048E+02 
5.432E-03 4.774E+00 3.824E-02 5.566E+02 0.000E+00 0.000E+00 5.614E+02 5.566E+02 
5.624E-03 4.662E+00 3.927E-02 5.122E+02 0.000E+00 0.000E+00 5.169E+02 5.122E+02 
5.624E-03 4.662E+00 3.927E-02 6.968E+02 0.000E+00 0.000E+00 7.015E+02 6.969E+02 
5.803E-03 4.552E+00 4.021E-02 6.449E+02 0.000E+00 0.000E+00 6.495E+02 6.450E+02 
5.989E-03 4.460E+00 4.116E-02 5.968E+02 0.000E+00 0.000E+00 6.013E+02 5.969E+02 
5.989E-03 4.460E+00 4.116E-02 6.889E+02 0.000E+00 0.000E+00 6.934E+02 6.890E+02 
6.000E-03 4.455E+00 4.122E-02 6.854E+02 0.000E+00 0.000E+00 6.899E+02 6.855E+02 
8.000E-03 3.555E+00 5.034E-02 3.299E+02 0.000E+00 0.000E+00 3.335E+02 3.299E+02 
1.000E-02 2.897E+00 5.815E-02 1.830E+02 0.000E+00 0.000E+00 1.860E+02 1.831E+02 
1.500E-02 1.905E+00 7.341E-02 6.148E+01 0.000E+00 0.000E+00 6.346E+01 6.155E+01 
2.000E-02 1.367E+00 8.376E-02 2.793E+01 0.000E+00 0.000E+00 2.938E+01 2.801E+01 
3.000E-02 7.867E-01 9.595E-02 9.020E+00 0.000E+00 0.000E+00 9.903E+00 9.116E+00 
3.744E-02 5.657E-01 1.011E-01 4.833E+00 0.000E+00 0.000E+00 5.499E+00 4.934E+00 
3.744E-02 5.657E-01 1.011E-01 2.852E+01 0.000E+00 0.000E+00 2.919E+01 2.862E+01 
4.000E-02 5.122E-01 1.024E-01 2.396E+01 0.000E+00 0.000E+00 2.457E+01 2.406E+01 
5.000E-02 3.642E-01 1.059E-01 1.332E+01 0.000E+00 0.000E+00 1.379E+01 1.342E+01 
6.000E-02 2.729E-01 1.076E-01 8.130E+00 0.000E+00 0.000E+00 8.511E+00 8.238E+00 
8.000E-02 1.686E-01 1.082E-01 3.686E+00 0.000E+00 0.000E+00 3.963E+00 3.794E+00 
1.000E-01 1.143E-01 1.068E-01 1.974E+00 0.000E+00 0.000E+00 2.195E+00 2.081E+00 
1.500E-01 5.565E-02 1.008E-01 6.262E-01 0.000E+00 0.000E+00 7.827E-01 7.270E-01 
2.000E-01 3.298E-02 9.455E-02 2.770E-01 0.000E+00 0.000E+00 4.045E-01 3.716E-01 
3.000E-01 1.543E-02 8.411E-02 8.955E-02 0.000E+00 0.000E+00 1.891E-01 1.737E-01 
4.000E-01 8.898E-03 7.617E-02 4.148E-02 0.000E+00 0.000E+00 1.265E-01 1.177E-01 
5.000E-01 5.775E-03 6.999E-02 2.347E-02 0.000E+00 0.000E+00 9.923E-02 9.346E-02 
6.000E-01 4.051E-03 6.499E-02 1.506E-02 0.000E+00 0.000E+00 8.410E-02 8.005E-02 
8.000E-01 2.304E-03 5.732E-02 7.819E-03 0.000E+00 0.000E+00 6.744E-02 6.513E-02 
1.000E+00 1.484E-03 5.166E-02 4.885E-03 0.000E+00 0.000E+00 5.803E-02 5.654E-02 
1.022E+00 1.421E-03 5.109E-02 4.675E-03 0.000E+00 0.000E+00 5.718E-02 5.576E-02 
1.250E+00 9.538E-04 4.626E-02 3.153E-03 2.019E-04 0.000E+00 5.057E-02 4.962E-02 
1.500E+00 6.639E-04 4.207E-02 2.256E-03 9.332E-04 0.000E+00 4.592E-02 4.526E-02 
2.000E+00 3.743E-04 3.593E-02 1.371E-03 3.104E-03 0.000E+00 4.078E-02 4.041E-02 
2.044E+00 3.584E-04 3.549E-02 1.323E-03 3.313E-03 0.000E+00 4.048E-02 4.013E-02 
3.000E+00 1.667E-04 2.829E-02 7.262E-04 7.722E-03 9.893E-06 3.692E-02 3.675E-02 
4.000E+00 9.380E-05 2.361E-02 4.802E-04 1.176E-02 4.035E-05 3.598E-02 3.588E-02 
5.000E+00 6.008E-05 2.039E-02 3.546E-04 1.523E-02 8.029E-05 3.612E-02 3.606E-02 
6.000E+00 4.172E-05 1.802E-02 2.796E-04 1.822E-02 1.232E-04 3.669E-02 3.665E-02 
7.000E+00 3.065E-05 1.620E-02 2.301E-04 2.088E-02 1.659E-04 3.751E-02 3.748E-02 
8.000E+00 2.347E-05 1.475E-02 1.951E-04 2.326E-02 2.072E-04 3.844E-02 3.841E-02 
9.000E+00 1.855E-05 1.355E-02 1.692E-04 2.543E-02 2.467E-04 3.942E-02 3.940E-02 
1.000E+01 1.502E-05 1.256E-02 1.492E-04 2.742E-02 2.842E-04 4.042E-02 4.041E-02 
1.100E+01 1.241E-05 1.172E-02 1.334E-04 2.925E-02 3.196E-04 4.143E-02 4.142E-02 
1.200E+01 1.043E-05 1.099E-02 1.206E-04 3.095E-02 3.530E-04 4.242E-02 4.241E-02 
1.300E+01 8.889E-06 1.035E-02 1.100E-04 3.253E-02 3.845E-04 4.339E-02 4.338E-02 
1.400E+01 7.665E-06 9.792E-03 1.010E-04 3.399E-02 4.144E-04 4.431E-02 4.430E-02 
1.500E+01 6.679E-06 9.297E-03 9.345E-05 3.535E-02 4.429E-04 4.518E-02 4.518E-02 
1.600E+01 5.867E-06 8.854E-03 8.692E-05 3.660E-02 4.697E-04 4.602E-02 4.601E-02 
1.800E+01 4.635E-06 8.091E-03 7.622E-05 3.888E-02 5.192E-04 4.757E-02 4.757E-02 
2.000E+01 3.756E-06 7.464E-03 6.788E-05 4.092E-02 5.644E-04 4.902E-02 4.902E-02 
2.200E+01 3.104E-06 6.933E-03 6.113E-05 4.277E-02 6.060E-04 5.038E-02 5.037E-02 
2.400E+01 2.608E-06 6.477E-03 5.565E-05 4.447E-02 6.438E-04 5.165E-02 5.164E-02 
2.600E+01 2.222E-06 6.082E-03 5.100E-05 4.600E-02 6.788E-04 5.282E-02 5.281E-02 
2.800E+01 1.916E-06 5.736E-03 4.710E-05 4.740E-02 7.113E-04 5.390E-02 5.390E-02 
3.000E+01 1.669E-06 5.433E-03 4.376E-05 4.868E-02 7.415E-04 5.490E-02 5.489E-02 
4.000E+01 9.389E-07 4.317E-03 3.227E-05 5.398E-02 8.665E-04 5.920E-02 5.920E-02 
5.000E+01 6.008E-07 3.604E-03 2.555E-05 5.789E-02 9.612E-04 6.248E-02 6.248E-02 
6.000E+01 4.173E-07 3.105E-03 2.115E-05 6.091E-02 1.036E-03 6.507E-02 6.507E-02 
8.000E+01 2.347E-07 2.449E-03 1.572E-05 6.538E-02 1.149E-03 6.900E-02 6.900E-02 
1.000E+02 1.502E-07 2.033E-03 1.251E-05 6.859E-02 1.231E-03 7.186E-02 7.186E-02 
1.500E+02 6.679E-08 1.448E-03 8.284E-06 7.367E-02 1.366E-03 7.649E-02 7.649E-02 
2.000E+02 3.756E-08 1.135E-03 6.192E-06 7.670E-02 1.452E-03 7.929E-02 7.929E-02 
3.000E+02 1.669E-08 8.043E-04 4.112E-06 8.025E-02 1.556E-03 8.261E-02 8.261E-02 
4.000E+02 9.389E-09 6.302E-04 3.079E-06 8.227E-02 1.619E-03 8.452E-02 8.452E-02 
5.000E+02 6.008E-09 5.214E-04 2.460E-06 8.363E-02 1.662E-03 8.581E-02 8.581E-02 
6.000E+02 4.173E-09 4.464E-04 2.049E-06 8.459E-02 1.694E-03 8.673E-02 8.673E-02 
8.000E+02 2.347E-09 3.487E-04 1.535E-06 8.586E-02 1.738E-03 8.795E-02 8.795E-02 
1.000E+03 1.502E-09 2.869E-04 1.227E-06 8.670E-02 1.768E-03 8.875E-02 8.875E-02 
1.500E+03 6.679E-10 2.004E-04 8.178E-07 8.788E-02 1.812E-03 8.989E-02 8.989E-02 
2.000E+03 3.756E-10 1.551E-04 6.131E-07 8.854E-02 1.837E-03 9.053E-02 9.053E-02 
3.000E+03 1.669E-10 1.078E-04 4.086E-07 8.924E-02 1.865E-03 9.121E-02 9.121E-02 
4.000E+03 9.389E-11 8.323E-05 3.064E-07 8.963E-02 1.881E-03 9.160E-02 9.160E-02 
5.000E+03 6.008E-11 6.806E-05 2.451E-07 8.985E-02 1.891E-03 9.181E-02 9.181E-02 
6.000E+03 4.173E-11 5.771E-05 2.042E-07 9.003E-02 1.899E-03 9.199E-02 9.199E-02 
8.000E+03 2.347E-11 4.447E-05 1.531E-07 9.025E-02 1.908E-03 9.220E-02 9.220E-02 
1.000E+04 1.502E-11 3.630E-05 1.225E-07 9.038E-02 1.914E-03 9.233E-02 9.233E-02 
1.500E+04 6.679E-12 2.508E-05 8.165E-08 9.060E-02 1.922E-03 9.255E-02 9.255E-02 
2.000E+04 3.756E-12 1.929E-05 6.126E-08 9.069E-02 1.927E-03 9.263E-02 9.263E-02 
3.000E+04 1.669E-12 1.330E-05 4.083E-08 9.077E-02 1.932E-03 9.272E-02 9.272E-02 
4.000E+04 9.389E-13 1.021E-05 3.062E-08 9.086E-02 1.935E-03 9.281E-02 9.281E-02 
5.000E+04 6.008E-13 8.314E-06 2.450E-08 9.091E-02 1.937E-03 9.285E-02 9.285E-02 
6.000E+04 4.173E-13 7.030E-06 2.042E-08 9.091E-02 1.937E-03 9.285E-02 9.285E-02 
8.000E+04 2.347E-13 5.389E-06 1.531E-08 9.095E-02 1.939E-03 9.289E-02 9.289E-02 
1.000E+05 1.502E-13 4.385E-06 1.225E-08 9.095E-02 1.940E-03 9.289E-02 9.289E-02 
