1.000E-03 8.055E-01 1.612E-02 1.228E+03 0.000E+00 0.000E+00 1.229E+03 1.228E+03 
1.500E-03 6.952E-01 3.084E-02 3.759E+02 0.000E+00 0.000E+00 3.767E+02 3.760E+02 
2.000E-03 5.871E-01 4.568E-02 1.591E+02 0.000E+00 0.000E+00 1.597E+02 1.591E+02 
3.000E-03 4.205E-01 7.041E-02 4.618E+01 0.000E+00 0.000E+00 4.667E+01 4.625E+01 
4.000E-03 3.166E-01 8.734E-02 1.886E+01 0.000E+00 0.000E+00 1.927E+01 1.895E+01 
5.000E-03 2.520E-01 9.876E-02 9.330E+00 0.000E+00 0.000E+00 9.681E+00 9.429E+00 
6.000E-03 2.094E-01 1.072E-01 5.222E+00 0.000E+00 0.000E+00 5.539E+00 5.329E+00 
8.000E-03 1.562E-01 1.195E-01 2.071E+00 0.000E+00 0.000E+00 2.346E+00 2.190E+00 
1.000E-02 1.228E-01 1.288E-01 1.003E+00 0.000E+00 0.000E+00 1.255E+00 1.132E+00 
1.500E-02 7.342E-02 1.438E-01 2.655E-01 0.000E+00 0.000E+00 4.827E-01 4.093E-01 
2.000E-02 4.770E-02 1.512E-01 1.025E-01 0.000E+00 0.000E+00 3.014E-01 2.537E-01 
3.000E-02 2.438E-02 1.554E-01 2.656E-02 0.000E+00 0.000E+00 2.064E-01 1.820E-01 
4.000E-02 1.470E-02 1.545E-01 1.014E-02 0.000E+00 0.000E+00 1.794E-01 1.647E-01 
5.000E-02 9.793E-03 1.519E-01 4.794E-03 0.000E+00 0.000E+00 1.665E-01 1.567E-01 
6.000E-02 6.974E-03 1.488E-01 2.599E-03 0.000E+00 0.000E+00 1.584E-01 1.514E-01 
8.000E-02 4.031E-03 1.422E-01 9.887E-04 0.000E+00 0.000E+00 1.472E-01 1.432E-01 
1.000E-01 2.616E-03 1.360E-01 4.697E-04 0.000E+00 0.000E+00 1.391E-01 1.365E-01 
1.500E-01 1.180E-03 1.230E-01 1.224E-04 0.000E+00 0.000E+00 1.244E-01 1.232E-01 
2.000E-01 6.668E-04 1.129E-01 4.794E-05 0.000E+00 0.000E+00 1.136E-01 1.130E-01 
3.000E-01 2.976E-04 9.832E-02 1.339E-05 0.000E+00 0.000E+00 9.863E-02 9.833E-02 
4.000E-01 1.676E-04 8.818E-02 5.698E-06 0.000E+00 0.000E+00 8.835E-02 8.818E-02 
5.000E-01 1.073E-04 8.055E-02 3.062E-06 0.000E+00 0.000E+00 8.066E-02 8.055E-02 
6.000E-01 7.459E-05 7.453E-02 1.903E-06 0.000E+00 0.000E+00 7.461E-02 7.453E-02 
8.000E-01 4.196E-05 6.545E-02 9.592E-07 0.000E+00 0.000E+00 6.549E-02 6.545E-02 
1.000E+00 2.685E-05 5.888E-02 5.966E-07 0.000E+00 0.000E+00 5.891E-02 5.888E-02 
1.022E+00 2.571E-05 5.827E-02 5.455E-07 0.000E+00 0.000E+00 5.829E-02 5.827E-02 
1.250E+00 1.719E-05 5.264E-02 3.706E-07 1.103E-05 0.000E+00 5.267E-02 5.265E-02 
1.500E+00 1.194E-05 4.784E-02 2.693E-07 6.150E-05 0.000E+00 4.792E-02 4.791E-02 
2.000E+00 6.718E-06 4.083E-02 1.702E-07 2.455E-04 0.000E+00 4.108E-02 4.108E-02 
2.044E+00 6.428E-06 4.032E-02 1.647E-07 2.647E-04 0.000E+00 4.060E-02 4.059E-02 
3.000E+00 2.985E-06 3.212E-02 9.575E-08 7.035E-04 1.124E-05 3.284E-02 3.284E-02 
4.000E+00 1.679E-06 2.679E-02 6.595E-08 1.143E-03 4.588E-05 2.798E-02 2.798E-02 
5.000E+00 1.075E-06 2.314E-02 5.017E-08 1.534E-03 9.141E-05 2.477E-02 2.476E-02 
6.000E+00 7.464E-07 2.045E-02 4.042E-08 1.887E-03 1.404E-04 2.248E-02 2.248E-02 
7.000E+00 5.482E-07 1.838E-02 3.381E-08 2.200E-03 1.893E-04 2.077E-02 2.077E-02 
8.000E+00 4.197E-07 1.673E-02 2.905E-08 2.484E-03 2.369E-04 1.945E-02 1.945E-02 
9.000E+00 3.317E-07 1.538E-02 2.546E-08 2.741E-03 2.824E-04 1.840E-02 1.840E-02 
1.000E+01 2.687E-07 1.425E-02 2.265E-08 2.975E-03 3.258E-04 1.755E-02 1.755E-02 
1.100E+01 2.220E-07 1.329E-02 2.040E-08 3.188E-03 3.670E-04 1.685E-02 1.685E-02 
1.200E+01 1.866E-07 1.246E-02 1.855E-08 3.383E-03 4.060E-04 1.625E-02 1.625E-02 
1.300E+01 1.590E-07 1.174E-02 1.701E-08 3.566E-03 4.428E-04 1.575E-02 1.575E-02 
1.400E+01 1.371E-07 1.111E-02 1.571E-08 3.735E-03 4.780E-04 1.532E-02 1.532E-02 
1.500E+01 1.194E-07 1.054E-02 1.459E-08 3.894E-03 5.114E-04 1.495E-02 1.495E-02 
1.600E+01 1.049E-07 1.004E-02 1.362E-08 4.044E-03 5.432E-04 1.463E-02 1.463E-02 
1.800E+01 8.289E-08 9.180E-03 1.202E-08 4.318E-03 6.027E-04 1.410E-02 1.410E-02 
2.000E+01 6.718E-08 8.461E-03 1.075E-08 4.564E-03 6.567E-04 1.368E-02 1.368E-02 
2.200E+01 5.550E-08 7.860E-03 9.726E-09 4.787E-03 7.069E-04 1.335E-02 1.335E-02 
2.400E+01 4.664E-08 7.347E-03 8.885E-09 4.991E-03 7.537E-04 1.309E-02 1.309E-02 
2.600E+01 3.974E-08 6.896E-03 8.172E-09 5.178E-03 7.966E-04 1.287E-02 1.287E-02 
2.800E+01 3.426E-08 6.506E-03 7.565E-09 5.350E-03 8.367E-04 1.269E-02 1.269E-02 
3.000E+01 2.985E-08 6.161E-03 7.041E-09 5.510E-03 8.745E-04 1.255E-02 1.255E-02 
4.000E+01 1.679E-08 4.896E-03 5.236E-09 6.166E-03 1.033E-03 1.210E-02 1.210E-02 
5.000E+01 1.075E-08 4.087E-03 4.167E-09 6.662E-03 1.158E-03 1.191E-02 1.191E-02 
6.000E+01 7.464E-09 3.522E-03 3.460E-09 7.058E-03 1.258E-03 1.184E-02 1.184E-02 
8.000E+01 4.197E-09 2.777E-03 2.584E-09 7.648E-03 1.415E-03 1.184E-02 1.184E-02 
1.000E+02 2.685E-09 2.305E-03 2.061E-09 8.083E-03 1.534E-03 1.192E-02 1.192E-02 
1.500E+02 1.194E-09 1.642E-03 1.369E-09 8.812E-03 1.740E-03 1.219E-02 1.219E-02 
2.000E+02 6.712E-10 1.287E-03 1.025E-09 9.275E-03 1.878E-03 1.244E-02 1.244E-02 
3.000E+02 2.984E-10 9.124E-04 6.818E-10 9.837E-03 2.055E-03 1.281E-02 1.281E-02 
4.000E+02 1.678E-10 7.147E-04 5.111E-10 1.018E-02 2.169E-03 1.306E-02 1.306E-02 
5.000E+02 1.075E-10 5.916E-04 4.086E-10 1.041E-02 2.248E-03 1.324E-02 1.324E-02 
6.000E+02 7.459E-11 5.064E-04 3.404E-10 1.057E-02 2.307E-03 1.339E-02 1.339E-02 
8.000E+02 4.196E-11 3.955E-04 2.552E-10 1.080E-02 2.392E-03 1.359E-02 1.359E-02 
1.000E+03 2.685E-11 3.254E-04 2.041E-10 1.095E-02 2.449E-03 1.372E-02 1.372E-02 
1.500E+03 1.194E-11 2.272E-04 1.360E-10 1.117E-02 2.536E-03 1.393E-02 1.393E-02 
2.000E+03 6.712E-12 1.759E-04 1.020E-10 1.129E-02 2.587E-03 1.405E-02 1.405E-02 
3.000E+03 2.984E-12 1.223E-04 6.801E-11 1.142E-02 2.643E-03 1.418E-02 1.418E-02 
4.000E+03 1.678E-12 9.442E-05 5.099E-11 1.149E-02 2.675E-03 1.426E-02 1.426E-02 
5.000E+03 1.075E-12 7.715E-05 4.079E-11 1.154E-02 2.696E-03 1.431E-02 1.431E-02 
6.000E+03 7.459E-13 6.545E-05 3.399E-11 1.157E-02 2.710E-03 1.435E-02 1.435E-02 
8.000E+03 4.196E-13 5.042E-05 2.549E-11 1.161E-02 2.729E-03 1.439E-02 1.439E-02 
1.000E+04 2.685E-13 4.117E-05 2.039E-11 1.164E-02 2.742E-03 1.442E-02 1.442E-02 
1.500E+04 1.194E-13 2.845E-05 1.359E-11 1.168E-02 2.758E-03 1.446E-02 1.446E-02 
2.000E+04 6.712E-14 2.187E-05 1.019E-11 1.170E-02 2.768E-03 1.449E-02 1.449E-02 
3.000E+04 2.984E-14 1.508E-05 6.796E-12 1.172E-02 2.778E-03 1.451E-02 1.451E-02 
4.000E+04 1.678E-14 1.158E-05 5.097E-12 1.173E-02 2.784E-03 1.453E-02 1.453E-02 
5.000E+04 1.075E-14 9.431E-06 4.078E-12 1.174E-02 2.787E-03 1.453E-02 1.453E-02 
6.000E+04 7.459E-15 7.971E-06 3.398E-12 1.174E-02 2.790E-03 1.454E-02 1.454E-02 
8.000E+04 4.196E-15 6.111E-06 2.548E-12 1.175E-02 2.792E-03 1.455E-02 1.455E-02 
1.000E+05 2.685E-15 4.973E-06 2.039E-12 1.175E-02 2.794E-03 1.455E-02 1.455E-02 
