1.000E-03 9.877E+00 5.626E-03 2.281E+03 0.000E+00 0.000E+00 2.291E+03 2.281E+03 
1.089E-03 9.791E+00 6.293E-03 1.946E+03 0.000E+00 0.000E+00 1.955E+03 1.946E+03 
1.185E-03 9.693E+00 7.020E-03 1.659E+03 0.000E+00 0.000E+00 1.669E+03 1.659E+03 
1.185E-03 9.693E+00 7.020E-03 1.834E+03 0.000E+00 0.000E+00 1.844E+03 1.834E+03 
1.201E-03 9.676E+00 7.138E-03 2.708E+03 0.000E+00 0.000E+00 2.718E+03 2.708E+03 
1.217E-03 9.658E+00 7.257E-03 3.987E+03 0.000E+00 0.000E+00 3.996E+03 3.987E+03 
1.217E-03 9.658E+00 7.257E-03 4.806E+03 0.000E+00 0.000E+00 4.816E+03 4.806E+03 
1.500E-03 9.375E+00 9.279E-03 5.032E+03 0.000E+00 0.000E+00 5.042E+03 5.032E+03 
1.544E-03 9.329E+00 9.597E-03 4.691E+03 0.000E+00 0.000E+00 4.701E+03 4.691E+03 
1.544E-03 9.329E+00 9.597E-03 5.423E+03 0.000E+00 0.000E+00 5.432E+03 5.423E+03 
1.615E-03 9.254E+00 1.010E-02 4.891E+03 0.000E+00 0.000E+00 4.900E+03 4.891E+03 
1.688E-03 9.176E+00 1.062E-02 4.412E+03 0.000E+00 0.000E+00 4.421E+03 4.412E+03 
1.688E-03 9.176E+00 1.062E-02 4.684E+03 0.000E+00 0.000E+00 4.693E+03 4.684E+03 
1.782E-03 9.081E+00 1.127E-02 4.154E+03 0.000E+00 0.000E+00 4.163E+03 4.154E+03 
1.881E-03 8.981E+00 1.196E-02 3.683E+03 0.000E+00 0.000E+00 3.692E+03 3.683E+03 
1.881E-03 8.981E+00 1.196E-02 3.845E+03 0.000E+00 0.000E+00 3.854E+03 3.845E+03 
2.000E-03 8.854E+00 1.279E-02 3.351E+03 0.000E+00 0.000E+00 3.360E+03 3.351E+03 
3.000E-03 7.847E+00 1.961E-02 1.284E+03 0.000E+00 0.000E+00 1.292E+03 1.284E+03 
4.000E-03 6.920E+00 2.597E-02 6.311E+02 0.000E+00 0.000E+00 6.381E+02 6.312E+02 
5.000E-03 6.108E+00 3.180E-02 3.592E+02 0.000E+00 0.000E+00 3.653E+02 3.592E+02 
6.000E-03 5.419E+00 3.706E-02 2.251E+02 0.000E+00 0.000E+00 2.305E+02 2.251E+02 
7.243E-03 4.703E+00 4.282E-02 1.381E+02 0.000E+00 0.000E+00 1.428E+02 1.381E+02 
7.243E-03 4.703E+00 4.282E-02 3.796E+02 0.000E+00 0.000E+00 3.844E+02 3.797E+02 
7.579E-03 4.528E+00 4.429E-02 3.378E+02 0.000E+00 0.000E+00 3.423E+02 3.378E+02 
7.930E-03 4.362E+00 4.573E-02 3.005E+02 0.000E+00 0.000E+00 3.049E+02 3.006E+02 
7.930E-03 4.362E+00 4.573E-02 4.102E+02 0.000E+00 0.000E+00 4.146E+02 4.102E+02 
8.000E-03 4.331E+00 4.599E-02 4.025E+02 0.000E+00 0.000E+00 4.069E+02 4.025E+02 
8.376E-03 4.163E+00 4.749E-02 3.589E+02 0.000E+00 0.000E+00 3.631E+02 3.590E+02 
8.376E-03 4.163E+00 4.749E-02 4.148E+02 0.000E+00 0.000E+00 4.190E+02 4.148E+02 
1.000E-02 3.529E+00 5.346E-02 2.657E+02 0.000E+00 0.000E+00 2.693E+02 2.658E+02 
1.500E-02 2.291E+00 6.824E-02 9.099E+01 0.000E+00 0.000E+00 9.335E+01 9.106E+01 
2.000E-02 1.638E+00 7.908E-02 4.190E+01 0.000E+00 0.000E+00 4.361E+01 4.198E+01 
3.000E-02 9.639E-01 9.233E-02 1.378E+01 0.000E+00 0.000E+00 1.484E+01 1.388E+01 
4.000E-02 6.281E-01 9.930E-02 6.193E+00 0.000E+00 0.000E+00 6.920E+00 6.292E+00 
5.000E-02 4.450E-01 1.031E-01 3.312E+00 0.000E+00 0.000E+00 3.860E+00 3.415E+00 
5.024E-02 4.419E-01 1.032E-01 3.267E+00 0.000E+00 0.000E+00 3.812E+00 3.370E+00 
5.024E-02 4.419E-01 1.032E-01 1.809E+01 0.000E+00 0.000E+00 1.864E+01 1.819E+01 
6.000E-02 3.345E-01 1.051E-01 1.131E+01 0.000E+00 0.000E+00 1.175E+01 1.142E+01 
8.000E-02 2.090E-01 1.061E-01 5.258E+00 0.000E+00 0.000E+00 5.573E+00 5.364E+00 
1.000E-01 1.424E-01 1.051E-01 2.862E+00 0.000E+00 0.000E+00 3.109E+00 2.967E+00 
1.500E-01 6.939E-02 9.965E-02 9.310E-01 0.000E+00 0.000E+00 1.100E+00 1.031E+00 
2.000E-01 4.128E-02 9.367E-02 4.186E-01 0.000E+00 0.000E+00 5.535E-01 5.123E-01 
3.000E-01 1.945E-02 8.352E-02 1.380E-01 0.000E+00 0.000E+00 2.410E-01 2.215E-01 
4.000E-01 1.126E-02 7.575E-02 6.476E-02 0.000E+00 0.000E+00 1.518E-01 1.405E-01 
5.000E-01 7.322E-03 6.966E-02 3.694E-02 0.000E+00 0.000E+00 1.139E-01 1.066E-01 
6.000E-01 5.143E-03 6.472E-02 2.384E-02 0.000E+00 0.000E+00 9.371E-02 8.856E-02 
8.000E-01 2.931E-03 5.714E-02 1.245E-02 0.000E+00 0.000E+00 7.252E-02 6.959E-02 
1.000E+00 1.890E-03 5.151E-02 7.801E-03 0.000E+00 0.000E+00 6.120E-02 5.931E-02 
1.022E+00 1.811E-03 5.093E-02 7.464E-03 0.000E+00 0.000E+00 6.021E-02 5.840E-02 
1.250E+00 1.216E-03 4.611E-02 5.032E-03 2.538E-04 0.000E+00 5.261E-02 5.140E-02 
1.500E+00 8.471E-04 4.197E-02 3.594E-03 1.173E-03 0.000E+00 4.759E-02 4.674E-02 
2.000E+00 4.779E-04 3.585E-02 2.181E-03 3.774E-03 0.000E+00 4.228E-02 4.180E-02 
2.044E+00 4.576E-04 3.541E-02 2.103E-03 4.017E-03 0.000E+00 4.199E-02 4.153E-02 
3.000E+00 2.130E-04 2.823E-02 1.149E-03 9.042E-03 9.869E-06 3.865E-02 3.843E-02 
4.000E+00 1.199E-04 2.356E-02 7.575E-04 1.354E-02 4.025E-05 3.802E-02 3.790E-02 
5.000E+00 7.678E-05 2.035E-02 5.580E-04 1.738E-02 8.008E-05 3.844E-02 3.836E-02 
6.000E+00 5.335E-05 1.799E-02 4.389E-04 2.068E-02 1.228E-04 3.928E-02 3.923E-02 
7.000E+00 3.918E-05 1.617E-02 3.606E-04 2.359E-02 1.653E-04 4.032E-02 4.029E-02 
8.000E+00 3.001E-05 1.472E-02 3.054E-04 2.621E-02 2.065E-04 4.147E-02 4.144E-02 
9.000E+00 2.371E-05 1.353E-02 2.646E-04 2.859E-02 2.457E-04 4.266E-02 4.263E-02 
1.000E+01 1.921E-05 1.253E-02 2.331E-04 3.078E-02 2.830E-04 4.384E-02 4.383E-02 
1.100E+01 1.587E-05 1.169E-02 2.083E-04 3.279E-02 3.183E-04 4.503E-02 4.501E-02 
1.200E+01 1.334E-05 1.096E-02 1.881E-04 3.466E-02 3.515E-04 4.618E-02 4.617E-02 
1.300E+01 1.137E-05 1.033E-02 1.715E-04 3.642E-02 3.827E-04 4.731E-02 4.730E-02 
1.400E+01 9.800E-06 9.773E-03 1.575E-04 3.804E-02 4.125E-04 4.839E-02 4.838E-02 
1.500E+01 8.536E-06 9.279E-03 1.456E-04 3.956E-02 4.404E-04 4.943E-02 4.943E-02 
1.600E+01 7.506E-06 8.835E-03 1.353E-04 4.094E-02 4.672E-04 5.038E-02 5.038E-02 
1.800E+01 5.928E-06 8.077E-03 1.186E-04 4.347E-02 5.166E-04 5.218E-02 5.218E-02 
2.000E+01 4.802E-06 7.449E-03 1.055E-04 4.573E-02 5.614E-04 5.385E-02 5.384E-02 
2.200E+01 3.968E-06 6.916E-03 9.505E-05 4.779E-02 6.024E-04 5.541E-02 5.541E-02 
2.400E+01 3.335E-06 6.464E-03 8.644E-05 4.963E-02 6.399E-04 5.683E-02 5.682E-02 
2.600E+01 2.842E-06 6.070E-03 7.924E-05 5.136E-02 6.748E-04 5.818E-02 5.818E-02 
2.800E+01 2.451E-06 5.725E-03 7.315E-05 5.289E-02 7.066E-04 5.940E-02 5.939E-02 
3.000E+01 2.135E-06 5.423E-03 6.794E-05 5.434E-02 7.364E-04 6.057E-02 6.057E-02 
4.000E+01 1.201E-06 4.308E-03 5.005E-05 6.020E-02 8.598E-04 6.542E-02 6.542E-02 
5.000E+01 7.686E-07 3.597E-03 3.960E-05 6.453E-02 9.524E-04 6.912E-02 6.912E-02 
6.000E+01 5.339E-07 3.099E-03 3.277E-05 6.794E-02 1.026E-03 7.210E-02 7.210E-02 
8.000E+01 3.002E-07 2.444E-03 2.435E-05 7.292E-02 1.136E-03 7.652E-02 7.652E-02 
1.000E+02 1.921E-07 2.029E-03 1.937E-05 7.644E-02 1.216E-03 7.970E-02 7.970E-02 
1.500E+02 8.540E-08 1.445E-03 1.282E-05 8.207E-02 1.347E-03 8.487E-02 8.487E-02 
2.000E+02 4.802E-08 1.133E-03 9.578E-06 8.540E-02 1.429E-03 8.797E-02 8.797E-02 
3.000E+02 2.135E-08 8.027E-04 6.361E-06 8.927E-02 1.530E-03 9.161E-02 9.161E-02 
4.000E+02 1.201E-08 6.288E-04 4.764E-06 9.153E-02 1.589E-03 9.375E-02 9.375E-02 
5.000E+02 7.686E-09 5.205E-04 3.806E-06 9.298E-02 1.630E-03 9.514E-02 9.514E-02 
6.000E+02 5.335E-09 4.458E-04 3.169E-06 9.402E-02 1.660E-03 9.613E-02 9.613E-02 
8.000E+02 3.002E-09 3.480E-04 2.374E-06 9.540E-02 1.702E-03 9.745E-02 9.745E-02 
1.000E+03 1.921E-09 2.863E-04 1.898E-06 9.632E-02 1.729E-03 9.833E-02 9.833E-02 
1.500E+03 8.540E-10 1.999E-04 1.265E-06 9.762E-02 1.770E-03 9.959E-02 9.959E-02 
2.000E+03 4.802E-10 1.548E-04 9.482E-07 9.835E-02 1.794E-03 1.003E-01 1.003E-01 
3.000E+03 2.135E-10 1.076E-04 6.319E-07 9.911E-02 1.819E-03 1.010E-01 1.010E-01 
4.000E+03 1.201E-10 8.307E-05 4.737E-07 9.949E-02 1.834E-03 1.014E-01 1.014E-01 
5.000E+03 7.686E-11 6.790E-05 3.790E-07 9.976E-02 1.844E-03 1.017E-01 1.017E-01 
6.000E+03 5.335E-11 5.760E-05 3.158E-07 9.995E-02 1.850E-03 1.019E-01 1.019E-01 
8.000E+03 3.002E-11 4.439E-05 2.368E-07 1.002E-01 1.859E-03 1.021E-01 1.021E-01 
1.000E+04 1.921E-11 3.623E-05 1.895E-07 1.003E-01 1.864E-03 1.022E-01 1.022E-01 
1.500E+04 8.540E-12 2.503E-05 1.263E-07 1.005E-01 1.872E-03 1.024E-01 1.024E-01 
2.000E+04 4.802E-12 1.925E-05 9.471E-08 1.006E-01 1.876E-03 1.025E-01 1.025E-01 
3.000E+04 2.135E-12 1.327E-05 6.315E-08 1.008E-01 1.880E-03 1.027E-01 1.027E-01 
4.000E+04 1.201E-12 1.019E-05 4.737E-08 1.008E-01 1.883E-03 1.027E-01 1.027E-01 
5.000E+04 7.686E-13 8.299E-06 3.788E-08 1.009E-01 1.885E-03 1.028E-01 1.028E-01 
6.000E+04 5.335E-13 7.016E-06 3.157E-08 1.009E-01 1.886E-03 1.028E-01 1.028E-01 
8.000E+04 3.002E-13 5.381E-06 2.368E-08 1.009E-01 1.887E-03 1.028E-01 1.028E-01 
1.000E+05 1.921E-13 4.377E-06 1.894E-08 1.009E-01 1.888E-03 1.028E-01 1.028E-01 
