1.000E-03 1.056E+01 5.015E-03 2.737E+03 0.000E+00 0.000E+00 2.748E+03 2.737E+03 
1.187E-03 1.039E+01 6.235E-03 1.956E+03 0.000E+00 0.000E+00 1.966E+03 1.956E+03 
1.409E-03 1.019E+01 7.701E-03 1.398E+03 0.000E+00 0.000E+00 1.408E+03 1.398E+03 
1.409E-03 1.019E+01 7.701E-03 2.029E+03 0.000E+00 0.000E+00 2.039E+03 2.029E+03 
1.431E-03 1.016E+01 7.844E-03 2.964E+03 0.000E+00 0.000E+00 2.974E+03 2.964E+03 
1.453E-03 1.014E+01 7.989E-03 4.321E+03 0.000E+00 0.000E+00 4.331E+03 4.321E+03 
1.453E-03 1.014E+01 7.989E-03 4.861E+03 0.000E+00 0.000E+00 4.871E+03 4.861E+03 
1.500E-03 1.010E+01 8.295E-03 6.060E+03 0.000E+00 0.000E+00 6.070E+03 6.060E+03 
1.812E-03 9.797E+00 1.031E-02 3.831E+03 0.000E+00 0.000E+00 3.841E+03 3.831E+03 
1.812E-03 9.797E+00 1.031E-02 4.443E+03 0.000E+00 0.000E+00 4.453E+03 4.443E+03 
2.000E-03 9.606E+00 1.153E-02 3.513E+03 0.000E+00 0.000E+00 3.523E+03 3.513E+03 
2.006E-03 9.599E+00 1.156E-02 3.490E+03 0.000E+00 0.000E+00 3.499E+03 3.490E+03 
2.006E-03 9.599E+00 1.156E-02 3.708E+03 0.000E+00 0.000E+00 3.718E+03 3.708E+03 
2.104E-03 9.491E+00 1.219E-02 3.327E+03 0.000E+00 0.000E+00 3.337E+03 3.327E+03 
2.206E-03 9.394E+00 1.286E-02 2.986E+03 0.000E+00 0.000E+00 2.995E+03 2.986E+03 
2.206E-03 9.394E+00 1.286E-02 3.117E+03 0.000E+00 0.000E+00 3.127E+03 3.117E+03 
3.000E-03 8.612E+00 1.794E-02 1.518E+03 0.000E+00 0.000E+00 1.526E+03 1.518E+03 
4.000E-03 7.658E+00 2.398E-02 7.511E+02 0.000E+00 0.000E+00 7.587E+02 7.511E+02 
5.000E-03 6.790E+00 2.955E-02 4.292E+02 0.000E+00 0.000E+00 4.360E+02 4.292E+02 
6.000E-03 6.038E+00 3.460E-02 2.696E+02 0.000E+00 0.000E+00 2.757E+02 2.697E+02 
8.000E-03 4.832E+00 4.335E-02 1.281E+02 0.000E+00 0.000E+00 1.330E+02 1.282E+02 
8.358E-03 4.652E+00 4.475E-02 1.143E+02 0.000E+00 0.000E+00 1.190E+02 1.144E+02 
8.358E-03 4.652E+00 4.475E-02 3.079E+02 0.000E+00 0.000E+00 3.126E+02 3.079E+02 
8.799E-03 4.444E+00 4.646E-02 2.692E+02 0.000E+00 0.000E+00 2.737E+02 2.693E+02 
9.264E-03 4.238E+00 4.817E-02 2.355E+02 0.000E+00 0.000E+00 2.398E+02 2.355E+02 
9.264E-03 4.238E+00 4.817E-02 3.228E+02 0.000E+00 0.000E+00 3.271E+02 3.229E+02 
9.505E-03 4.134E+00 4.902E-02 3.031E+02 0.000E+00 0.000E+00 3.073E+02 3.031E+02 
9.751E-03 4.033E+00 4.987E-02 2.845E+02 0.000E+00 0.000E+00 2.886E+02 2.846E+02 
9.751E-03 4.033E+00 4.987E-02 3.289E+02 0.000E+00 0.000E+00 3.330E+02 3.290E+02 
1.000E-02 3.935E+00 5.073E-02 3.089E+02 0.000E+00 0.000E+00 3.129E+02 3.090E+02 
1.500E-02 2.539E+00 6.538E-02 1.080E+02 0.000E+00 0.000E+00 1.106E+02 1.081E+02 
2.000E-02 1.803E+00 7.633E-02 5.015E+01 0.000E+00 0.000E+00 5.203E+01 5.023E+01 
3.000E-02 1.064E+00 9.019E-02 1.664E+01 0.000E+00 0.000E+00 1.780E+01 1.674E+01 
4.000E-02 6.960E-01 9.757E-02 7.521E+00 0.000E+00 0.000E+00 8.315E+00 7.619E+00 
5.000E-02 4.922E-01 1.016E-01 4.040E+00 0.000E+00 0.000E+00 4.634E+00 4.141E+00 
5.749E-02 3.953E-01 1.034E-01 2.734E+00 0.000E+00 0.000E+00 3.233E+00 2.837E+00 
5.749E-02 3.953E-01 1.034E-01 1.464E+01 0.000E+00 0.000E+00 1.513E+01 1.474E+01 
6.000E-02 3.694E-01 1.038E-01 1.315E+01 0.000E+00 0.000E+00 1.362E+01 1.325E+01 
8.000E-02 2.316E-01 1.050E-01 6.142E+00 0.000E+00 0.000E+00 6.479E+00 6.247E+00 
1.000E-01 1.582E-01 1.042E-01 3.366E+00 0.000E+00 0.000E+00 3.628E+00 3.470E+00 
1.500E-01 7.716E-02 9.908E-02 1.109E+00 0.000E+00 0.000E+00 1.285E+00 1.208E+00 
2.000E-01 4.594E-02 9.325E-02 5.023E-01 0.000E+00 0.000E+00 6.415E-01 5.955E-01 
3.000E-01 2.172E-02 8.324E-02 1.674E-01 0.000E+00 0.000E+00 2.724E-01 2.507E-01 
4.000E-01 1.259E-02 7.554E-02 7.903E-02 0.000E+00 0.000E+00 1.672E-01 1.546E-01 
5.000E-01 8.202E-03 6.949E-02 4.529E-02 0.000E+00 0.000E+00 1.230E-01 1.148E-01 
6.000E-01 5.764E-03 6.459E-02 2.932E-02 0.000E+00 0.000E+00 9.968E-02 9.391E-02 
8.000E-01 3.289E-03 5.703E-02 1.537E-02 0.000E+00 0.000E+00 7.569E-02 7.240E-02 
1.000E+00 2.122E-03 5.141E-02 9.638E-03 0.000E+00 0.000E+00 6.318E-02 6.105E-02 
1.022E+00 2.033E-03 5.087E-02 9.224E-03 0.000E+00 0.000E+00 6.213E-02 6.010E-02 
1.250E+00 1.366E-03 4.605E-02 6.218E-03 2.816E-04 0.000E+00 5.392E-02 5.255E-02 
1.500E+00 9.520E-04 4.191E-02 4.436E-03 1.306E-03 0.000E+00 4.860E-02 4.765E-02 
2.000E+00 5.375E-04 3.580E-02 2.690E-03 4.137E-03 0.000E+00 4.317E-02 4.263E-02 
2.044E+00 5.149E-04 3.536E-02 2.594E-03 4.400E-03 0.000E+00 4.287E-02 4.236E-02 
3.000E+00 2.396E-04 2.820E-02 1.415E-03 9.721E-03 9.854E-06 3.958E-02 3.934E-02 
4.000E+00 1.349E-04 2.353E-02 9.311E-04 1.443E-02 4.018E-05 3.907E-02 3.894E-02 
5.000E+00 8.641E-05 2.032E-02 6.848E-04 1.843E-02 7.993E-05 3.961E-02 3.952E-02 
6.000E+00 6.002E-05 1.797E-02 5.383E-04 2.187E-02 1.226E-04 4.056E-02 4.050E-02 
7.000E+00 4.411E-05 1.615E-02 4.421E-04 2.490E-02 1.650E-04 4.171E-02 4.166E-02 
8.000E+00 3.377E-05 1.470E-02 3.741E-04 2.763E-02 2.061E-04 4.294E-02 4.291E-02 
9.000E+00 2.668E-05 1.351E-02 3.238E-04 3.011E-02 2.453E-04 4.422E-02 4.419E-02 
1.000E+01 2.161E-05 1.252E-02 2.852E-04 3.238E-02 2.825E-04 4.549E-02 4.547E-02 
1.100E+01 1.787E-05 1.168E-02 2.547E-04 3.448E-02 3.176E-04 4.675E-02 4.673E-02 
1.200E+01 1.501E-05 1.095E-02 2.300E-04 3.644E-02 3.507E-04 4.799E-02 4.797E-02 
1.300E+01 1.279E-05 1.032E-02 2.096E-04 3.827E-02 3.820E-04 4.920E-02 4.918E-02 
1.400E+01 1.103E-05 9.761E-03 1.924E-04 3.997E-02 4.115E-04 5.034E-02 5.033E-02 
1.500E+01 9.606E-06 9.268E-03 1.779E-04 4.151E-02 4.396E-04 5.141E-02 5.140E-02 
1.600E+01 8.443E-06 8.825E-03 1.653E-04 4.299E-02 4.659E-04 5.245E-02 5.245E-02 
1.800E+01 6.672E-06 8.069E-03 1.448E-04 4.565E-02 5.152E-04 5.439E-02 5.438E-02 
2.000E+01 5.404E-06 7.439E-03 1.289E-04 4.799E-02 5.599E-04 5.613E-02 5.612E-02 
2.200E+01 4.468E-06 6.909E-03 1.160E-04 5.015E-02 6.006E-04 5.778E-02 5.778E-02 
2.400E+01 3.752E-06 6.456E-03 1.055E-04 5.210E-02 6.380E-04 5.930E-02 5.930E-02 
2.600E+01 3.198E-06 6.063E-03 9.671E-05 5.386E-02 6.726E-04 6.070E-02 6.070E-02 
2.800E+01 2.758E-06 5.721E-03 8.926E-05 5.552E-02 7.043E-04 6.204E-02 6.203E-02 
3.000E+01 2.402E-06 5.415E-03 8.288E-05 5.703E-02 7.341E-04 6.327E-02 6.326E-02 
4.000E+01 1.351E-06 4.303E-03 6.103E-05 6.315E-02 8.562E-04 6.837E-02 6.837E-02 
5.000E+01 8.648E-07 3.593E-03 4.828E-05 6.772E-02 9.480E-04 7.231E-02 7.231E-02 
6.000E+01 6.006E-07 3.096E-03 3.993E-05 7.125E-02 1.021E-03 7.541E-02 7.541E-02 
8.000E+01 3.378E-07 2.441E-03 2.967E-05 7.647E-02 1.129E-03 8.007E-02 8.007E-02 
1.000E+02 2.162E-07 2.026E-03 2.360E-05 8.018E-02 1.208E-03 8.344E-02 8.344E-02 
1.500E+02 9.610E-08 1.443E-03 1.562E-05 8.602E-02 1.337E-03 8.881E-02 8.881E-02 
2.000E+02 5.404E-08 1.131E-03 1.167E-05 8.947E-02 1.417E-03 9.203E-02 9.203E-02 
3.000E+02 2.402E-08 8.018E-04 7.748E-06 9.350E-02 1.514E-03 9.583E-02 9.583E-02 
4.000E+02 1.351E-08 6.279E-04 5.800E-06 9.581E-02 1.573E-03 9.801E-02 9.801E-02 
5.000E+02 8.648E-09 5.199E-04 4.634E-06 9.732E-02 1.612E-03 9.946E-02 9.946E-02 
6.000E+02 6.006E-09 4.450E-04 3.860E-06 9.840E-02 1.641E-03 1.005E-01 1.005E-01 
8.000E+02 3.378E-09 3.477E-04 2.891E-06 9.984E-02 1.681E-03 1.019E-01 1.019E-01 
1.000E+03 2.162E-09 2.860E-04 2.312E-06 1.007E-01 1.708E-03 1.027E-01 1.027E-01 
1.500E+03 9.610E-10 1.998E-04 1.540E-06 1.021E-01 1.747E-03 1.041E-01 1.041E-01 
2.000E+03 5.404E-10 1.546E-04 1.155E-06 1.028E-01 1.770E-03 1.048E-01 1.048E-01 
3.000E+03 2.402E-10 1.075E-04 7.694E-07 1.036E-01 1.794E-03 1.055E-01 1.055E-01 
4.000E+03 1.351E-10 8.299E-05 5.768E-07 1.041E-01 1.809E-03 1.059E-01 1.059E-01 
5.000E+03 8.648E-11 6.783E-05 4.616E-07 1.043E-01 1.817E-03 1.062E-01 1.062E-01 
6.000E+03 6.006E-11 5.754E-05 3.845E-07 1.045E-01 1.823E-03 1.064E-01 1.064E-01 
8.000E+03 3.378E-11 4.432E-05 2.884E-07 1.047E-01 1.832E-03 1.066E-01 1.066E-01 
1.000E+04 2.162E-11 3.618E-05 2.307E-07 1.049E-01 1.837E-03 1.068E-01 1.068E-01 
1.500E+04 9.610E-12 2.501E-05 1.538E-07 1.051E-01 1.844E-03 1.070E-01 1.070E-01 
2.000E+04 5.404E-12 1.923E-05 1.153E-07 1.052E-01 1.848E-03 1.071E-01 1.071E-01 
3.000E+04 2.402E-12 1.326E-05 7.687E-08 1.053E-01 1.852E-03 1.072E-01 1.072E-01 
4.000E+04 1.351E-12 1.018E-05 5.768E-08 1.054E-01 1.855E-03 1.073E-01 1.073E-01 
5.000E+04 8.648E-13 8.288E-06 4.612E-08 1.054E-01 1.856E-03 1.073E-01 1.073E-01 
6.000E+04 6.006E-13 7.007E-06 3.845E-08 1.055E-01 1.857E-03 1.073E-01 1.073E-01 
8.000E+04 3.378E-13 5.372E-06 2.883E-08 1.055E-01 1.858E-03 1.074E-01 1.074E-01 
1.000E+05 2.162E-13 4.371E-06 2.306E-08 1.055E-01 1.859E-03 1.074E-01 1.074E-01 
