1.000E-03 1.037E+01 5.137E-03 2.606E+03 0.000E+00 0.000E+00 2.616E+03 2.606E+03 
1.162E-03 1.021E+01 6.219E-03 1.945E+03 0.000E+00 0.000E+00 1.956E+03 1.945E+03 
1.351E-03 1.003E+01 7.485E-03 1.453E+03 0.000E+00 0.000E+00 1.463E+03 1.453E+03 
1.351E-03 1.003E+01 7.485E-03 2.058E+03 0.000E+00 0.000E+00 2.068E+03 2.058E+03 
1.371E-03 1.001E+01 7.617E-03 3.037E+03 0.000E+00 0.000E+00 3.047E+03 3.037E+03 
1.391E-03 9.994E+00 7.752E-03 4.477E+03 0.000E+00 0.000E+00 4.487E+03 4.477E+03 
1.391E-03 9.994E+00 7.752E-03 5.181E+03 0.000E+00 0.000E+00 5.191E+03 5.181E+03 
1.500E-03 9.880E+00 8.478E-03 5.838E+03 0.000E+00 0.000E+00 5.848E+03 5.838E+03 
1.741E-03 9.639E+00 1.006E-02 4.027E+03 0.000E+00 0.000E+00 4.037E+03 4.027E+03 
1.741E-03 9.639E+00 1.006E-02 4.666E+03 0.000E+00 0.000E+00 4.676E+03 4.666E+03 
1.830E-03 9.547E+00 1.065E-02 4.152E+03 0.000E+00 0.000E+00 4.161E+03 4.152E+03 
1.923E-03 9.450E+00 1.126E-02 3.695E+03 0.000E+00 0.000E+00 3.705E+03 3.695E+03 
1.923E-03 9.450E+00 1.126E-02 3.925E+03 0.000E+00 0.000E+00 3.935E+03 3.925E+03 
2.000E-03 9.369E+00 1.177E-02 3.581E+03 0.000E+00 0.000E+00 3.591E+03 3.581E+03 
2.128E-03 9.234E+00 1.261E-02 3.119E+03 0.000E+00 0.000E+00 3.128E+03 3.119E+03 
2.128E-03 9.234E+00 1.261E-02 3.257E+03 0.000E+00 0.000E+00 3.266E+03 3.257E+03 
3.000E-03 8.362E+00 1.828E-02 1.456E+03 0.000E+00 0.000E+00 1.465E+03 1.456E+03 
4.000E-03 7.416E+00 2.439E-02 7.189E+02 0.000E+00 0.000E+00 7.264E+02 7.190E+02 
5.000E-03 6.572E+00 3.001E-02 4.104E+02 0.000E+00 0.000E+00 4.170E+02 4.104E+02 
6.000E-03 5.838E+00 3.511E-02 2.577E+02 0.000E+00 0.000E+00 2.636E+02 2.577E+02 
8.000E-03 4.677E+00 4.389E-02 1.223E+02 0.000E+00 0.000E+00 1.270E+02 1.224E+02 
8.071E-03 4.641E+00 4.418E-02 1.195E+02 0.000E+00 0.000E+00 1.242E+02 1.196E+02 
8.071E-03 4.641E+00 4.418E-02 3.237E+02 0.000E+00 0.000E+00 3.283E+02 3.237E+02 
8.484E-03 4.442E+00 4.583E-02 2.843E+02 0.000E+00 0.000E+00 2.888E+02 2.843E+02 
8.918E-03 4.250E+00 4.747E-02 2.497E+02 0.000E+00 0.000E+00 2.540E+02 2.498E+02 
8.918E-03 4.250E+00 4.747E-02 3.421E+02 0.000E+00 0.000E+00 3.464E+02 3.421E+02 
9.153E-03 4.150E+00 4.832E-02 3.209E+02 0.000E+00 0.000E+00 3.251E+02 3.209E+02 
9.394E-03 4.049E+00 4.918E-02 3.010E+02 0.000E+00 0.000E+00 3.051E+02 3.011E+02 
9.394E-03 4.049E+00 4.918E-02 3.479E+02 0.000E+00 0.000E+00 3.520E+02 3.480E+02 
1.000E-02 3.812E+00 5.130E-02 2.973E+02 0.000E+00 0.000E+00 3.012E+02 2.974E+02 
1.500E-02 2.465E+00 6.602E-02 1.035E+02 0.000E+00 0.000E+00 1.060E+02 1.036E+02 
2.000E-02 1.754E+00 7.693E-02 4.798E+01 0.000E+00 0.000E+00 4.981E+01 4.806E+01 
3.000E-02 1.036E+00 9.066E-02 1.588E+01 0.000E+00 0.000E+00 1.701E+01 1.597E+01 
4.000E-02 6.770E-01 9.793E-02 7.164E+00 0.000E+00 0.000E+00 7.939E+00 7.262E+00 
5.000E-02 4.791E-01 1.019E-01 3.845E+00 0.000E+00 0.000E+00 4.426E+00 3.947E+00 
5.562E-02 4.053E-01 1.033E-01 2.852E+00 0.000E+00 0.000E+00 3.361E+00 2.955E+00 
5.562E-02 4.053E-01 1.033E-01 1.541E+01 0.000E+00 0.000E+00 1.592E+01 1.552E+01 
6.000E-02 3.597E-01 1.040E-01 1.263E+01 0.000E+00 0.000E+00 1.309E+01 1.273E+01 
8.000E-02 2.254E-01 1.052E-01 5.911E+00 0.000E+00 0.000E+00 6.242E+00 6.017E+00 
1.000E-01 1.539E-01 1.044E-01 3.234E+00 0.000E+00 0.000E+00 3.493E+00 3.339E+00 
1.500E-01 7.503E-02 9.913E-02 1.062E+00 0.000E+00 0.000E+00 1.236E+00 1.161E+00 
2.000E-01 4.466E-02 9.325E-02 4.798E-01 0.000E+00 0.000E+00 6.177E-01 5.730E-01 
3.000E-01 2.110E-02 8.321E-02 1.596E-01 0.000E+00 0.000E+00 2.639E-01 2.428E-01 
4.000E-01 1.222E-02 7.551E-02 7.522E-02 0.000E+00 0.000E+00 1.630E-01 1.507E-01 
5.000E-01 7.964E-03 6.945E-02 4.305E-02 0.000E+00 0.000E+00 1.205E-01 1.125E-01 
6.000E-01 5.594E-03 6.456E-02 2.785E-02 0.000E+00 0.000E+00 9.800E-02 9.240E-02 
8.000E-01 3.191E-03 5.700E-02 1.458E-02 0.000E+00 0.000E+00 7.477E-02 7.158E-02 
1.000E+00 2.059E-03 5.137E-02 9.143E-03 0.000E+00 0.000E+00 6.258E-02 6.052E-02 
1.022E+00 1.972E-03 5.083E-02 8.749E-03 0.000E+00 0.000E+00 6.155E-02 5.957E-02 
1.250E+00 1.325E-03 4.601E-02 5.897E-03 2.743E-04 0.000E+00 5.350E-02 5.218E-02 
1.500E+00 9.234E-04 4.188E-02 4.210E-03 1.271E-03 0.000E+00 4.829E-02 4.736E-02 
2.000E+00 5.214E-04 3.578E-02 2.553E-03 4.042E-03 0.000E+00 4.289E-02 4.237E-02 
2.044E+00 4.991E-04 3.534E-02 2.462E-03 4.298E-03 0.000E+00 4.260E-02 4.210E-02 
3.000E+00 2.324E-04 2.818E-02 1.343E-03 9.541E-03 9.848E-06 3.930E-02 3.907E-02 
4.000E+00 1.308E-04 2.351E-02 8.844E-04 1.420E-02 4.016E-05 3.877E-02 3.864E-02 
5.000E+00 8.376E-05 2.031E-02 6.507E-04 1.815E-02 7.989E-05 3.927E-02 3.919E-02 
6.000E+00 5.820E-05 1.795E-02 5.116E-04 2.155E-02 1.225E-04 4.020E-02 4.014E-02 
7.000E+00 4.276E-05 1.614E-02 4.203E-04 2.455E-02 1.649E-04 4.132E-02 4.128E-02 
8.000E+00 3.275E-05 1.469E-02 3.556E-04 2.725E-02 2.059E-04 4.253E-02 4.250E-02 
9.000E+00 2.587E-05 1.350E-02 3.079E-04 2.970E-02 2.451E-04 4.378E-02 4.376E-02 
1.000E+01 2.096E-05 1.251E-02 2.712E-04 3.195E-02 2.823E-04 4.504E-02 4.502E-02 
1.100E+01 1.732E-05 1.167E-02 2.422E-04 3.403E-02 3.174E-04 4.627E-02 4.626E-02 
1.200E+01 1.455E-05 1.094E-02 2.187E-04 3.596E-02 3.505E-04 4.749E-02 4.747E-02 
1.300E+01 1.240E-05 1.031E-02 1.993E-04 3.775E-02 3.816E-04 4.866E-02 4.865E-02 
1.400E+01 1.069E-05 9.756E-03 1.830E-04 3.943E-02 4.111E-04 4.980E-02 4.978E-02 
1.500E+01 9.315E-06 9.260E-03 1.692E-04 4.100E-02 4.393E-04 5.088E-02 5.087E-02 
1.600E+01 8.186E-06 8.818E-03 1.573E-04 4.246E-02 4.659E-04 5.191E-02 5.191E-02 
1.800E+01 6.470E-06 8.062E-03 1.378E-04 4.506E-02 5.148E-04 5.378E-02 5.377E-02 
2.000E+01 5.240E-06 7.434E-03 1.226E-04 4.739E-02 5.597E-04 5.552E-02 5.551E-02 
2.200E+01 4.330E-06 6.905E-03 1.104E-04 4.951E-02 6.003E-04 5.713E-02 5.713E-02 
2.400E+01 3.639E-06 6.452E-03 1.004E-04 5.145E-02 6.379E-04 5.864E-02 5.864E-02 
2.600E+01 3.101E-06 6.058E-03 9.201E-05 5.320E-02 6.722E-04 6.002E-02 6.002E-02 
2.800E+01 2.674E-06 5.714E-03 8.493E-05 5.481E-02 7.043E-04 6.131E-02 6.131E-02 
3.000E+01 2.329E-06 5.411E-03 7.887E-05 5.630E-02 7.339E-04 6.253E-02 6.253E-02 
4.000E+01 1.310E-06 4.301E-03 5.809E-05 6.236E-02 8.562E-04 6.758E-02 6.758E-02 
5.000E+01 8.383E-07 3.590E-03 4.597E-05 6.686E-02 9.482E-04 7.144E-02 7.144E-02 
6.000E+01 5.824E-07 3.093E-03 3.801E-05 7.036E-02 1.021E-03 7.451E-02 7.451E-02 
8.000E+01 3.275E-07 2.439E-03 2.824E-05 7.555E-02 1.130E-03 7.914E-02 7.914E-02 
1.000E+02 2.096E-07 2.025E-03 2.247E-05 7.916E-02 1.209E-03 8.242E-02 8.242E-02 
1.500E+02 9.318E-08 1.442E-03 1.486E-05 8.493E-02 1.338E-03 8.772E-02 8.772E-02 
2.000E+02 5.240E-08 1.130E-03 1.111E-05 8.836E-02 1.419E-03 9.092E-02 9.092E-02 
3.000E+02 2.329E-08 8.015E-04 7.376E-06 9.238E-02 1.516E-03 9.470E-02 9.470E-02 
4.000E+02 1.310E-08 6.277E-04 5.521E-06 9.464E-02 1.575E-03 9.685E-02 9.685E-02 
5.000E+02 8.383E-09 5.196E-04 4.411E-06 9.614E-02 1.615E-03 9.828E-02 9.828E-02 
6.000E+02 5.824E-09 4.447E-04 3.673E-06 9.720E-02 1.644E-03 9.929E-02 9.929E-02 
8.000E+02 3.275E-09 3.474E-04 2.753E-06 9.862E-02 1.684E-03 1.007E-01 1.007E-01 
1.000E+03 2.096E-09 2.858E-04 2.201E-06 9.957E-02 1.711E-03 1.016E-01 1.016E-01 
1.500E+03 9.318E-10 1.996E-04 1.466E-06 1.009E-01 1.751E-03 1.028E-01 1.028E-01 
2.000E+03 5.240E-10 1.545E-04 1.099E-06 1.016E-01 1.773E-03 1.035E-01 1.035E-01 
3.000E+03 2.329E-10 1.074E-04 7.325E-07 1.024E-01 1.798E-03 1.043E-01 1.043E-01 
4.000E+03 1.310E-10 8.292E-05 5.492E-07 1.028E-01 1.813E-03 1.047E-01 1.047E-01 
5.000E+03 8.383E-11 6.777E-05 4.393E-07 1.031E-01 1.822E-03 1.050E-01 1.050E-01 
6.000E+03 5.824E-11 5.747E-05 3.662E-07 1.033E-01 1.828E-03 1.051E-01 1.051E-01 
8.000E+03 3.275E-11 4.429E-05 2.745E-07 1.035E-01 1.836E-03 1.054E-01 1.054E-01 
1.000E+04 2.096E-11 3.616E-05 2.196E-07 1.037E-01 1.841E-03 1.055E-01 1.055E-01 
1.500E+04 9.318E-12 2.499E-05 1.464E-07 1.039E-01 1.849E-03 1.058E-01 1.058E-01 
2.000E+04 5.240E-12 1.921E-05 1.098E-07 1.040E-01 1.853E-03 1.059E-01 1.059E-01 
3.000E+04 2.329E-12 1.325E-05 7.321E-08 1.041E-01 1.857E-03 1.060E-01 1.060E-01 
4.000E+04 1.310E-12 1.017E-05 5.488E-08 1.042E-01 1.859E-03 1.060E-01 1.060E-01 
5.000E+04 8.383E-13 8.285E-06 4.393E-08 1.042E-01 1.861E-03 1.061E-01 1.061E-01 
6.000E+04 5.824E-13 7.003E-06 3.659E-08 1.042E-01 1.862E-03 1.061E-01 1.061E-01 
8.000E+04 3.275E-13 5.367E-06 2.745E-08 1.042E-01 1.863E-03 1.061E-01 1.061E-01 
1.000E+05 2.096E-13 4.367E-06 2.196E-08 1.043E-01 1.864E-03 1.061E-01 1.061E-01 
