1.000E-03 9.668E+00 5.936E-03 2.097E+03 0.000E+00 0.000E+00 2.107E+03 2.097E+03 
1.039E-03 9.628E+00 6.239E-03 1.952E+03 0.000E+00 0.000E+00 1.962E+03 1.952E+03 
1.080E-03 9.588E+00 6.556E-03 1.818E+03 0.000E+00 0.000E+00 1.828E+03 1.818E+03 
1.080E-03 9.588E+00 6.556E-03 2.514E+03 0.000E+00 0.000E+00 2.524E+03 2.514E+03 
1.093E-03 9.576E+00 6.656E-03 3.743E+03 0.000E+00 0.000E+00 3.753E+03 3.743E+03 
1.106E-03 9.564E+00 6.757E-03 5.551E+03 0.000E+00 0.000E+00 5.561E+03 5.551E+03 
1.106E-03 9.564E+00 6.757E-03 6.785E+03 0.000E+00 0.000E+00 6.794E+03 6.785E+03 
1.253E-03 9.425E+00 7.858E-03 5.970E+03 0.000E+00 0.000E+00 5.980E+03 5.970E+03 
1.420E-03 9.256E+00 9.076E-03 5.255E+03 0.000E+00 0.000E+00 5.264E+03 5.255E+03 
1.420E-03 9.256E+00 9.076E-03 6.064E+03 0.000E+00 0.000E+00 6.073E+03 6.064E+03 
1.500E-03 9.172E+00 9.672E-03 5.347E+03 0.000E+00 0.000E+00 5.356E+03 5.347E+03 
1.541E-03 9.132E+00 9.977E-03 5.038E+03 0.000E+00 0.000E+00 5.048E+03 5.038E+03 
1.541E-03 9.132E+00 9.977E-03 5.347E+03 0.000E+00 0.000E+00 5.356E+03 5.347E+03 
1.629E-03 9.041E+00 1.063E-02 4.727E+03 0.000E+00 0.000E+00 4.736E+03 4.727E+03 
1.723E-03 8.943E+00 1.132E-02 4.181E+03 0.000E+00 0.000E+00 4.190E+03 4.181E+03 
1.723E-03 8.943E+00 1.132E-02 4.370E+03 0.000E+00 0.000E+00 4.379E+03 4.370E+03 
2.000E-03 8.663E+00 1.333E-02 3.112E+03 0.000E+00 0.000E+00 3.120E+03 3.112E+03 
3.000E-03 7.662E+00 2.045E-02 1.186E+03 0.000E+00 0.000E+00 1.194E+03 1.186E+03 
4.000E-03 6.737E+00 2.703E-02 5.803E+02 0.000E+00 0.000E+00 5.871E+02 5.804E+02 
5.000E-03 5.932E+00 3.302E-02 3.297E+02 0.000E+00 0.000E+00 3.356E+02 3.297E+02 
6.000E-03 5.251E+00 3.837E-02 2.062E+02 0.000E+00 0.000E+00 2.115E+02 2.063E+02 
6.716E-03 4.830E+00 4.185E-02 1.539E+02 0.000E+00 0.000E+00 1.587E+02 1.539E+02 
6.716E-03 4.830E+00 4.185E-02 4.286E+02 0.000E+00 0.000E+00 4.334E+02 4.286E+02 
7.008E-03 4.674E+00 4.318E-02 3.845E+02 0.000E+00 0.000E+00 3.892E+02 3.846E+02 
7.312E-03 4.518E+00 4.454E-02 3.450E+02 0.000E+00 0.000E+00 3.496E+02 3.451E+02 
7.312E-03 4.518E+00 4.454E-02 4.710E+02 0.000E+00 0.000E+00 4.756E+02 4.710E+02 
7.521E-03 4.413E+00 4.546E-02 4.394E+02 0.000E+00 0.000E+00 4.438E+02 4.394E+02 
7.737E-03 4.310E+00 4.638E-02 4.097E+02 0.000E+00 0.000E+00 4.141E+02 4.098E+02 
7.737E-03 4.310E+00 4.638E-02 4.734E+02 0.000E+00 0.000E+00 4.778E+02 4.735E+02 
8.000E-03 4.189E+00 4.746E-02 4.358E+02 0.000E+00 0.000E+00 4.400E+02 4.358E+02 
1.000E-02 3.410E+00 5.511E-02 2.465E+02 0.000E+00 0.000E+00 2.499E+02 2.465E+02 
1.500E-02 2.216E+00 7.033E-02 8.403E+01 0.000E+00 0.000E+00 8.631E+01 8.410E+01 
2.000E-02 1.588E+00 8.130E-02 3.858E+01 0.000E+00 0.000E+00 4.025E+01 3.866E+01 
3.000E-02 9.304E-01 9.448E-02 1.263E+01 0.000E+00 0.000E+00 1.365E+01 1.272E+01 
4.000E-02 6.052E-01 1.014E-01 5.655E+00 0.000E+00 0.000E+00 6.362E+00 5.757E+00 
4.683E-02 4.754E-01 1.042E-01 3.629E+00 0.000E+00 0.000E+00 4.209E+00 3.734E+00 
4.683E-02 4.754E-01 1.042E-01 2.042E+01 0.000E+00 0.000E+00 2.100E+01 2.052E+01 
5.000E-02 4.294E-01 1.051E-01 1.721E+01 0.000E+00 0.000E+00 1.774E+01 1.732E+01 
6.000E-02 3.227E-01 1.071E-01 1.064E+01 0.000E+00 0.000E+00 1.107E+01 1.075E+01 
8.000E-02 2.011E-01 1.080E-01 4.902E+00 0.000E+00 0.000E+00 5.211E+00 5.010E+00 
1.000E-01 1.368E-01 1.069E-01 2.658E+00 0.000E+00 0.000E+00 2.902E+00 2.765E+00 
1.500E-01 6.665E-02 1.012E-01 8.591E-01 0.000E+00 0.000E+00 1.027E+00 9.603E-01 
2.000E-01 3.961E-02 9.508E-02 3.845E-01 0.000E+00 0.000E+00 5.192E-01 4.796E-01 
3.000E-01 1.864E-02 8.475E-02 1.262E-01 0.000E+00 0.000E+00 2.296E-01 2.110E-01 
4.000E-01 1.077E-02 7.682E-02 5.904E-02 0.000E+00 0.000E+00 1.466E-01 1.359E-01 
5.000E-01 7.005E-03 7.061E-02 3.360E-02 0.000E+00 0.000E+00 1.112E-01 1.042E-01 
6.000E-01 4.918E-03 6.560E-02 2.166E-02 0.000E+00 0.000E+00 9.218E-02 8.726E-02 
8.000E-01 2.802E-03 5.791E-02 1.129E-02 0.000E+00 0.000E+00 7.201E-02 6.921E-02 
1.000E+00 1.806E-03 5.219E-02 7.069E-03 0.000E+00 0.000E+00 6.106E-02 5.926E-02 
1.022E+00 1.730E-03 5.163E-02 6.765E-03 0.000E+00 0.000E+00 6.012E-02 5.839E-02 
1.250E+00 1.162E-03 4.674E-02 4.562E-03 2.432E-04 0.000E+00 5.271E-02 5.155E-02 
1.500E+00 8.090E-04 4.253E-02 3.259E-03 1.124E-03 0.000E+00 4.773E-02 4.692E-02 
2.000E+00 4.566E-04 3.632E-02 1.978E-03 3.645E-03 0.000E+00 4.240E-02 4.195E-02 
2.044E+00 4.370E-04 3.588E-02 1.908E-03 3.883E-03 0.000E+00 4.211E-02 4.167E-02 
3.000E+00 2.033E-04 2.860E-02 1.043E-03 8.819E-03 1.000E-05 3.868E-02 3.848E-02 
4.000E+00 1.145E-04 2.387E-02 6.885E-04 1.326E-02 4.077E-05 3.797E-02 3.786E-02 
5.000E+00 7.329E-05 2.062E-02 5.075E-04 1.705E-02 8.114E-05 3.833E-02 3.826E-02 
6.000E+00 5.091E-05 1.822E-02 3.994E-04 2.032E-02 1.244E-04 3.912E-02 3.907E-02 
7.000E+00 3.741E-05 1.638E-02 3.283E-04 2.321E-02 1.675E-04 4.013E-02 4.009E-02 
8.000E+00 2.864E-05 1.491E-02 2.781E-04 2.581E-02 2.092E-04 4.124E-02 4.121E-02 
9.000E+00 2.263E-05 1.371E-02 2.409E-04 2.817E-02 2.491E-04 4.239E-02 4.236E-02 
1.000E+01 1.834E-05 1.270E-02 2.124E-04 3.033E-02 2.869E-04 4.355E-02 4.353E-02 
1.100E+01 1.515E-05 1.185E-02 1.897E-04 3.233E-02 3.227E-04 4.470E-02 4.469E-02 
1.200E+01 1.273E-05 1.111E-02 1.714E-04 3.418E-02 3.563E-04 4.583E-02 4.582E-02 
1.300E+01 1.085E-05 1.047E-02 1.562E-04 3.591E-02 3.880E-04 4.693E-02 4.692E-02 
1.400E+01 9.356E-06 9.901E-03 1.435E-04 3.752E-02 4.181E-04 4.799E-02 4.798E-02 
1.500E+01 8.150E-06 9.400E-03 1.327E-04 3.901E-02 4.466E-04 4.899E-02 4.899E-02 
1.600E+01 7.161E-06 8.952E-03 1.234E-04 4.037E-02 4.738E-04 4.993E-02 4.992E-02 
1.800E+01 5.659E-06 8.183E-03 1.081E-04 4.290E-02 5.239E-04 5.172E-02 5.171E-02 
2.000E+01 4.586E-06 7.546E-03 9.624E-05 4.514E-02 5.691E-04 5.335E-02 5.335E-02 
2.200E+01 3.789E-06 7.009E-03 8.667E-05 4.714E-02 6.108E-04 5.485E-02 5.485E-02 
2.400E+01 3.184E-06 6.548E-03 7.882E-05 4.898E-02 6.492E-04 5.626E-02 5.626E-02 
2.600E+01 2.713E-06 6.152E-03 7.229E-05 5.067E-02 6.841E-04 5.758E-02 5.757E-02 
2.800E+01 2.339E-06 5.803E-03 6.673E-05 5.223E-02 7.169E-04 5.882E-02 5.881E-02 
3.000E+01 2.037E-06 5.495E-03 6.200E-05 5.363E-02 7.474E-04 5.994E-02 5.993E-02 
4.000E+01 1.146E-06 4.366E-03 4.566E-05 5.944E-02 8.723E-04 6.472E-02 6.472E-02 
5.000E+01 7.333E-07 3.644E-03 3.615E-05 6.372E-02 9.668E-04 6.837E-02 6.837E-02 
6.000E+01 5.095E-07 3.140E-03 2.991E-05 6.705E-02 1.042E-03 7.126E-02 7.126E-02 
8.000E+01 2.865E-07 2.476E-03 2.223E-05 7.197E-02 1.154E-03 7.562E-02 7.562E-02 
1.000E+02 1.834E-07 2.055E-03 1.769E-05 7.550E-02 1.235E-03 7.881E-02 7.880E-02 
1.500E+02 8.150E-08 1.463E-03 1.170E-05 8.102E-02 1.369E-03 8.387E-02 8.387E-02 
2.000E+02 4.586E-08 1.147E-03 8.747E-06 8.435E-02 1.453E-03 8.696E-02 8.696E-02 
3.000E+02 2.037E-08 8.134E-04 5.807E-06 8.819E-02 1.555E-03 9.057E-02 9.057E-02 
4.000E+02 1.146E-08 6.368E-04 4.350E-06 9.040E-02 1.617E-03 9.265E-02 9.265E-02 
5.000E+02 7.333E-09 5.275E-04 3.475E-06 9.188E-02 1.659E-03 9.407E-02 9.407E-02 
6.000E+02 5.095E-09 4.514E-04 2.894E-06 9.292E-02 1.689E-03 9.506E-02 9.506E-02 
8.000E+02 2.865E-09 3.526E-04 2.168E-06 9.428E-02 1.732E-03 9.637E-02 9.637E-02 
1.000E+03 1.834E-09 2.901E-04 1.733E-06 9.520E-02 1.760E-03 9.725E-02 9.725E-02 
1.500E+03 8.150E-10 2.026E-04 1.155E-06 9.648E-02 1.803E-03 9.849E-02 9.849E-02 
2.000E+03 4.586E-10 1.568E-04 8.659E-07 9.720E-02 1.827E-03 9.919E-02 9.919E-02 
3.000E+03 2.037E-10 1.090E-04 5.771E-07 9.797E-02 1.853E-03 9.993E-02 9.993E-02 
4.000E+03 1.146E-10 8.415E-05 4.326E-07 9.837E-02 1.868E-03 1.003E-01 1.003E-01 
5.000E+03 7.333E-11 6.881E-05 3.461E-07 9.865E-02 1.878E-03 1.006E-01 1.006E-01 
6.000E+03 5.095E-11 5.835E-05 2.884E-07 9.881E-02 1.885E-03 1.008E-01 1.008E-01 
8.000E+03 2.865E-11 4.494E-05 2.163E-07 9.905E-02 1.894E-03 1.010E-01 1.010E-01 
1.000E+04 1.834E-11 3.670E-05 1.730E-07 9.921E-02 1.900E-03 1.011E-01 1.011E-01 
1.500E+04 8.150E-12 2.536E-05 1.153E-07 9.941E-02 1.907E-03 1.013E-01 1.013E-01 
2.000E+04 4.586E-12 1.950E-05 8.651E-08 9.953E-02 1.912E-03 1.015E-01 1.015E-01 
3.000E+04 2.037E-12 1.345E-05 5.767E-08 9.965E-02 1.916E-03 1.016E-01 1.016E-01 
4.000E+04 1.146E-12 1.033E-05 4.326E-08 9.969E-02 1.919E-03 1.016E-01 1.016E-01 
5.000E+04 7.333E-13 8.407E-06 3.460E-08 9.973E-02 1.920E-03 1.017E-01 1.017E-01 
6.000E+04 5.095E-13 7.109E-06 2.883E-08 9.977E-02 1.922E-03 1.017E-01 1.017E-01 
8.000E+04 2.865E-13 5.451E-06 2.162E-08 9.981E-02 1.922E-03 1.017E-01 1.017E-01 
1.000E+05 1.834E-13 4.434E-06 1.730E-08 9.981E-02 1.924E-03 1.017E-01 1.017E-01 
