1.000E-03 1.021E+01 5.266E-03 2.484E+03 0.000E+00 0.000E+00 2.494E+03 2.484E+03 
1.138E-03 1.009E+01 6.196E-03 1.937E+03 0.000E+00 0.000E+00 1.948E+03 1.937E+03 
1.295E-03 9.939E+00 7.275E-03 1.512E+03 0.000E+00 0.000E+00 1.522E+03 1.512E+03 
1.295E-03 9.939E+00 7.275E-03 2.113E+03 0.000E+00 0.000E+00 2.123E+03 2.113E+03 
1.314E-03 9.921E+00 7.404E-03 3.146E+03 0.000E+00 0.000E+00 3.156E+03 3.146E+03 
1.332E-03 9.902E+00 7.534E-03 4.684E+03 0.000E+00 0.000E+00 4.694E+03 4.684E+03 
1.332E-03 9.902E+00 7.534E-03 5.496E+03 0.000E+00 0.000E+00 5.506E+03 5.496E+03 
1.500E-03 9.735E+00 8.672E-03 5.540E+03 0.000E+00 0.000E+00 5.550E+03 5.540E+03 
1.676E-03 9.561E+00 9.861E-03 4.221E+03 0.000E+00 0.000E+00 4.231E+03 4.221E+03 
1.676E-03 9.561E+00 9.861E-03 4.884E+03 0.000E+00 0.000E+00 4.894E+03 4.884E+03 
1.757E-03 9.486E+00 1.040E-02 4.374E+03 0.000E+00 0.000E+00 4.383E+03 4.374E+03 
1.842E-03 9.406E+00 1.097E-02 3.913E+03 0.000E+00 0.000E+00 3.923E+03 3.913E+03 
1.842E-03 9.406E+00 1.097E-02 4.158E+03 0.000E+00 0.000E+00 4.167E+03 4.158E+03 
2.000E-03 9.243E+00 1.203E-02 3.457E+03 0.000E+00 0.000E+00 3.467E+03 3.457E+03 
2.047E-03 9.194E+00 1.234E-02 3.279E+03 0.000E+00 0.000E+00 3.288E+03 3.279E+03 
2.047E-03 9.194E+00 1.234E-02 3.425E+03 0.000E+00 0.000E+00 3.434E+03 3.425E+03 
3.000E-03 8.249E+00 1.864E-02 1.396E+03 0.000E+00 0.000E+00 1.405E+03 1.396E+03 
4.000E-03 7.304E+00 2.482E-02 6.878E+02 0.000E+00 0.000E+00 6.951E+02 6.878E+02 
5.000E-03 6.463E+00 3.050E-02 3.925E+02 0.000E+00 0.000E+00 3.990E+02 3.925E+02 
6.000E-03 5.733E+00 3.564E-02 2.462E+02 0.000E+00 0.000E+00 2.520E+02 2.463E+02 
7.790E-03 4.688E+00 4.362E-02 1.251E+02 0.000E+00 0.000E+00 1.299E+02 1.252E+02 
7.790E-03 4.688E+00 4.362E-02 3.389E+02 0.000E+00 0.000E+00 3.437E+02 3.390E+02 
8.000E-03 4.584E+00 4.447E-02 3.223E+02 0.000E+00 0.000E+00 3.269E+02 3.223E+02 
8.581E-03 4.310E+00 4.677E-02 2.651E+02 0.000E+00 0.000E+00 2.695E+02 2.652E+02 
8.581E-03 4.310E+00 4.677E-02 3.629E+02 0.000E+00 0.000E+00 3.673E+02 3.630E+02 
8.810E-03 4.208E+00 4.764E-02 3.401E+02 0.000E+00 0.000E+00 3.443E+02 3.401E+02 
9.046E-03 4.106E+00 4.851E-02 3.187E+02 0.000E+00 0.000E+00 3.229E+02 3.188E+02 
9.046E-03 4.106E+00 4.851E-02 3.684E+02 0.000E+00 0.000E+00 3.725E+02 3.684E+02 
1.000E-02 3.732E+00 5.192E-02 2.864E+02 0.000E+00 0.000E+00 2.902E+02 2.865E+02 
1.500E-02 2.411E+00 6.667E-02 9.917E+01 0.000E+00 0.000E+00 1.016E+02 9.924E+01 
2.000E-02 1.718E+00 7.757E-02 4.584E+01 0.000E+00 0.000E+00 4.764E+01 4.592E+01 
3.000E-02 1.012E+00 9.113E-02 1.515E+01 0.000E+00 0.000E+00 1.625E+01 1.524E+01 
4.000E-02 6.608E-01 9.832E-02 6.823E+00 0.000E+00 0.000E+00 7.582E+00 6.921E+00 
5.000E-02 4.677E-01 1.022E-01 3.657E+00 0.000E+00 0.000E+00 4.227E+00 3.759E+00 
5.379E-02 4.173E-01 1.032E-01 2.979E+00 0.000E+00 0.000E+00 3.500E+00 3.082E+00 
5.379E-02 4.173E-01 1.032E-01 1.624E+01 0.000E+00 0.000E+00 1.676E+01 1.634E+01 
6.000E-02 3.512E-01 1.042E-01 1.213E+01 0.000E+00 0.000E+00 1.259E+01 1.224E+01 
8.000E-02 2.199E-01 1.054E-01 5.689E+00 0.000E+00 0.000E+00 6.014E+00 5.794E+00 
1.000E-01 1.500E-01 1.045E-01 3.106E+00 0.000E+00 0.000E+00 3.360E+00 3.210E+00 
1.500E-01 7.312E-02 9.921E-02 1.016E+00 0.000E+00 0.000E+00 1.188E+00 1.115E+00 
2.000E-01 4.351E-02 9.332E-02 4.584E-01 0.000E+00 0.000E+00 5.952E-01 5.517E-01 
3.000E-01 2.054E-02 8.327E-02 1.521E-01 0.000E+00 0.000E+00 2.559E-01 2.353E-01 
4.000E-01 1.190E-02 7.553E-02 7.156E-02 0.000E+00 0.000E+00 1.590E-01 1.471E-01 
5.000E-01 7.745E-03 6.949E-02 4.091E-02 0.000E+00 0.000E+00 1.181E-01 1.104E-01 
6.000E-01 5.440E-03 6.456E-02 2.645E-02 0.000E+00 0.000E+00 9.644E-02 9.100E-02 
8.000E-01 3.103E-03 5.700E-02 1.383E-02 0.000E+00 0.000E+00 7.393E-02 7.083E-02 
1.000E+00 2.001E-03 5.136E-02 8.672E-03 0.000E+00 0.000E+00 6.204E-02 6.004E-02 
1.022E+00 1.917E-03 5.085E-02 8.298E-03 0.000E+00 0.000E+00 6.106E-02 5.914E-02 
1.250E+00 1.288E-03 4.603E-02 5.592E-03 2.672E-04 0.000E+00 5.318E-02 5.189E-02 
1.500E+00 8.972E-04 4.188E-02 3.995E-03 1.237E-03 0.000E+00 4.801E-02 4.711E-02 
2.000E+00 5.066E-04 3.577E-02 2.422E-03 3.947E-03 0.000E+00 4.265E-02 4.214E-02 
2.044E+00 4.851E-04 3.533E-02 2.336E-03 4.199E-03 0.000E+00 4.235E-02 4.187E-02 
3.000E+00 2.258E-04 2.817E-02 1.275E-03 9.365E-03 9.847E-06 3.905E-02 3.882E-02 
4.000E+00 1.271E-04 2.351E-02 8.398E-04 1.397E-02 4.014E-05 3.849E-02 3.836E-02 
5.000E+00 8.138E-05 2.031E-02 6.181E-04 1.788E-02 7.990E-05 3.897E-02 3.888E-02 
6.000E+00 5.652E-05 1.795E-02 4.862E-04 2.124E-02 1.225E-04 3.986E-02 3.980E-02 
7.000E+00 4.154E-05 1.614E-02 3.991E-04 2.421E-02 1.649E-04 4.096E-02 4.091E-02 
8.000E+00 3.181E-05 1.469E-02 3.380E-04 2.688E-02 2.059E-04 4.215E-02 4.211E-02 
9.000E+00 2.513E-05 1.350E-02 2.927E-04 2.931E-02 2.451E-04 4.337E-02 4.335E-02 
1.000E+01 2.036E-05 1.251E-02 2.579E-04 3.153E-02 2.823E-04 4.461E-02 4.459E-02 
1.100E+01 1.683E-05 1.167E-02 2.303E-04 3.359E-02 3.174E-04 4.582E-02 4.580E-02 
1.200E+01 1.414E-05 1.094E-02 2.080E-04 3.550E-02 3.506E-04 4.702E-02 4.700E-02 
1.300E+01 1.205E-05 1.031E-02 1.896E-04 3.728E-02 3.817E-04 4.817E-02 4.816E-02 
1.400E+01 1.039E-05 9.754E-03 1.741E-04 3.895E-02 4.114E-04 4.930E-02 4.929E-02 
1.500E+01 9.050E-06 9.257E-03 1.609E-04 4.047E-02 4.395E-04 5.034E-02 5.033E-02 
1.600E+01 7.953E-06 8.816E-03 1.496E-04 4.191E-02 4.658E-04 5.135E-02 5.135E-02 
1.800E+01 6.285E-06 8.060E-03 1.311E-04 4.451E-02 5.151E-04 5.322E-02 5.321E-02 
2.000E+01 5.092E-06 7.430E-03 1.166E-04 4.681E-02 5.596E-04 5.492E-02 5.491E-02 
2.200E+01 4.206E-06 6.904E-03 1.050E-04 4.892E-02 6.007E-04 5.653E-02 5.653E-02 
2.400E+01 3.535E-06 6.452E-03 9.550E-05 5.081E-02 6.382E-04 5.800E-02 5.799E-02 
2.600E+01 3.013E-06 6.059E-03 8.753E-05 5.255E-02 6.726E-04 5.937E-02 5.937E-02 
2.800E+01 2.597E-06 5.715E-03 8.083E-05 5.414E-02 7.045E-04 6.065E-02 6.064E-02 
3.000E+01 2.263E-06 5.411E-03 7.505E-05 5.559E-02 7.341E-04 6.181E-02 6.181E-02 
4.000E+01 1.273E-06 4.299E-03 5.526E-05 6.159E-02 8.568E-04 6.680E-02 6.680E-02 
5.000E+01 8.146E-07 3.589E-03 4.373E-05 6.604E-02 9.491E-04 7.062E-02 7.062E-02 
6.000E+01 5.655E-07 3.093E-03 3.618E-05 6.952E-02 1.022E-03 7.367E-02 7.367E-02 
8.000E+01 3.182E-07 2.439E-03 2.688E-05 7.460E-02 1.131E-03 7.820E-02 7.820E-02 
1.000E+02 2.036E-07 2.024E-03 2.138E-05 7.823E-02 1.210E-03 8.149E-02 8.149E-02 
1.500E+02 9.050E-08 1.442E-03 1.415E-05 8.394E-02 1.340E-03 8.674E-02 8.674E-02 
2.000E+02 5.092E-08 1.130E-03 1.057E-05 8.731E-02 1.421E-03 8.987E-02 8.987E-02 
3.000E+02 2.262E-08 8.012E-04 7.019E-06 9.128E-02 1.519E-03 9.360E-02 9.360E-02 
4.000E+02 1.273E-08 6.274E-04 5.255E-06 9.354E-02 1.578E-03 9.575E-02 9.575E-02 
5.000E+02 8.146E-09 5.196E-04 4.199E-06 9.502E-02 1.618E-03 9.716E-02 9.716E-02 
6.000E+02 5.655E-09 4.447E-04 3.497E-06 9.609E-02 1.648E-03 9.819E-02 9.819E-02 
8.000E+02 3.182E-09 3.473E-04 2.620E-06 9.750E-02 1.688E-03 9.954E-02 9.954E-02 
1.000E+03 2.036E-09 2.857E-04 2.095E-06 9.839E-02 1.715E-03 1.004E-01 1.004E-01 
1.500E+03 9.050E-10 1.996E-04 1.396E-06 9.973E-02 1.755E-03 1.017E-01 1.017E-01 
2.000E+03 5.092E-10 1.545E-04 1.046E-06 1.004E-01 1.778E-03 1.024E-01 1.024E-01 
3.000E+03 2.262E-10 1.074E-04 6.971E-07 1.012E-01 1.803E-03 1.031E-01 1.031E-01 
4.000E+03 1.273E-10 8.290E-05 5.229E-07 1.017E-01 1.818E-03 1.036E-01 1.036E-01 
5.000E+03 8.146E-11 6.778E-05 4.184E-07 1.019E-01 1.827E-03 1.038E-01 1.038E-01 
6.000E+03 5.655E-11 5.748E-05 3.485E-07 1.021E-01 1.833E-03 1.040E-01 1.040E-01 
8.000E+03 3.182E-11 4.429E-05 2.613E-07 1.023E-01 1.842E-03 1.042E-01 1.042E-01 
1.000E+04 2.036E-11 3.615E-05 2.091E-07 1.025E-01 1.847E-03 1.044E-01 1.044E-01 
1.500E+04 9.050E-12 2.499E-05 1.394E-07 1.027E-01 1.854E-03 1.046E-01 1.046E-01 
2.000E+04 5.092E-12 1.921E-05 1.045E-07 1.028E-01 1.859E-03 1.047E-01 1.047E-01 
3.000E+04 2.262E-12 1.324E-05 6.967E-08 1.029E-01 1.863E-03 1.048E-01 1.048E-01 
4.000E+04 1.273E-12 1.017E-05 5.225E-08 1.030E-01 1.865E-03 1.049E-01 1.049E-01 
5.000E+04 8.146E-13 8.283E-06 4.180E-08 1.030E-01 1.867E-03 1.049E-01 1.049E-01 
6.000E+04 5.655E-13 7.001E-06 3.484E-08 1.031E-01 1.868E-03 1.049E-01 1.049E-01 
8.000E+04 3.182E-13 5.366E-06 2.613E-08 1.031E-01 1.869E-03 1.049E-01 1.049E-01 
1.000E+05 2.036E-13 4.366E-06 2.090E-08 1.031E-01 1.870E-03 1.050E-01 1.050E-01 
