1.000E-03 1.085E+01 4.754E-03 3.007E+03 0.000E+00 0.000E+00 3.017E+03 3.007E+03 
1.500E-03 1.039E+01 7.897E-03 1.340E+03 0.000E+00 0.000E+00 1.350E+03 1.340E+03 
1.528E-03 1.037E+01 8.071E-03 1.290E+03 0.000E+00 0.000E+00 1.300E+03 1.290E+03 
1.528E-03 1.037E+01 8.071E-03 1.937E+03 0.000E+00 0.000E+00 1.948E+03 1.937E+03 
1.552E-03 1.034E+01 8.221E-03 2.745E+03 0.000E+00 0.000E+00 2.756E+03 2.745E+03 
1.576E-03 1.032E+01 8.373E-03 3.894E+03 0.000E+00 0.000E+00 3.905E+03 3.894E+03 
1.576E-03 1.032E+01 8.373E-03 4.528E+03 0.000E+00 0.000E+00 4.538E+03 4.528E+03 
1.753E-03 1.015E+01 9.469E-03 3.972E+03 0.000E+00 0.000E+00 3.982E+03 3.972E+03 
1.950E-03 9.960E+00 1.069E-02 3.487E+03 0.000E+00 0.000E+00 3.497E+03 3.487E+03 
1.950E-03 9.960E+00 1.069E-02 4.044E+03 0.000E+00 0.000E+00 4.054E+03 4.044E+03 
2.000E-03 9.912E+00 1.100E-02 3.786E+03 0.000E+00 0.000E+00 3.796E+03 3.786E+03 
2.173E-03 9.734E+00 1.208E-02 3.119E+03 0.000E+00 0.000E+00 3.128E+03 3.119E+03 
2.173E-03 9.734E+00 1.208E-02 3.314E+03 0.000E+00 0.000E+00 3.324E+03 3.314E+03 
2.283E-03 9.622E+00 1.276E-02 2.960E+03 0.000E+00 0.000E+00 2.969E+03 2.960E+03 
2.398E-03 9.508E+00 1.348E-02 2.644E+03 0.000E+00 0.000E+00 2.653E+03 2.644E+03 
2.398E-03 9.508E+00 1.348E-02 2.760E+03 0.000E+00 0.000E+00 2.769E+03 2.760E+03 
3.000E-03 8.927E+00 1.719E-02 1.632E+03 0.000E+00 0.000E+00 1.640E+03 1.632E+03 
4.000E-03 7.963E+00 2.304E-02 8.112E+02 0.000E+00 0.000E+00 8.192E+02 8.113E+02 
5.000E-03 7.086E+00 2.845E-02 4.646E+02 0.000E+00 0.000E+00 4.717E+02 4.646E+02 
6.000E-03 6.310E+00 3.339E-02 2.924E+02 0.000E+00 0.000E+00 2.988E+02 2.925E+02 
8.000E-03 5.060E+00 4.197E-02 1.393E+02 0.000E+00 0.000E+00 1.444E+02 1.394E+02 
8.944E-03 4.587E+00 4.552E-02 1.042E+02 0.000E+00 0.000E+00 1.088E+02 1.042E+02 
8.944E-03 4.587E+00 4.552E-02 2.778E+02 0.000E+00 0.000E+00 2.824E+02 2.778E+02 
9.447E-03 4.343E+00 4.708E-02 2.407E+02 0.000E+00 0.000E+00 2.451E+02 2.408E+02 
9.978E-03 4.134E+00 4.914E-02 2.087E+02 0.000E+00 0.000E+00 2.129E+02 2.087E+02 
9.978E-03 4.134E+00 4.914E-02 2.938E+02 0.000E+00 0.000E+00 2.980E+02 2.938E+02 
1.000E-02 4.128E+00 4.924E-02 2.902E+02 0.000E+00 0.000E+00 2.944E+02 2.902E+02 
1.049E-02 3.940E+00 5.085E-02 2.537E+02 0.000E+00 0.000E+00 2.577E+02 2.537E+02 
1.049E-02 3.940E+00 5.085E-02 2.933E+02 0.000E+00 0.000E+00 2.973E+02 2.933E+02 
1.500E-02 2.659E+00 6.372E-02 1.166E+02 0.000E+00 0.000E+00 1.193E+02 1.166E+02 
2.000E-02 1.881E+00 7.458E-02 5.433E+01 0.000E+00 0.000E+00 5.628E+01 5.440E+01 
3.000E-02 1.111E+00 8.864E-02 1.812E+01 0.000E+00 0.000E+00 1.932E+01 1.821E+01 
4.000E-02 7.281E-01 9.623E-02 8.217E+00 0.000E+00 0.000E+00 9.041E+00 8.313E+00 
5.000E-02 5.147E-01 1.004E-01 4.423E+00 0.000E+00 0.000E+00 5.038E+00 4.524E+00 
6.000E-02 3.860E-01 1.026E-01 2.659E+00 0.000E+00 0.000E+00 3.147E+00 2.761E+00 
6.133E-02 3.727E-01 1.028E-01 2.500E+00 0.000E+00 0.000E+00 2.975E+00 2.603E+00 
6.133E-02 3.727E-01 1.028E-01 1.318E+01 0.000E+00 0.000E+00 1.365E+01 1.328E+01 
8.000E-02 2.422E-01 1.040E-01 6.564E+00 0.000E+00 0.000E+00 6.910E+00 6.668E+00 
1.000E-01 1.658E-01 1.033E-01 3.612E+00 0.000E+00 0.000E+00 3.882E+00 3.716E+00 
1.500E-01 8.091E-02 9.835E-02 1.199E+00 0.000E+00 0.000E+00 1.378E+00 1.297E+00 
2.000E-01 4.817E-02 9.264E-02 5.453E-01 0.000E+00 0.000E+00 6.862E-01 6.380E-01 
3.000E-01 2.281E-02 8.272E-02 1.826E-01 0.000E+00 0.000E+00 2.882E-01 2.654E-01 
4.000E-01 1.324E-02 7.510E-02 8.652E-02 0.000E+00 0.000E+00 1.749E-01 1.616E-01 
5.000E-01 8.627E-03 6.912E-02 4.970E-02 0.000E+00 0.000E+00 1.274E-01 1.188E-01 
6.000E-01 6.066E-03 6.424E-02 3.222E-02 0.000E+00 0.000E+00 1.025E-01 9.646E-02 
8.000E-01 3.462E-03 5.673E-02 1.691E-02 0.000E+00 0.000E+00 7.710E-02 7.364E-02 
1.000E+00 2.235E-03 5.112E-02 1.061E-02 0.000E+00 0.000E+00 6.397E-02 6.174E-02 
1.022E+00 2.141E-03 5.060E-02 1.016E-02 0.000E+00 0.000E+00 6.290E-02 6.076E-02 
1.250E+00 1.439E-03 4.580E-02 6.849E-03 2.946E-04 0.000E+00 5.438E-02 5.294E-02 
1.500E+00 1.003E-03 4.169E-02 4.886E-03 1.370E-03 0.000E+00 4.895E-02 4.795E-02 
2.000E+00 5.666E-04 3.564E-02 2.961E-03 4.308E-03 0.000E+00 4.347E-02 4.291E-02 
2.044E+00 5.426E-04 3.518E-02 2.855E-03 4.576E-03 0.000E+00 4.316E-02 4.262E-02 
3.000E+00 2.526E-04 2.806E-02 1.556E-03 1.002E-02 9.807E-06 3.989E-02 3.964E-02 
4.000E+00 1.423E-04 2.341E-02 1.023E-03 1.482E-02 3.999E-05 3.944E-02 3.930E-02 
5.000E+00 9.111E-05 2.022E-02 7.521E-04 1.887E-02 7.952E-05 4.002E-02 3.993E-02 
6.000E+00 6.327E-05 1.788E-02 5.909E-04 2.236E-02 1.219E-04 4.101E-02 4.095E-02 
7.000E+00 4.650E-05 1.607E-02 4.848E-04 2.543E-02 1.642E-04 4.220E-02 4.215E-02 
8.000E+00 3.560E-05 1.463E-02 4.103E-04 2.820E-02 2.049E-04 4.347E-02 4.344E-02 
9.000E+00 2.813E-05 1.345E-02 3.550E-04 3.071E-02 2.439E-04 4.478E-02 4.476E-02 
1.000E+01 2.279E-05 1.246E-02 3.127E-04 3.302E-02 2.809E-04 4.609E-02 4.607E-02 
1.100E+01 1.883E-05 1.162E-02 2.792E-04 3.515E-02 3.159E-04 4.738E-02 4.737E-02 
1.200E+01 1.583E-05 1.090E-02 2.521E-04 3.713E-02 3.487E-04 4.865E-02 4.863E-02 
1.300E+01 1.349E-05 1.027E-02 2.297E-04 3.898E-02 3.797E-04 4.987E-02 4.985E-02 
1.400E+01 1.163E-05 9.713E-03 2.109E-04 4.072E-02 4.093E-04 5.106E-02 5.105E-02 
1.500E+01 1.013E-05 9.223E-03 1.949E-04 4.232E-02 4.371E-04 5.218E-02 5.217E-02 
1.600E+01 8.906E-06 8.784E-03 1.811E-04 4.382E-02 4.632E-04 5.325E-02 5.324E-02 
1.800E+01 7.037E-06 8.029E-03 1.587E-04 4.650E-02 5.123E-04 5.520E-02 5.520E-02 
2.000E+01 5.701E-06 7.402E-03 1.411E-04 4.890E-02 5.565E-04 5.700E-02 5.700E-02 
2.200E+01 4.709E-06 6.877E-03 1.270E-04 5.109E-02 5.969E-04 5.869E-02 5.869E-02 
2.400E+01 3.957E-06 6.424E-03 1.155E-04 5.304E-02 6.341E-04 6.022E-02 6.021E-02 
2.600E+01 3.372E-06 6.035E-03 1.059E-04 5.488E-02 6.682E-04 6.169E-02 6.169E-02 
2.800E+01 2.908E-06 5.690E-03 9.772E-05 5.652E-02 6.999E-04 6.301E-02 6.301E-02 
3.000E+01 2.533E-06 5.391E-03 9.073E-05 5.805E-02 7.294E-04 6.426E-02 6.426E-02 
4.000E+01 1.425E-06 4.284E-03 6.679E-05 6.431E-02 8.506E-04 6.952E-02 6.952E-02 
5.000E+01 9.118E-07 3.574E-03 5.283E-05 6.894E-02 9.417E-04 7.351E-02 7.351E-02 
6.000E+01 6.334E-07 3.080E-03 4.371E-05 7.256E-02 1.013E-03 7.670E-02 7.670E-02 
8.000E+01 3.564E-07 2.429E-03 3.246E-05 7.785E-02 1.121E-03 8.144E-02 8.143E-02 
1.000E+02 2.280E-07 2.016E-03 2.582E-05 8.161E-02 1.199E-03 8.485E-02 8.485E-02 
1.500E+02 1.013E-07 1.436E-03 1.708E-05 8.753E-02 1.326E-03 9.031E-02 9.031E-02 
2.000E+02 5.701E-08 1.126E-03 1.276E-05 9.104E-02 1.405E-03 9.359E-02 9.359E-02 
3.000E+02 2.533E-08 7.980E-04 8.474E-06 9.511E-02 1.500E-03 9.742E-02 9.742E-02 
4.000E+02 1.425E-08 6.250E-04 6.344E-06 9.745E-02 1.557E-03 9.963E-02 9.963E-02 
5.000E+02 9.118E-09 5.172E-04 5.071E-06 9.898E-02 1.596E-03 1.011E-01 1.011E-01 
6.000E+02 6.330E-09 4.430E-04 4.221E-06 1.001E-01 1.625E-03 1.022E-01 1.022E-01 
8.000E+02 3.560E-09 3.459E-04 3.162E-06 1.015E-01 1.664E-03 1.035E-01 1.035E-01 
1.000E+03 2.280E-09 2.846E-04 2.529E-06 1.025E-01 1.690E-03 1.044E-01 1.044E-01 
1.500E+03 1.013E-09 1.988E-04 1.684E-06 1.038E-01 1.728E-03 1.057E-01 1.057E-01 
2.000E+03 5.701E-10 1.538E-04 1.263E-06 1.046E-01 1.750E-03 1.065E-01 1.065E-01 
3.000E+03 2.533E-10 1.069E-04 8.415E-07 1.054E-01 1.774E-03 1.073E-01 1.073E-01 
4.000E+03 1.425E-10 8.255E-05 6.310E-07 1.058E-01 1.788E-03 1.077E-01 1.077E-01 
5.000E+03 9.118E-11 6.752E-05 5.046E-07 1.061E-01 1.796E-03 1.079E-01 1.079E-01 
6.000E+03 6.330E-11 5.725E-05 4.208E-07 1.063E-01 1.802E-03 1.081E-01 1.081E-01 
8.000E+03 3.560E-11 4.409E-05 3.154E-07 1.065E-01 1.810E-03 1.083E-01 1.083E-01 
1.000E+04 2.280E-11 3.602E-05 2.523E-07 1.067E-01 1.816E-03 1.085E-01 1.085E-01 
1.500E+04 1.013E-11 2.488E-05 1.682E-07 1.069E-01 1.823E-03 1.087E-01 1.087E-01 
2.000E+04 5.701E-12 1.913E-05 1.262E-07 1.070E-01 1.826E-03 1.088E-01 1.088E-01 
3.000E+04 2.533E-12 1.319E-05 8.408E-08 1.071E-01 1.830E-03 1.090E-01 1.090E-01 
4.000E+04 1.425E-12 1.013E-05 6.306E-08 1.072E-01 1.833E-03 1.090E-01 1.090E-01 
5.000E+04 9.118E-13 8.248E-06 5.046E-08 1.072E-01 1.834E-03 1.091E-01 1.091E-01 
6.000E+04 6.330E-13 6.971E-06 4.204E-08 1.072E-01 1.835E-03 1.091E-01 1.091E-01 
8.000E+04 3.560E-13 5.346E-06 3.153E-08 1.073E-01 1.836E-03 1.091E-01 1.091E-01 
1.000E+05 2.280E-13 4.350E-06 2.523E-08 1.073E-01 1.837E-03 1.091E-01 1.091E-01 
