1.000E-03 1.206E+01 3.368E-03 4.421E+03 0.000E+00 0.000E+00 4.433E+03 4.421E+03 
1.500E-03 1.160E+01 6.211E-03 1.975E+03 0.000E+00 0.000E+00 1.986E+03 1.975E+03 
2.000E-03 1.106E+01 9.128E-03 1.069E+03 0.000E+00 0.000E+00 1.080E+03 1.069E+03 
2.122E-03 1.092E+01 9.835E-03 9.397E+02 0.000E+00 0.000E+00 9.506E+02 9.397E+02 
2.122E-03 1.092E+01 9.835E-03 1.019E+03 0.000E+00 0.000E+00 1.030E+03 1.019E+03 
2.161E-03 1.087E+01 1.007E-02 1.529E+03 0.000E+00 0.000E+00 1.539E+03 1.529E+03 
2.202E-03 1.083E+01 1.030E-02 2.293E+03 0.000E+00 0.000E+00 2.304E+03 2.293E+03 
2.202E-03 1.083E+01 1.030E-02 2.441E+03 0.000E+00 0.000E+00 2.452E+03 2.441E+03 
2.413E-03 1.059E+01 1.151E-02 2.366E+03 0.000E+00 0.000E+00 2.377E+03 2.366E+03 
2.645E-03 1.033E+01 1.282E-02 2.295E+03 0.000E+00 0.000E+00 2.305E+03 2.295E+03 
2.645E-03 1.033E+01 1.282E-02 2.651E+03 0.000E+00 0.000E+00 2.661E+03 2.651E+03 
3.000E-03 9.922E+00 1.481E-02 1.955E+03 0.000E+00 0.000E+00 1.965E+03 1.955E+03 
3.026E-03 9.891E+00 1.495E-02 1.913E+03 0.000E+00 0.000E+00 1.923E+03 1.913E+03 
3.026E-03 9.891E+00 1.495E-02 2.031E+03 0.000E+00 0.000E+00 2.041E+03 2.031E+03 
3.158E-03 9.742E+00 1.567E-02 1.837E+03 0.000E+00 0.000E+00 1.846E+03 1.837E+03 
3.296E-03 9.591E+00 1.642E-02 1.661E+03 0.000E+00 0.000E+00 1.670E+03 1.661E+03 
3.296E-03 9.591E+00 1.642E-02 1.732E+03 0.000E+00 0.000E+00 1.742E+03 1.732E+03 
4.000E-03 8.841E+00 2.017E-02 1.091E+03 0.000E+00 0.000E+00 1.100E+03 1.091E+03 
5.000E-03 7.887E+00 2.530E-02 6.322E+02 0.000E+00 0.000E+00 6.401E+02 6.322E+02 
6.000E-03 7.060E+00 3.019E-02 4.010E+02 0.000E+00 0.000E+00 4.081E+02 4.010E+02 
8.000E-03 5.739E+00 3.905E-02 1.929E+02 0.000E+00 0.000E+00 1.987E+02 1.930E+02 
1.000E-02 4.742E+00 4.649E-02 1.084E+02 0.000E+00 0.000E+00 1.132E+02 1.085E+02 
1.156E-02 4.124E+00 5.146E-02 7.427E+01 0.000E+00 0.000E+00 7.845E+01 7.432E+01 
1.156E-02 4.124E+00 5.146E-02 1.905E+02 0.000E+00 0.000E+00 1.946E+02 1.905E+02 
1.239E-02 3.838E+00 5.378E-02 1.582E+02 0.000E+00 0.000E+00 1.620E+02 1.582E+02 
1.327E-02 3.562E+00 5.612E-02 1.313E+02 0.000E+00 0.000E+00 1.349E+02 1.314E+02 
1.327E-02 3.562E+00 5.612E-02 1.818E+02 0.000E+00 0.000E+00 1.854E+02 1.818E+02 
1.357E-02 3.477E+00 5.691E-02 1.722E+02 0.000E+00 0.000E+00 1.758E+02 1.723E+02 
1.388E-02 3.393E+00 5.770E-02 1.631E+02 0.000E+00 0.000E+00 1.666E+02 1.632E+02 
1.388E-02 3.393E+00 5.770E-02 1.886E+02 0.000E+00 0.000E+00 1.921E+02 1.887E+02 
1.500E-02 3.109E+00 6.044E-02 1.546E+02 0.000E+00 0.000E+00 1.578E+02 1.547E+02 
2.000E-02 2.191E+00 7.060E-02 7.347E+01 0.000E+00 0.000E+00 7.573E+01 7.354E+01 
3.000E-02 1.294E+00 8.437E-02 2.504E+01 0.000E+00 0.000E+00 2.641E+01 2.512E+01 
4.000E-02 8.591E-01 9.233E-02 1.150E+01 0.000E+00 0.000E+00 1.245E+01 1.159E+01 
5.000E-02 6.091E-01 9.681E-02 6.248E+00 0.000E+00 0.000E+00 6.954E+00 6.345E+00 
6.000E-02 4.556E-01 9.928E-02 3.785E+00 0.000E+00 0.000E+00 4.340E+00 3.884E+00 
7.839E-02 2.962E-01 1.010E-01 1.806E+00 0.000E+00 0.000E+00 2.203E+00 1.907E+00 
7.839E-02 2.962E-01 1.010E-01 8.983E+00 0.000E+00 0.000E+00 9.380E+00 9.084E+00 
8.000E-02 2.865E-01 1.010E-01 8.344E+00 0.000E+00 0.000E+00 8.732E+00 8.445E+00 
1.000E-01 1.974E-01 1.006E-01 4.695E+00 0.000E+00 0.000E+00 4.993E+00 4.796E+00 
1.500E-01 9.690E-02 9.628E-02 1.602E+00 0.000E+00 0.000E+00 1.795E+00 1.698E+00 
2.000E-01 5.776E-02 9.091E-02 7.409E-01 0.000E+00 0.000E+00 8.896E-01 8.318E-01 
3.000E-01 2.751E-02 8.137E-02 2.536E-01 0.000E+00 0.000E+00 3.624E-01 3.349E-01 
4.000E-01 1.604E-02 7.396E-02 1.218E-01 0.000E+00 0.000E+00 2.118E-01 1.957E-01 
5.000E-01 1.048E-02 6.813E-02 7.060E-02 0.000E+00 0.000E+00 1.492E-01 1.387E-01 
6.000E-01 7.381E-03 6.335E-02 4.609E-02 0.000E+00 0.000E+00 1.168E-01 1.094E-01 
8.000E-01 4.226E-03 5.597E-02 2.437E-02 0.000E+00 0.000E+00 8.456E-02 8.033E-02 
1.000E+00 2.732E-03 5.050E-02 1.533E-02 0.000E+00 0.000E+00 6.857E-02 6.584E-02 
1.022E+00 2.617E-03 4.998E-02 1.468E-02 0.000E+00 0.000E+00 6.727E-02 6.465E-02 
1.250E+00 1.762E-03 4.526E-02 9.900E-03 3.510E-04 0.000E+00 5.727E-02 5.551E-02 
1.500E+00 1.229E-03 4.118E-02 7.054E-03 1.657E-03 0.000E+00 5.112E-02 4.989E-02 
2.000E+00 6.952E-04 3.519E-02 4.269E-03 5.066E-03 0.000E+00 4.522E-02 4.453E-02 
2.044E+00 6.656E-04 3.476E-02 4.115E-03 5.371E-03 0.000E+00 4.491E-02 4.425E-02 
3.000E+00 3.102E-04 2.772E-02 2.235E-03 1.132E-02 9.687E-06 4.160E-02 4.129E-02 
4.000E+00 1.748E-04 2.314E-02 1.465E-03 1.643E-02 3.948E-05 4.125E-02 4.107E-02 
5.000E+00 1.119E-04 1.999E-02 1.075E-03 2.071E-02 7.853E-05 4.196E-02 4.185E-02 
6.000E+00 7.776E-05 1.767E-02 8.431E-04 2.439E-02 1.204E-04 4.310E-02 4.303E-02 
7.000E+00 5.714E-05 1.588E-02 6.909E-04 2.764E-02 1.620E-04 4.443E-02 4.437E-02 
8.000E+00 4.377E-05 1.446E-02 5.838E-04 3.056E-02 2.022E-04 4.584E-02 4.580E-02 
9.000E+00 3.457E-05 1.329E-02 5.047E-04 3.322E-02 2.407E-04 4.729E-02 4.725E-02 
1.000E+01 2.801E-05 1.231E-02 4.442E-04 3.565E-02 2.771E-04 4.872E-02 4.869E-02 
1.100E+01 2.315E-05 1.149E-02 3.964E-04 3.791E-02 3.115E-04 5.013E-02 5.010E-02 
1.200E+01 1.946E-05 1.077E-02 3.575E-04 4.001E-02 3.439E-04 5.150E-02 5.148E-02 
1.300E+01 1.658E-05 1.015E-02 3.257E-04 4.198E-02 3.745E-04 5.285E-02 5.283E-02 
1.400E+01 1.430E-05 9.601E-03 2.989E-04 4.384E-02 4.032E-04 5.415E-02 5.414E-02 
1.500E+01 1.245E-05 9.116E-03 2.761E-04 4.553E-02 4.306E-04 5.537E-02 5.536E-02 
1.600E+01 1.095E-05 8.681E-03 2.565E-04 4.714E-02 4.566E-04 5.654E-02 5.653E-02 
1.800E+01 8.650E-06 7.934E-03 2.245E-04 5.001E-02 5.044E-04 5.868E-02 5.867E-02 
2.000E+01 7.004E-06 7.316E-03 1.996E-04 5.257E-02 5.479E-04 6.064E-02 6.064E-02 
2.200E+01 5.788E-06 6.795E-03 1.796E-04 5.492E-02 5.878E-04 6.249E-02 6.248E-02 
2.400E+01 4.865E-06 6.350E-03 1.633E-04 5.705E-02 6.242E-04 6.419E-02 6.419E-02 
2.600E+01 4.146E-06 5.964E-03 1.496E-04 5.896E-02 6.575E-04 6.574E-02 6.573E-02 
2.800E+01 3.575E-06 5.625E-03 1.381E-04 6.075E-02 6.884E-04 6.721E-02 6.720E-02 
3.000E+01 3.115E-06 5.328E-03 1.281E-04 6.239E-02 7.171E-04 6.856E-02 6.856E-02 
4.000E+01 1.752E-06 4.232E-03 9.428E-05 6.909E-02 8.353E-04 7.425E-02 7.425E-02 
5.000E+01 1.121E-06 3.535E-03 7.452E-05 7.406E-02 9.243E-04 7.859E-02 7.859E-02 
6.000E+01 7.785E-07 3.044E-03 6.162E-05 7.792E-02 9.943E-04 8.202E-02 8.202E-02 
8.000E+01 4.377E-07 2.401E-03 4.575E-05 8.360E-02 1.099E-03 8.714E-02 8.714E-02 
1.000E+02 2.802E-07 1.993E-03 3.640E-05 8.758E-02 1.174E-03 9.078E-02 9.078E-02 
1.500E+02 1.246E-07 1.419E-03 2.406E-05 9.388E-02 1.297E-03 9.662E-02 9.662E-02 
2.000E+02 7.004E-08 1.113E-03 1.797E-05 9.761E-02 1.372E-03 1.001E-01 1.001E-01 
3.000E+02 3.115E-08 7.887E-04 1.193E-05 1.020E-01 1.464E-03 1.042E-01 1.042E-01 
4.000E+02 1.752E-08 6.177E-04 8.931E-06 1.044E-01 1.518E-03 1.066E-01 1.066E-01 
5.000E+02 1.121E-08 5.112E-04 7.137E-06 1.061E-01 1.555E-03 1.081E-01 1.081E-01 
6.000E+02 7.785E-09 4.377E-04 5.942E-06 1.072E-01 1.582E-03 1.092E-01 1.092E-01 
8.000E+02 4.377E-09 3.420E-04 4.451E-06 1.088E-01 1.619E-03 1.107E-01 1.107E-01 
1.000E+03 2.802E-09 2.813E-04 3.559E-06 1.097E-01 1.643E-03 1.117E-01 1.117E-01 
1.500E+03 1.246E-09 1.965E-04 2.371E-06 1.112E-01 1.679E-03 1.131E-01 1.131E-01 
2.000E+03 7.004E-10 1.520E-04 1.777E-06 1.120E-01 1.699E-03 1.138E-01 1.138E-01 
3.000E+03 3.115E-10 1.057E-04 1.184E-06 1.128E-01 1.721E-03 1.147E-01 1.147E-01 
4.000E+03 1.752E-10 8.159E-05 8.881E-07 1.133E-01 1.734E-03 1.151E-01 1.151E-01 
5.000E+03 1.121E-10 6.671E-05 7.103E-07 1.136E-01 1.742E-03 1.154E-01 1.154E-01 
6.000E+03 7.785E-11 5.658E-05 5.921E-07 1.138E-01 1.747E-03 1.156E-01 1.156E-01 
8.000E+03 4.377E-11 4.359E-05 4.439E-07 1.140E-01 1.754E-03 1.158E-01 1.158E-01 
1.000E+04 2.802E-11 3.559E-05 3.550E-07 1.142E-01 1.759E-03 1.160E-01 1.160E-01 
1.500E+04 1.246E-11 2.459E-05 2.367E-07 1.144E-01 1.765E-03 1.162E-01 1.162E-01 
2.000E+04 7.004E-12 1.891E-05 1.775E-07 1.145E-01 1.769E-03 1.163E-01 1.163E-01 
3.000E+04 3.115E-12 1.304E-05 1.184E-07 1.147E-01 1.772E-03 1.165E-01 1.165E-01 
4.000E+04 1.752E-12 1.001E-05 8.875E-08 1.147E-01 1.774E-03 1.165E-01 1.165E-01 
5.000E+04 1.121E-12 8.153E-06 7.100E-08 1.148E-01 1.776E-03 1.166E-01 1.166E-01 
6.000E+04 7.785E-13 6.890E-06 5.918E-08 1.148E-01 1.777E-03 1.166E-01 1.166E-01 
8.000E+04 4.377E-13 5.285E-06 4.439E-08 1.148E-01 1.777E-03 1.166E-01 1.166E-01 
1.000E+05 2.802E-13 4.300E-06 3.550E-08 1.149E-01 1.778E-03 1.167E-01 1.167E-01 
