1.000E-03 1.189E+01 3.932E-03 4.229E+03 0.000E+00 0.000E+00 4.241E+03 4.229E+03 
1.500E-03 1.141E+01 6.999E-03 1.887E+03 0.000E+00 0.000E+00 1.898E+03 1.887E+03 
2.000E-03 1.087E+01 9.966E-03 1.021E+03 0.000E+00 0.000E+00 1.032E+03 1.021E+03 
2.040E-03 1.082E+01 1.020E-02 9.775E+02 0.000E+00 0.000E+00 9.883E+02 9.775E+02 
2.040E-03 1.082E+01 1.020E-02 1.052E+03 0.000E+00 0.000E+00 1.063E+03 1.052E+03 
2.078E-03 1.078E+01 1.042E-02 1.601E+03 0.000E+00 0.000E+00 1.612E+03 1.601E+03 
2.116E-03 1.073E+01 1.065E-02 2.434E+03 0.000E+00 0.000E+00 2.445E+03 2.434E+03 
2.116E-03 1.073E+01 1.065E-02 2.566E+03 0.000E+00 0.000E+00 2.577E+03 2.566E+03 
2.323E-03 1.051E+01 1.184E-02 2.488E+03 0.000E+00 0.000E+00 2.499E+03 2.488E+03 
2.551E-03 1.025E+01 1.312E-02 2.413E+03 0.000E+00 0.000E+00 2.424E+03 2.413E+03 
2.551E-03 1.025E+01 1.312E-02 2.789E+03 0.000E+00 0.000E+00 2.799E+03 2.789E+03 
2.724E-03 1.005E+01 1.409E-02 2.380E+03 0.000E+00 0.000E+00 2.390E+03 2.380E+03 
2.909E-03 9.844E+00 1.513E-02 2.031E+03 0.000E+00 0.000E+00 2.041E+03 2.031E+03 
2.909E-03 9.844E+00 1.513E-02 2.156E+03 0.000E+00 0.000E+00 2.166E+03 2.156E+03 
3.000E-03 9.743E+00 1.563E-02 2.002E+03 0.000E+00 0.000E+00 2.011E+03 2.002E+03 
3.174E-03 9.555E+00 1.659E-02 1.758E+03 0.000E+00 0.000E+00 1.767E+03 1.758E+03 
3.174E-03 9.555E+00 1.659E-02 1.833E+03 0.000E+00 0.000E+00 1.843E+03 1.833E+03 
4.000E-03 8.697E+00 2.103E-02 1.054E+03 0.000E+00 0.000E+00 1.063E+03 1.054E+03 
5.000E-03 7.770E+00 2.613E-02 6.100E+02 0.000E+00 0.000E+00 6.178E+02 6.100E+02 
6.000E-03 6.961E+00 3.098E-02 3.866E+02 0.000E+00 0.000E+00 3.936E+02 3.866E+02 
8.000E-03 5.658E+00 3.969E-02 1.857E+02 0.000E+00 0.000E+00 1.914E+02 1.858E+02 
1.000E-02 4.668E+00 4.699E-02 1.043E+02 0.000E+00 0.000E+00 1.090E+02 1.043E+02 
1.122E-02 4.182E+00 5.091E-02 7.732E+01 0.000E+00 0.000E+00 8.155E+01 7.737E+01 
1.122E-02 4.182E+00 5.091E-02 1.996E+02 0.000E+00 0.000E+00 2.038E+02 1.996E+02 
1.199E-02 3.901E+00 5.313E-02 1.665E+02 0.000E+00 0.000E+00 1.705E+02 1.666E+02 
1.282E-02 3.631E+00 5.539E-02 1.389E+02 0.000E+00 0.000E+00 1.426E+02 1.390E+02 
1.282E-02 3.631E+00 5.539E-02 1.923E+02 0.000E+00 0.000E+00 1.960E+02 1.923E+02 
1.312E-02 3.544E+00 5.619E-02 1.819E+02 0.000E+00 0.000E+00 1.855E+02 1.819E+02 
1.342E-02 3.459E+00 5.699E-02 1.721E+02 0.000E+00 0.000E+00 1.756E+02 1.721E+02 
1.342E-02 3.459E+00 5.699E-02 1.989E+02 0.000E+00 0.000E+00 2.025E+02 1.990E+02 
1.500E-02 3.053E+00 6.087E-02 1.499E+02 0.000E+00 0.000E+00 1.530E+02 1.500E+02 
2.000E-02 2.151E+00 7.109E-02 7.096E+01 0.000E+00 0.000E+00 7.318E+01 7.103E+01 
3.000E-02 1.271E+00 8.490E-02 2.410E+01 0.000E+00 0.000E+00 2.546E+01 2.419E+01 
4.000E-02 8.428E-01 9.283E-02 1.105E+01 0.000E+00 0.000E+00 1.199E+01 1.115E+01 
5.000E-02 5.968E-01 9.728E-02 6.000E+00 0.000E+00 0.000E+00 6.694E+00 6.097E+00 
6.000E-02 4.468E-01 9.975E-02 3.628E+00 0.000E+00 0.000E+00 4.174E+00 3.728E+00 
7.611E-02 3.048E-01 1.013E-01 1.878E+00 0.000E+00 0.000E+00 2.284E+00 1.979E+00 
7.611E-02 3.048E-01 1.013E-01 9.320E+00 0.000E+00 0.000E+00 9.727E+00 9.422E+00 
8.000E-02 2.809E-01 1.014E-01 8.202E+00 0.000E+00 0.000E+00 8.584E+00 8.303E+00 
1.000E-01 1.934E-01 1.010E-01 4.562E+00 0.000E+00 0.000E+00 4.856E+00 4.663E+00 
1.500E-01 9.483E-02 9.656E-02 1.549E+00 0.000E+00 0.000E+00 1.740E+00 1.645E+00 
2.000E-01 5.652E-02 9.117E-02 7.149E-01 0.000E+00 0.000E+00 8.626E-01 8.061E-01 
3.000E-01 2.690E-02 8.158E-02 2.441E-01 0.000E+00 0.000E+00 3.525E-01 3.256E-01 
4.000E-01 1.567E-02 7.413E-02 1.170E-01 0.000E+00 0.000E+00 2.068E-01 1.911E-01 
5.000E-01 1.024E-02 6.827E-02 6.777E-02 0.000E+00 0.000E+00 1.463E-01 1.360E-01 
6.000E-01 7.209E-03 6.350E-02 4.417E-02 0.000E+00 0.000E+00 1.149E-01 1.077E-01 
8.000E-01 4.126E-03 5.611E-02 2.334E-02 0.000E+00 0.000E+00 8.357E-02 7.945E-02 
1.000E+00 2.667E-03 5.060E-02 1.468E-02 0.000E+00 0.000E+00 6.794E-02 6.528E-02 
1.022E+00 2.555E-03 5.006E-02 1.405E-02 0.000E+00 0.000E+00 6.667E-02 6.412E-02 
1.250E+00 1.720E-03 4.533E-02 9.477E-03 3.440E-04 0.000E+00 5.687E-02 5.515E-02 
1.500E+00 1.200E-03 4.126E-02 6.755E-03 1.620E-03 0.000E+00 5.084E-02 4.964E-02 
2.000E+00 6.783E-04 3.528E-02 4.088E-03 4.972E-03 0.000E+00 4.502E-02 4.434E-02 
2.044E+00 6.495E-04 3.484E-02 3.941E-03 5.270E-03 0.000E+00 4.470E-02 4.405E-02 
3.000E+00 3.026E-04 2.778E-02 2.141E-03 1.116E-02 9.706E-06 4.139E-02 4.108E-02 
4.000E+00 1.705E-04 2.318E-02 1.404E-03 1.624E-02 3.957E-05 4.104E-02 4.087E-02 
5.000E+00 1.092E-04 2.003E-02 1.030E-03 2.050E-02 7.870E-05 4.174E-02 4.163E-02 
6.000E+00 7.585E-05 1.770E-02 8.083E-04 2.416E-02 1.206E-04 4.286E-02 4.279E-02 
7.000E+00 5.573E-05 1.591E-02 6.626E-04 2.739E-02 1.623E-04 4.418E-02 4.412E-02 
8.000E+00 4.270E-05 1.448E-02 5.602E-04 3.029E-02 2.027E-04 4.558E-02 4.554E-02 
9.000E+00 3.374E-05 1.331E-02 4.844E-04 3.293E-02 2.412E-04 4.700E-02 4.697E-02 
1.000E+01 2.733E-05 1.234E-02 4.261E-04 3.537E-02 2.777E-04 4.844E-02 4.841E-02 
1.100E+01 2.259E-05 1.151E-02 3.803E-04 3.760E-02 3.122E-04 4.982E-02 4.980E-02 
1.200E+01 1.898E-05 1.079E-02 3.431E-04 3.969E-02 3.446E-04 5.119E-02 5.118E-02 
1.300E+01 1.617E-05 1.017E-02 3.125E-04 4.164E-02 3.753E-04 5.251E-02 5.249E-02 
1.400E+01 1.394E-05 9.618E-03 2.868E-04 4.345E-02 4.041E-04 5.378E-02 5.376E-02 
1.500E+01 1.215E-05 9.133E-03 2.650E-04 4.518E-02 4.317E-04 5.502E-02 5.501E-02 
1.600E+01 1.068E-05 8.697E-03 2.462E-04 4.674E-02 4.577E-04 5.616E-02 5.614E-02 
1.800E+01 8.437E-06 7.948E-03 2.155E-04 4.963E-02 5.057E-04 5.830E-02 5.830E-02 
2.000E+01 6.833E-06 7.331E-03 1.916E-04 5.216E-02 5.492E-04 6.024E-02 6.024E-02 
2.200E+01 5.649E-06 6.808E-03 1.724E-04 5.448E-02 5.890E-04 6.206E-02 6.205E-02 
2.400E+01 4.746E-06 6.363E-03 1.567E-04 5.658E-02 6.256E-04 6.373E-02 6.373E-02 
2.600E+01 4.045E-06 5.975E-03 1.436E-04 5.852E-02 6.592E-04 6.530E-02 6.530E-02 
2.800E+01 3.487E-06 5.636E-03 1.326E-04 6.028E-02 6.902E-04 6.674E-02 6.674E-02 
3.000E+01 3.037E-06 5.335E-03 1.230E-04 6.191E-02 7.190E-04 6.809E-02 6.808E-02 
4.000E+01 1.708E-06 4.242E-03 9.051E-05 6.855E-02 8.377E-04 7.372E-02 7.372E-02 
5.000E+01 1.093E-06 3.540E-03 7.156E-05 7.350E-02 9.267E-04 7.804E-02 7.804E-02 
6.000E+01 7.594E-07 3.050E-03 5.918E-05 7.732E-02 9.969E-04 8.143E-02 8.143E-02 
8.000E+01 4.270E-07 2.405E-03 4.396E-05 8.293E-02 1.102E-03 8.648E-02 8.648E-02 
1.000E+02 2.733E-07 1.997E-03 3.493E-05 8.691E-02 1.177E-03 9.012E-02 9.012E-02 
1.500E+02 1.215E-07 1.422E-03 2.311E-05 9.317E-02 1.300E-03 9.592E-02 9.592E-02 
2.000E+02 6.833E-08 1.115E-03 1.726E-05 9.687E-02 1.377E-03 9.938E-02 9.938E-02 
3.000E+02 3.037E-08 7.901E-04 1.146E-05 1.012E-01 1.469E-03 1.035E-01 1.035E-01 
4.000E+02 1.708E-08 6.188E-04 8.578E-06 1.036E-01 1.524E-03 1.058E-01 1.058E-01 
5.000E+02 1.093E-08 5.122E-04 6.855E-06 1.052E-01 1.561E-03 1.073E-01 1.073E-01 
6.000E+02 7.594E-09 4.386E-04 5.708E-06 1.064E-01 1.589E-03 1.084E-01 1.084E-01 
8.000E+02 4.270E-09 3.424E-04 4.276E-06 1.079E-01 1.626E-03 1.099E-01 1.099E-01 
1.000E+03 2.733E-09 2.818E-04 3.418E-06 1.089E-01 1.651E-03 1.109E-01 1.109E-01 
1.500E+03 1.215E-09 1.968E-04 2.277E-06 1.103E-01 1.687E-03 1.122E-01 1.122E-01 
2.000E+03 6.833E-10 1.523E-04 1.707E-06 1.111E-01 1.708E-03 1.130E-01 1.130E-01 
3.000E+03 3.037E-10 1.059E-04 1.138E-06 1.120E-01 1.731E-03 1.138E-01 1.138E-01 
4.000E+03 1.708E-10 8.177E-05 8.531E-07 1.124E-01 1.744E-03 1.142E-01 1.142E-01 
5.000E+03 1.093E-10 6.686E-05 6.824E-07 1.127E-01 1.752E-03 1.145E-01 1.145E-01 
6.000E+03 7.594E-11 5.667E-05 5.686E-07 1.129E-01 1.758E-03 1.147E-01 1.147E-01 
8.000E+03 4.270E-11 4.367E-05 4.264E-07 1.132E-01 1.765E-03 1.150E-01 1.150E-01 
1.000E+04 2.733E-11 3.565E-05 3.412E-07 1.133E-01 1.770E-03 1.151E-01 1.151E-01 
1.500E+04 1.215E-11 2.464E-05 2.274E-07 1.135E-01 1.776E-03 1.153E-01 1.153E-01 
2.000E+04 6.833E-12 1.894E-05 1.705E-07 1.137E-01 1.780E-03 1.155E-01 1.155E-01 
3.000E+04 3.037E-12 1.306E-05 1.137E-07 1.138E-01 1.784E-03 1.156E-01 1.156E-01 
4.000E+04 1.708E-12 1.003E-05 8.525E-08 1.139E-01 1.786E-03 1.156E-01 1.156E-01 
5.000E+04 1.093E-12 8.168E-06 6.820E-08 1.139E-01 1.787E-03 1.157E-01 1.157E-01 
6.000E+04 7.594E-13 6.905E-06 5.683E-08 1.139E-01 1.788E-03 1.157E-01 1.157E-01 
8.000E+04 4.270E-13 5.295E-06 4.264E-08 1.140E-01 1.789E-03 1.158E-01 1.158E-01 
1.000E+05 2.733E-13 4.308E-06 3.409E-08 1.140E-01 1.790E-03 1.158E-01 1.158E-01 
