1.000E-03 1.291E+00 1.101E-02 3.310E+03 0.000E+00 0.000E+00 3.311E+03 3.310E+03 
1.500E-03 1.175E+00 2.235E-02 1.081E+03 0.000E+00 0.000E+00 1.083E+03 1.081E+03 
2.000E-03 1.046E+00 3.511E-02 4.759E+02 0.000E+00 0.000E+00 4.770E+02 4.760E+02 
3.000E-03 8.001E-01 5.985E-02 1.448E+02 0.000E+00 0.000E+00 1.456E+02 1.448E+02 
4.000E-03 6.110E-01 8.023E-02 6.097E+01 0.000E+00 0.000E+00 6.166E+01 6.105E+01 
5.000E-03 4.772E-01 9.566E-02 3.087E+01 0.000E+00 0.000E+00 3.144E+01 3.097E+01 
6.000E-03 3.838E-01 1.072E-01 1.759E+01 0.000E+00 0.000E+00 1.808E+01 1.770E+01 
8.000E-03 2.685E-01 1.229E-01 7.167E+00 0.000E+00 0.000E+00 7.559E+00 7.290E+00 
1.000E-02 2.030E-01 1.330E-01 3.543E+00 0.000E+00 0.000E+00 3.879E+00 3.676E+00 
1.500E-02 1.206E-01 1.483E-01 9.674E-01 0.000E+00 0.000E+00 1.236E+00 1.116E+00 
2.000E-02 8.040E-02 1.567E-01 3.808E-01 0.000E+00 0.000E+00 6.179E-01 5.375E-01 
3.000E-02 4.230E-02 1.634E-01 1.010E-01 0.000E+00 0.000E+00 3.066E-01 2.643E-01 
4.000E-02 2.584E-02 1.639E-01 3.907E-02 0.000E+00 0.000E+00 2.288E-01 2.029E-01 
5.000E-02 1.738E-02 1.619E-01 1.866E-02 0.000E+00 0.000E+00 1.980E-01 1.806E-01 
6.000E-02 1.247E-02 1.591E-01 1.019E-02 0.000E+00 0.000E+00 1.817E-01 1.693E-01 
8.000E-02 7.296E-03 1.527E-01 3.919E-03 0.000E+00 0.000E+00 1.639E-01 1.566E-01 
1.000E-01 4.768E-03 1.463E-01 1.869E-03 0.000E+00 0.000E+00 1.529E-01 1.482E-01 
1.500E-01 2.170E-03 1.326E-01 4.919E-04 0.000E+00 0.000E+00 1.353E-01 1.331E-01 
2.000E-01 1.231E-03 1.218E-01 1.942E-04 0.000E+00 0.000E+00 1.233E-01 1.220E-01 
3.000E-01 5.508E-04 1.062E-01 5.460E-05 0.000E+00 0.000E+00 1.068E-01 1.063E-01 
4.000E-01 3.105E-04 9.523E-02 2.334E-05 0.000E+00 0.000E+00 9.557E-02 9.526E-02 
5.000E-01 1.989E-04 8.698E-02 1.256E-05 0.000E+00 0.000E+00 8.719E-02 8.699E-02 
6.000E-01 1.382E-04 8.049E-02 7.821E-06 0.000E+00 0.000E+00 8.063E-02 8.049E-02 
8.000E-01 7.778E-05 7.073E-02 3.946E-06 0.000E+00 0.000E+00 7.081E-02 7.073E-02 
1.000E+00 4.979E-05 6.359E-02 2.452E-06 0.000E+00 0.000E+00 6.364E-02 6.359E-02 
1.022E+00 4.768E-05 6.294E-02 2.276E-06 0.000E+00 0.000E+00 6.299E-02 6.295E-02 
1.250E+00 3.188E-05 5.688E-02 1.545E-06 1.690E-05 0.000E+00 5.693E-02 5.690E-02 
1.500E+00 2.214E-05 5.168E-02 1.122E-06 9.360E-05 0.000E+00 5.180E-02 5.177E-02 
2.000E+00 1.246E-05 4.411E-02 7.064E-07 3.726E-04 0.000E+00 4.450E-02 4.449E-02 
2.044E+00 1.192E-05 4.355E-02 6.836E-07 4.017E-04 0.000E+00 4.397E-02 4.396E-02 
3.000E+00 5.533E-06 3.471E-02 3.955E-07 1.066E-03 1.214E-05 3.579E-02 3.579E-02 
4.000E+00 3.114E-06 2.895E-02 2.719E-07 1.730E-03 4.957E-05 3.074E-02 3.073E-02 
5.000E+00 1.993E-06 2.500E-02 2.063E-07 2.321E-03 9.880E-05 2.742E-02 2.742E-02 
6.000E+00 1.384E-06 2.210E-02 1.660E-07 2.853E-03 1.517E-04 2.511E-02 2.510E-02 
7.000E+00 1.017E-06 1.986E-02 1.387E-07 3.326E-03 2.046E-04 2.340E-02 2.339E-02 
8.000E+00 7.786E-07 1.808E-02 1.191E-07 3.754E-03 2.559E-04 2.209E-02 2.209E-02 
9.000E+00 6.153E-07 1.662E-02 1.043E-07 4.142E-03 3.051E-04 2.106E-02 2.106E-02 
1.000E+01 4.983E-07 1.540E-02 9.274E-08 4.493E-03 3.520E-04 2.024E-02 2.024E-02 
1.100E+01 4.118E-07 1.436E-02 8.350E-08 4.815E-03 3.965E-04 1.957E-02 1.957E-02 
1.200E+01 3.460E-07 1.347E-02 7.593E-08 5.108E-03 4.385E-04 1.901E-02 1.901E-02 
1.300E+01 2.948E-07 1.269E-02 6.961E-08 5.383E-03 4.785E-04 1.855E-02 1.855E-02 
1.400E+01 2.542E-07 1.200E-02 6.423E-08 5.637E-03 5.164E-04 1.816E-02 1.816E-02 
1.500E+01 2.214E-07 1.139E-02 5.963E-08 5.877E-03 5.525E-04 1.782E-02 1.782E-02 
1.600E+01 1.946E-07 1.085E-02 5.568E-08 6.101E-03 5.869E-04 1.754E-02 1.754E-02 
1.800E+01 1.538E-07 9.919E-03 4.910E-08 6.509E-03 6.509E-04 1.708E-02 1.708E-02 
2.000E+01 1.246E-07 9.145E-03 4.394E-08 6.875E-03 7.094E-04 1.673E-02 1.673E-02 
2.200E+01 1.029E-07 8.496E-03 3.973E-08 7.210E-03 7.636E-04 1.647E-02 1.647E-02 
2.400E+01 8.651E-08 7.937E-03 3.627E-08 7.511E-03 8.135E-04 1.626E-02 1.626E-02 
2.600E+01 7.369E-08 7.455E-03 3.336E-08 7.791E-03 8.599E-04 1.611E-02 1.611E-02 
2.800E+01 6.355E-08 7.034E-03 3.088E-08 8.044E-03 9.033E-04 1.598E-02 1.598E-02 
3.000E+01 5.538E-08 6.660E-03 2.875E-08 8.281E-03 9.437E-04 1.588E-02 1.588E-02 
4.000E+01 3.114E-08 5.293E-03 2.136E-08 9.257E-03 1.114E-03 1.566E-02 1.566E-02 
5.000E+01 1.993E-08 4.416E-03 1.699E-08 9.996E-03 1.247E-03 1.566E-02 1.566E-02 
6.000E+01 1.384E-08 3.805E-03 1.411E-08 1.059E-02 1.354E-03 1.575E-02 1.575E-02 
8.000E+01 7.782E-09 3.001E-03 1.053E-08 1.147E-02 1.522E-03 1.599E-02 1.599E-02 
1.000E+02 4.983E-09 2.491E-03 8.401E-09 1.212E-02 1.648E-03 1.626E-02 1.626E-02 
1.500E+02 2.214E-09 1.774E-03 5.581E-09 1.320E-02 1.866E-03 1.684E-02 1.684E-02 
2.000E+02 1.245E-09 1.391E-03 4.177E-09 1.388E-02 2.010E-03 1.728E-02 1.728E-02 
3.000E+02 5.533E-10 9.859E-04 2.780E-09 1.470E-02 2.194E-03 1.787E-02 1.787E-02 
4.000E+02 3.113E-10 7.722E-04 2.083E-09 1.518E-02 2.308E-03 1.826E-02 1.826E-02 
5.000E+02 1.992E-10 6.389E-04 1.665E-09 1.550E-02 2.388E-03 1.853E-02 1.853E-02 
6.000E+02 1.384E-10 5.473E-04 1.387E-09 1.573E-02 2.447E-03 1.873E-02 1.873E-02 
8.000E+02 7.782E-11 4.274E-04 1.040E-09 1.604E-02 2.530E-03 1.900E-02 1.900E-02 
1.000E+03 4.983E-11 3.516E-04 8.315E-10 1.625E-02 2.586E-03 1.918E-02 1.918E-02 
1.500E+03 2.214E-11 2.455E-04 5.542E-10 1.654E-02 2.670E-03 1.946E-02 1.946E-02 
2.000E+03 1.245E-11 1.900E-04 4.156E-10 1.671E-02 2.717E-03 1.962E-02 1.962E-02 
3.000E+03 5.533E-12 1.321E-04 2.770E-10 1.689E-02 2.770E-03 1.979E-02 1.979E-02 
4.000E+03 3.113E-12 1.020E-04 2.077E-10 1.699E-02 2.801E-03 1.989E-02 1.989E-02 
5.000E+03 1.992E-12 8.341E-05 1.662E-10 1.705E-02 2.820E-03 1.995E-02 1.995E-02 
6.000E+03 1.384E-12 7.073E-05 1.385E-10 1.709E-02 2.833E-03 1.999E-02 1.999E-02 
8.000E+03 7.782E-13 5.447E-05 1.038E-10 1.715E-02 2.851E-03 2.005E-02 2.005E-02 
1.000E+04 4.983E-13 4.450E-05 8.307E-11 1.718E-02 2.863E-03 2.009E-02 2.009E-02 
1.500E+04 2.214E-13 3.074E-05 5.538E-11 1.723E-02 2.878E-03 2.014E-02 2.014E-02 
2.000E+04 1.245E-13 2.363E-05 4.154E-11 1.726E-02 2.887E-03 2.017E-02 2.017E-02 
3.000E+04 5.533E-14 1.630E-05 2.769E-11 1.728E-02 2.896E-03 2.020E-02 2.020E-02 
4.000E+04 3.113E-14 1.252E-05 2.077E-11 1.730E-02 2.901E-03 2.021E-02 2.021E-02 
5.000E+04 1.992E-14 1.019E-05 1.661E-11 1.731E-02 2.904E-03 2.022E-02 2.022E-02 
6.000E+04 1.384E-14 8.612E-06 1.384E-11 1.731E-02 2.906E-03 2.023E-02 2.023E-02 
8.000E+04 7.782E-15 6.604E-06 1.038E-11 1.732E-02 2.909E-03 2.024E-02 2.024E-02 
1.000E+05 4.983E-15 5.374E-06 8.307E-12 1.733E-02 2.911E-03 2.024E-02 2.024E-02 
