1.000E-03 1.130E+01 4.486E-03 3.498E+03 0.000E+00 0.000E+00 3.509E+03 3.498E+03 
1.500E-03 1.082E+01 7.698E-03 1.556E+03 0.000E+00 0.000E+00 1.566E+03 1.556E+03 
1.735E-03 1.058E+01 9.139E-03 1.144E+03 0.000E+00 0.000E+00 1.154E+03 1.144E+03 
1.735E-03 1.058E+01 9.139E-03 1.393E+03 0.000E+00 0.000E+00 1.403E+03 1.393E+03 
1.764E-03 1.055E+01 9.314E-03 2.057E+03 0.000E+00 0.000E+00 2.067E+03 2.057E+03 
1.793E-03 1.052E+01 9.492E-03 3.034E+03 0.000E+00 0.000E+00 3.044E+03 3.034E+03 
1.793E-03 1.052E+01 9.492E-03 3.371E+03 0.000E+00 0.000E+00 3.382E+03 3.371E+03 
2.000E-03 1.030E+01 1.075E-02 3.761E+03 0.000E+00 0.000E+00 3.771E+03 3.761E+03 
2.194E-03 1.008E+01 1.192E-02 2.975E+03 0.000E+00 0.000E+00 2.985E+03 2.975E+03 
2.194E-03 1.008E+01 1.192E-02 3.455E+03 0.000E+00 0.000E+00 3.465E+03 3.455E+03 
2.327E-03 9.952E+00 1.272E-02 2.993E+03 0.000E+00 0.000E+00 3.003E+03 2.993E+03 
2.469E-03 9.811E+00 1.355E-02 2.595E+03 0.000E+00 0.000E+00 2.604E+03 2.595E+03 
2.469E-03 9.811E+00 1.355E-02 2.758E+03 0.000E+00 0.000E+00 2.767E+03 2.758E+03 
2.586E-03 9.687E+00 1.424E-02 2.476E+03 0.000E+00 0.000E+00 2.486E+03 2.476E+03 
2.708E-03 9.555E+00 1.496E-02 2.224E+03 0.000E+00 0.000E+00 2.233E+03 2.224E+03 
2.708E-03 9.555E+00 1.496E-02 2.320E+03 0.000E+00 0.000E+00 2.329E+03 2.320E+03 
3.000E-03 9.249E+00 1.666E-02 1.829E+03 0.000E+00 0.000E+00 1.838E+03 1.829E+03 
4.000E-03 8.274E+00 2.227E-02 9.139E+02 0.000E+00 0.000E+00 9.222E+02 9.139E+02 
5.000E-03 7.388E+00 2.755E-02 5.255E+02 0.000E+00 0.000E+00 5.329E+02 5.255E+02 
6.000E-03 6.610E+00 3.246E-02 3.316E+02 0.000E+00 0.000E+00 3.382E+02 3.316E+02 
8.000E-03 5.338E+00 4.107E-02 1.585E+02 0.000E+00 0.000E+00 1.639E+02 1.586E+02 
9.881E-03 4.426E+00 4.789E-02 9.152E+01 0.000E+00 0.000E+00 9.600E+01 9.157E+01 
9.881E-03 4.426E+00 4.789E-02 2.393E+02 0.000E+00 0.000E+00 2.437E+02 2.393E+02 
1.000E-02 4.376E+00 4.829E-02 2.335E+02 0.000E+00 0.000E+00 2.379E+02 2.335E+02 
1.114E-02 3.934E+00 5.192E-02 1.751E+02 0.000E+00 0.000E+00 1.790E+02 1.751E+02 
1.114E-02 3.934E+00 5.192E-02 2.409E+02 0.000E+00 0.000E+00 2.449E+02 2.410E+02 
1.141E-02 3.838E+00 5.275E-02 2.273E+02 0.000E+00 0.000E+00 2.312E+02 2.274E+02 
1.168E-02 3.744E+00 5.358E-02 2.145E+02 0.000E+00 0.000E+00 2.183E+02 2.145E+02 
1.168E-02 3.744E+00 5.358E-02 2.479E+02 0.000E+00 0.000E+00 2.517E+02 2.480E+02 
1.500E-02 2.832E+00 6.240E-02 1.311E+02 0.000E+00 0.000E+00 1.340E+02 1.312E+02 
2.000E-02 1.999E+00 7.302E-02 6.127E+01 0.000E+00 0.000E+00 6.334E+01 6.134E+01 
3.000E-02 1.182E+00 8.706E-02 2.060E+01 0.000E+00 0.000E+00 2.187E+01 2.069E+01 
4.000E-02 7.781E-01 9.485E-02 9.382E+00 0.000E+00 0.000E+00 1.025E+01 9.477E+00 
5.000E-02 5.501E-01 9.918E-02 5.069E+00 0.000E+00 0.000E+00 5.718E+00 5.168E+00 
6.000E-02 4.124E-01 1.015E-01 3.055E+00 0.000E+00 0.000E+00 3.569E+00 3.156E+00 
6.742E-02 3.418E-01 1.024E-01 2.208E+00 0.000E+00 0.000E+00 2.652E+00 2.310E+00 
6.742E-02 3.418E-01 1.024E-01 1.136E+01 0.000E+00 0.000E+00 1.180E+01 1.146E+01 
8.000E-02 2.589E-01 1.030E-01 7.225E+00 0.000E+00 0.000E+00 7.587E+00 7.328E+00 
1.000E-01 1.777E-01 1.025E-01 4.020E+00 0.000E+00 0.000E+00 4.300E+00 4.123E+00 
1.500E-01 8.686E-02 9.771E-02 1.346E+00 0.000E+00 0.000E+00 1.531E+00 1.444E+00 
2.000E-01 5.175E-02 9.212E-02 6.160E-01 0.000E+00 0.000E+00 7.599E-01 7.082E-01 
3.000E-01 2.455E-02 8.237E-02 2.080E-01 0.000E+00 0.000E+00 3.149E-01 2.904E-01 
4.000E-01 1.427E-02 7.478E-02 9.901E-02 0.000E+00 0.000E+00 1.881E-01 1.738E-01 
5.000E-01 9.312E-03 6.886E-02 5.708E-02 0.000E+00 0.000E+00 1.352E-01 1.259E-01 
6.000E-01 6.550E-03 6.400E-02 3.708E-02 0.000E+00 0.000E+00 1.076E-01 1.011E-01 
8.000E-01 3.744E-03 5.654E-02 1.952E-02 0.000E+00 0.000E+00 7.981E-02 7.607E-02 
1.000E+00 2.418E-03 5.099E-02 1.226E-02 0.000E+00 0.000E+00 6.566E-02 6.325E-02 
1.022E+00 2.316E-03 5.045E-02 1.173E-02 0.000E+00 0.000E+00 6.451E-02 6.219E-02 
1.250E+00 1.558E-03 4.566E-02 7.914E-03 3.160E-04 0.000E+00 5.545E-02 5.389E-02 
1.500E+00 1.086E-03 4.157E-02 5.644E-03 1.476E-03 0.000E+00 4.977E-02 4.869E-02 
2.000E+00 6.137E-04 3.551E-02 3.418E-03 4.593E-03 0.000E+00 4.414E-02 4.352E-02 
2.044E+00 5.877E-04 3.508E-02 3.295E-03 4.876E-03 0.000E+00 4.384E-02 4.325E-02 
3.000E+00 2.737E-04 2.798E-02 1.794E-03 1.052E-02 9.778E-06 4.057E-02 4.030E-02 
4.000E+00 1.542E-04 2.335E-02 1.178E-03 1.546E-02 3.987E-05 4.018E-02 4.003E-02 
5.000E+00 9.871E-05 2.017E-02 8.653E-04 1.961E-02 7.928E-05 4.082E-02 4.073E-02 
6.000E+00 6.859E-05 1.783E-02 6.793E-04 2.318E-02 1.216E-04 4.188E-02 4.181E-02 
7.000E+00 5.039E-05 1.602E-02 5.571E-04 2.633E-02 1.636E-04 4.312E-02 4.307E-02 
8.000E+00 3.861E-05 1.459E-02 4.713E-04 2.916E-02 2.043E-04 4.446E-02 4.442E-02 
9.000E+00 3.049E-05 1.341E-02 4.077E-04 3.173E-02 2.431E-04 4.582E-02 4.579E-02 
1.000E+01 2.470E-05 1.242E-02 3.591E-04 3.408E-02 2.799E-04 4.717E-02 4.714E-02 
1.100E+01 2.042E-05 1.159E-02 3.204E-04 3.628E-02 3.147E-04 4.852E-02 4.850E-02 
1.200E+01 1.716E-05 1.087E-02 2.892E-04 3.831E-02 3.475E-04 4.983E-02 4.981E-02 
1.300E+01 1.462E-05 1.024E-02 2.634E-04 4.020E-02 3.784E-04 5.110E-02 5.109E-02 
1.400E+01 1.261E-05 9.688E-03 2.418E-04 4.200E-02 4.077E-04 5.235E-02 5.234E-02 
1.500E+01 1.098E-05 9.199E-03 2.234E-04 4.363E-02 4.353E-04 5.350E-02 5.349E-02 
1.600E+01 9.652E-06 8.760E-03 2.076E-04 4.516E-02 4.616E-04 5.460E-02 5.459E-02 
1.800E+01 7.625E-06 8.004E-03 1.818E-04 4.796E-02 5.102E-04 5.666E-02 5.665E-02 
2.000E+01 6.177E-06 7.382E-03 1.617E-04 5.042E-02 5.541E-04 5.852E-02 5.852E-02 
2.200E+01 5.105E-06 6.856E-03 1.456E-04 5.265E-02 5.944E-04 6.025E-02 6.025E-02 
2.400E+01 4.290E-06 6.407E-03 1.323E-04 5.468E-02 6.313E-04 6.186E-02 6.185E-02 
2.600E+01 3.654E-06 6.017E-03 1.213E-04 5.654E-02 6.653E-04 6.335E-02 6.335E-02 
2.800E+01 3.151E-06 5.674E-03 1.119E-04 5.828E-02 6.969E-04 6.476E-02 6.476E-02 
3.000E+01 2.745E-06 5.375E-03 1.039E-04 5.984E-02 7.259E-04 6.605E-02 6.604E-02 
4.000E+01 1.544E-06 4.270E-03 7.648E-05 6.630E-02 8.463E-04 7.149E-02 7.149E-02 
5.000E+01 9.884E-07 3.564E-03 6.047E-05 7.106E-02 9.365E-04 7.562E-02 7.562E-02 
6.000E+01 6.863E-07 3.072E-03 5.002E-05 7.478E-02 1.008E-03 7.891E-02 7.891E-02 
8.000E+01 3.861E-07 2.423E-03 3.714E-05 8.021E-02 1.114E-03 8.378E-02 8.378E-02 
1.000E+02 2.471E-07 2.011E-03 2.955E-05 8.407E-02 1.191E-03 8.730E-02 8.730E-02 
1.500E+02 1.098E-07 1.432E-03 1.954E-05 9.013E-02 1.317E-03 9.289E-02 9.289E-02 
2.000E+02 6.177E-08 1.123E-03 1.460E-05 9.375E-02 1.394E-03 9.628E-02 9.628E-02 
3.000E+02 2.745E-08 7.957E-04 9.695E-06 9.791E-02 1.489E-03 1.002E-01 1.002E-01 
4.000E+02 1.544E-08 6.234E-04 7.255E-06 1.003E-01 1.545E-03 1.025E-01 1.025E-01 
5.000E+02 9.884E-09 5.159E-04 5.798E-06 1.019E-01 1.583E-03 1.040E-01 1.040E-01 
6.000E+02 6.863E-09 4.416E-04 4.829E-06 1.030E-01 1.611E-03 1.051E-01 1.051E-01 
8.000E+02 3.861E-09 3.451E-04 3.618E-06 1.045E-01 1.650E-03 1.065E-01 1.065E-01 
1.000E+03 2.471E-09 2.838E-04 2.892E-06 1.055E-01 1.675E-03 1.074E-01 1.074E-01 
1.500E+03 1.098E-09 1.982E-04 1.927E-06 1.068E-01 1.713E-03 1.087E-01 1.087E-01 
2.000E+03 6.177E-10 1.534E-04 1.444E-06 1.076E-01 1.734E-03 1.095E-01 1.095E-01 
3.000E+03 2.745E-10 1.067E-04 9.625E-07 1.084E-01 1.758E-03 1.103E-01 1.103E-01 
4.000E+03 1.544E-10 8.234E-05 7.219E-07 1.089E-01 1.772E-03 1.107E-01 1.107E-01 
5.000E+03 9.884E-11 6.733E-05 5.774E-07 1.091E-01 1.780E-03 1.110E-01 1.110E-01 
6.000E+03 6.863E-11 5.708E-05 4.809E-07 1.093E-01 1.786E-03 1.112E-01 1.112E-01 
8.000E+03 3.861E-11 4.400E-05 3.608E-07 1.096E-01 1.794E-03 1.114E-01 1.114E-01 
1.000E+04 2.471E-11 3.591E-05 2.886E-07 1.097E-01 1.799E-03 1.116E-01 1.116E-01 
1.500E+04 1.098E-11 2.482E-05 1.924E-07 1.100E-01 1.805E-03 1.118E-01 1.118E-01 
2.000E+04 6.177E-12 1.908E-05 1.443E-07 1.101E-01 1.809E-03 1.119E-01 1.119E-01 
3.000E+04 2.745E-12 1.316E-05 9.618E-08 1.102E-01 1.813E-03 1.120E-01 1.120E-01 
4.000E+04 1.544E-12 1.010E-05 7.212E-08 1.103E-01 1.815E-03 1.121E-01 1.121E-01 
5.000E+04 9.884E-13 8.227E-06 5.771E-08 1.103E-01 1.817E-03 1.121E-01 1.121E-01 
6.000E+04 6.863E-13 6.952E-06 4.809E-08 1.103E-01 1.818E-03 1.122E-01 1.122E-01 
8.000E+04 3.861E-13 5.332E-06 3.608E-08 1.104E-01 1.819E-03 1.122E-01 1.122E-01 
1.000E+05 2.471E-13 4.337E-06 2.885E-08 1.104E-01 1.819E-03 1.122E-01 1.122E-01 
