1.000E-03 1.162E+01 4.208E-03 3.862E+03 0.000E+00 0.000E+00 3.873E+03 3.862E+03 
1.500E-03 1.114E+01 7.345E-03 1.718E+03 0.000E+00 0.000E+00 1.729E+03 1.718E+03 
1.823E-03 1.080E+01 9.279E-03 1.136E+03 0.000E+00 0.000E+00 1.147E+03 1.136E+03 
1.823E-03 1.080E+01 9.279E-03 1.137E+03 0.000E+00 0.000E+00 1.148E+03 1.137E+03 
1.885E-03 1.073E+01 9.650E-03 1.738E+03 0.000E+00 0.000E+00 1.749E+03 1.738E+03 
1.949E-03 1.065E+01 1.003E-02 2.645E+03 0.000E+00 0.000E+00 2.656E+03 2.645E+03 
1.949E-03 1.065E+01 1.003E-02 2.730E+03 0.000E+00 0.000E+00 2.741E+03 2.730E+03 
2.000E-03 1.059E+01 1.033E-02 3.761E+03 0.000E+00 0.000E+00 3.772E+03 3.761E+03 
2.367E-03 1.018E+01 1.248E-02 2.685E+03 0.000E+00 0.000E+00 2.695E+03 2.685E+03 
2.367E-03 1.018E+01 1.248E-02 3.113E+03 0.000E+00 0.000E+00 3.123E+03 3.113E+03 
2.520E-03 1.002E+01 1.334E-02 2.675E+03 0.000E+00 0.000E+00 2.686E+03 2.675E+03 
2.682E-03 9.851E+00 1.425E-02 2.299E+03 0.000E+00 0.000E+00 2.309E+03 2.299E+03 
2.682E-03 9.851E+00 1.425E-02 2.444E+03 0.000E+00 0.000E+00 2.454E+03 2.444E+03 
2.804E-03 9.719E+00 1.494E-02 2.201E+03 0.000E+00 0.000E+00 2.211E+03 2.201E+03 
2.932E-03 9.579E+00 1.566E-02 1.983E+03 0.000E+00 0.000E+00 1.992E+03 1.983E+03 
2.932E-03 9.579E+00 1.566E-02 2.068E+03 0.000E+00 0.000E+00 2.078E+03 2.068E+03 
3.000E-03 9.505E+00 1.604E-02 1.962E+03 0.000E+00 0.000E+00 1.972E+03 1.962E+03 
4.000E-03 8.493E+00 2.151E-02 9.858E+02 0.000E+00 0.000E+00 9.943E+02 9.858E+02 
5.000E-03 7.590E+00 2.672E-02 5.682E+02 0.000E+00 0.000E+00 5.759E+02 5.683E+02 
6.000E-03 6.798E+00 3.164E-02 3.590E+02 0.000E+00 0.000E+00 3.658E+02 3.590E+02 
8.000E-03 5.511E+00 4.036E-02 1.722E+02 0.000E+00 0.000E+00 1.778E+02 1.723E+02 
1.000E-02 4.534E+00 4.767E-02 9.654E+01 0.000E+00 0.000E+00 1.011E+02 9.659E+01 
1.054E-02 4.314E+00 4.942E-02 8.422E+01 0.000E+00 0.000E+00 8.858E+01 8.427E+01 
1.054E-02 4.314E+00 4.942E-02 2.190E+02 0.000E+00 0.000E+00 2.234E+02 2.191E+02 
1.122E-02 4.050E+00 5.158E-02 1.849E+02 0.000E+00 0.000E+00 1.890E+02 1.850E+02 
1.196E-02 3.794E+00 5.378E-02 1.561E+02 0.000E+00 0.000E+00 1.600E+02 1.562E+02 
1.196E-02 3.794E+00 5.378E-02 2.154E+02 0.000E+00 0.000E+00 2.192E+02 2.154E+02 
1.224E-02 3.702E+00 5.459E-02 2.036E+02 0.000E+00 0.000E+00 2.073E+02 2.036E+02 
1.253E-02 3.612E+00 5.540E-02 1.925E+02 0.000E+00 0.000E+00 1.961E+02 1.925E+02 
1.253E-02 3.612E+00 5.540E-02 2.225E+02 0.000E+00 0.000E+00 2.262E+02 2.226E+02 
1.500E-02 2.948E+00 6.171E-02 1.410E+02 0.000E+00 0.000E+00 1.440E+02 1.411E+02 
2.000E-02 2.079E+00 7.212E-02 6.620E+01 0.000E+00 0.000E+00 6.835E+01 6.627E+01 
3.000E-02 1.229E+00 8.612E-02 2.236E+01 0.000E+00 0.000E+00 2.368E+01 2.245E+01 
4.000E-02 8.118E-01 9.402E-02 1.022E+01 0.000E+00 0.000E+00 1.113E+01 1.031E+01 
5.000E-02 5.744E-01 9.838E-02 5.534E+00 0.000E+00 0.000E+00 6.206E+00 5.632E+00 
6.000E-02 4.301E-01 1.008E-01 3.341E+00 0.000E+00 0.000E+00 3.872E+00 3.442E+00 
7.168E-02 3.237E-01 1.021E-01 2.038E+00 0.000E+00 0.000E+00 2.464E+00 2.141E+00 
7.168E-02 3.237E-01 1.021E-01 1.031E+01 0.000E+00 0.000E+00 1.073E+01 1.041E+01 
8.000E-02 2.703E-01 1.024E-01 7.697E+00 0.000E+00 0.000E+00 8.070E+00 7.800E+00 
1.000E-01 1.858E-01 1.019E-01 4.298E+00 0.000E+00 0.000E+00 4.586E+00 4.400E+00 
1.500E-01 9.098E-02 9.735E-02 1.449E+00 0.000E+00 0.000E+00 1.637E+00 1.546E+00 
2.000E-01 5.420E-02 9.182E-02 6.659E-01 0.000E+00 0.000E+00 8.119E-01 7.577E-01 
3.000E-01 2.576E-02 8.211E-02 2.261E-01 0.000E+00 0.000E+00 3.339E-01 3.082E-01 
4.000E-01 1.499E-02 7.461E-02 1.080E-01 0.000E+00 0.000E+00 1.976E-01 1.826E-01 
5.000E-01 9.790E-03 6.869E-02 6.239E-02 0.000E+00 0.000E+00 1.409E-01 1.311E-01 
6.000E-01 6.889E-03 6.387E-02 4.062E-02 0.000E+00 0.000E+00 1.114E-01 1.045E-01 
8.000E-01 3.939E-03 5.644E-02 2.142E-02 0.000E+00 0.000E+00 8.179E-02 7.785E-02 
1.000E+00 2.545E-03 5.087E-02 1.346E-02 0.000E+00 0.000E+00 6.688E-02 6.433E-02 
1.022E+00 2.439E-03 5.036E-02 1.288E-02 0.000E+00 0.000E+00 6.568E-02 6.324E-02 
1.250E+00 1.641E-03 4.560E-02 8.687E-03 3.305E-04 0.000E+00 5.626E-02 5.462E-02 
1.500E+00 1.144E-03 4.149E-02 6.193E-03 1.550E-03 0.000E+00 5.038E-02 4.924E-02 
2.000E+00 6.468E-04 3.545E-02 3.748E-03 4.790E-03 0.000E+00 4.463E-02 4.398E-02 
2.044E+00 6.193E-04 3.503E-02 3.616E-03 5.081E-03 0.000E+00 4.434E-02 4.372E-02 
3.000E+00 2.885E-04 2.793E-02 1.966E-03 1.086E-02 9.761E-06 4.105E-02 4.076E-02 
4.000E+00 1.625E-04 2.331E-02 1.290E-03 1.588E-02 3.978E-05 4.068E-02 4.052E-02 
5.000E+00 1.041E-04 2.014E-02 9.473E-04 2.010E-02 7.914E-05 4.137E-02 4.126E-02 
6.000E+00 7.228E-05 1.780E-02 7.435E-04 2.372E-02 1.213E-04 4.246E-02 4.239E-02 
7.000E+00 5.314E-05 1.600E-02 6.096E-04 2.692E-02 1.633E-04 4.374E-02 4.369E-02 
8.000E+00 4.069E-05 1.456E-02 5.152E-04 2.979E-02 2.038E-04 4.511E-02 4.507E-02 
9.000E+00 3.215E-05 1.339E-02 4.457E-04 3.241E-02 2.426E-04 4.652E-02 4.648E-02 
1.000E+01 2.604E-05 1.241E-02 3.923E-04 3.480E-02 2.793E-04 4.790E-02 4.788E-02 
1.100E+01 2.152E-05 1.157E-02 3.503E-04 3.703E-02 3.141E-04 4.929E-02 4.927E-02 
1.200E+01 1.809E-05 1.085E-02 3.160E-04 3.910E-02 3.467E-04 5.063E-02 5.061E-02 
1.300E+01 1.541E-05 1.022E-02 2.878E-04 4.101E-02 3.774E-04 5.191E-02 5.190E-02 
1.400E+01 1.329E-05 9.673E-03 2.642E-04 4.282E-02 4.069E-04 5.318E-02 5.316E-02 
1.500E+01 1.157E-05 9.182E-03 2.441E-04 4.450E-02 4.343E-04 5.437E-02 5.436E-02 
1.600E+01 1.017E-05 8.745E-03 2.268E-04 4.605E-02 4.605E-04 5.550E-02 5.549E-02 
1.800E+01 8.040E-06 7.991E-03 1.986E-04 4.890E-02 5.090E-04 5.761E-02 5.760E-02 
2.000E+01 6.510E-06 7.371E-03 1.766E-04 5.142E-02 5.527E-04 5.953E-02 5.952E-02 
2.200E+01 5.382E-06 6.847E-03 1.589E-04 5.369E-02 5.928E-04 6.129E-02 6.128E-02 
2.400E+01 4.521E-06 6.397E-03 1.445E-04 5.576E-02 6.297E-04 6.293E-02 6.293E-02 
2.600E+01 3.852E-06 6.006E-03 1.324E-04 5.766E-02 6.636E-04 6.447E-02 6.447E-02 
2.800E+01 3.321E-06 5.666E-03 1.222E-04 5.941E-02 6.947E-04 6.590E-02 6.589E-02 
3.000E+01 2.894E-06 5.365E-03 1.134E-04 6.103E-02 7.238E-04 6.723E-02 6.723E-02 
4.000E+01 1.628E-06 4.263E-03 8.347E-05 6.756E-02 8.435E-04 7.275E-02 7.275E-02 
5.000E+01 1.042E-06 3.561E-03 6.601E-05 7.244E-02 9.334E-04 7.701E-02 7.700E-02 
6.000E+01 7.235E-07 3.067E-03 5.456E-05 7.623E-02 1.004E-03 8.035E-02 8.035E-02 
8.000E+01 4.069E-07 2.419E-03 4.052E-05 8.176E-02 1.110E-03 8.533E-02 8.533E-02 
1.000E+02 2.605E-07 2.007E-03 3.223E-05 8.567E-02 1.186E-03 8.890E-02 8.890E-02 
1.500E+02 1.158E-07 1.429E-03 2.132E-05 9.185E-02 1.311E-03 9.461E-02 9.461E-02 
2.000E+02 6.510E-08 1.121E-03 1.592E-05 9.550E-02 1.388E-03 9.803E-02 9.803E-02 
3.000E+02 2.894E-08 7.946E-04 1.057E-05 9.977E-02 1.482E-03 1.021E-01 1.021E-01 
4.000E+02 1.628E-08 6.222E-04 7.914E-06 1.022E-01 1.537E-03 1.044E-01 1.044E-01 
5.000E+02 1.042E-08 5.152E-04 6.323E-06 1.038E-01 1.575E-03 1.059E-01 1.059E-01 
6.000E+02 7.235E-09 4.411E-04 5.265E-06 1.049E-01 1.603E-03 1.070E-01 1.070E-01 
8.000E+02 4.069E-09 3.444E-04 3.946E-06 1.064E-01 1.640E-03 1.084E-01 1.084E-01 
1.000E+03 2.605E-09 2.834E-04 3.154E-06 1.074E-01 1.666E-03 1.094E-01 1.094E-01 
1.500E+03 1.158E-09 1.979E-04 2.101E-06 1.088E-01 1.703E-03 1.107E-01 1.107E-01 
2.000E+03 6.510E-10 1.532E-04 1.575E-06 1.096E-01 1.724E-03 1.115E-01 1.115E-01 
3.000E+03 2.894E-10 1.065E-04 1.050E-06 1.104E-01 1.747E-03 1.123E-01 1.123E-01 
4.000E+03 1.628E-10 8.221E-05 7.872E-07 1.109E-01 1.760E-03 1.127E-01 1.127E-01 
5.000E+03 1.042E-10 6.720E-05 6.297E-07 1.112E-01 1.768E-03 1.130E-01 1.130E-01 
6.000E+03 7.235E-11 5.698E-05 5.246E-07 1.114E-01 1.774E-03 1.132E-01 1.132E-01 
8.000E+03 4.069E-11 4.392E-05 3.933E-07 1.116E-01 1.782E-03 1.134E-01 1.134E-01 
1.000E+04 2.605E-11 3.587E-05 3.147E-07 1.118E-01 1.787E-03 1.136E-01 1.136E-01 
1.500E+04 1.158E-11 2.478E-05 2.098E-07 1.120E-01 1.793E-03 1.138E-01 1.138E-01 
2.000E+04 6.510E-12 1.905E-05 1.573E-07 1.121E-01 1.797E-03 1.139E-01 1.139E-01 
3.000E+04 2.894E-12 1.314E-05 1.049E-07 1.122E-01 1.801E-03 1.140E-01 1.140E-01 
4.000E+04 1.628E-12 1.008E-05 7.865E-08 1.123E-01 1.803E-03 1.141E-01 1.141E-01 
5.000E+04 1.042E-12 8.211E-06 6.294E-08 1.124E-01 1.805E-03 1.142E-01 1.142E-01 
6.000E+04 7.235E-13 6.944E-06 5.246E-08 1.124E-01 1.806E-03 1.142E-01 1.142E-01 
8.000E+04 4.069E-13 5.323E-06 3.933E-08 1.124E-01 1.806E-03 1.142E-01 1.142E-01 
1.000E+05 2.605E-13 4.330E-06 3.146E-08 1.124E-01 1.807E-03 1.142E-01 1.142E-01 
