1.000E-03 1.282E+01 3.190E-03 5.813E+03 0.000E+00 0.000E+00 5.826E+03 5.813E+03 
1.047E-03 1.278E+01 3.449E-03 5.337E+03 0.000E+00 0.000E+00 5.350E+03 5.337E+03 
1.097E-03 1.272E+01 3.727E-03 4.901E+03 0.000E+00 0.000E+00 4.914E+03 4.901E+03 
1.097E-03 1.272E+01 3.727E-03 5.004E+03 0.000E+00 0.000E+00 5.017E+03 5.004E+03 
1.500E-03 1.228E+01 6.114E-03 2.706E+03 0.000E+00 0.000E+00 2.719E+03 2.706E+03 
2.000E-03 1.166E+01 9.193E-03 1.478E+03 0.000E+00 0.000E+00 1.490E+03 1.478E+03 
2.892E-03 1.055E+01 1.460E-02 6.529E+02 0.000E+00 0.000E+00 6.634E+02 6.529E+02 
2.892E-03 1.055E+01 1.460E-02 2.309E+03 0.000E+00 0.000E+00 2.320E+03 2.309E+03 
3.000E-03 1.042E+01 1.523E-02 1.543E+03 0.000E+00 0.000E+00 1.554E+03 1.543E+03 
3.021E-03 1.039E+01 1.535E-02 1.514E+03 0.000E+00 0.000E+00 1.524E+03 1.514E+03 
3.021E-03 1.039E+01 1.535E-02 2.459E+03 0.000E+00 0.000E+00 2.470E+03 2.459E+03 
3.270E-03 1.011E+01 1.676E-02 1.901E+03 0.000E+00 0.000E+00 1.911E+03 1.901E+03 
3.538E-03 9.803E+00 1.824E-02 1.469E+03 0.000E+00 0.000E+00 1.479E+03 1.469E+03 
3.538E-03 9.803E+00 1.824E-02 1.700E+03 0.000E+00 0.000E+00 1.710E+03 1.700E+03 
4.000E-03 9.309E+00 2.066E-02 1.257E+03 0.000E+00 0.000E+00 1.266E+03 1.257E+03 
4.159E-03 9.146E+00 2.146E-02 1.139E+03 0.000E+00 0.000E+00 1.148E+03 1.139E+03 
4.159E-03 9.146E+00 2.146E-02 1.208E+03 0.000E+00 0.000E+00 1.217E+03 1.208E+03 
4.317E-03 8.990E+00 2.223E-02 1.104E+03 0.000E+00 0.000E+00 1.113E+03 1.104E+03 
4.482E-03 8.832E+00 2.301E-02 1.008E+03 0.000E+00 0.000E+00 1.017E+03 1.008E+03 
4.482E-03 8.832E+00 2.301E-02 1.052E+03 0.000E+00 0.000E+00 1.061E+03 1.052E+03 
5.000E-03 8.352E+00 2.541E-02 8.080E+02 0.000E+00 0.000E+00 8.164E+02 8.081E+02 
6.000E-03 7.522E+00 2.970E-02 5.165E+02 0.000E+00 0.000E+00 5.240E+02 5.165E+02 
8.000E-03 6.165E+00 3.749E-02 2.514E+02 0.000E+00 0.000E+00 2.576E+02 2.515E+02 
1.000E-02 5.135E+00 4.438E-02 1.425E+02 0.000E+00 0.000E+00 1.477E+02 1.425E+02 
1.462E-02 3.542E+00 5.688E-02 5.338E+01 0.000E+00 0.000E+00 5.698E+01 5.344E+01 
1.462E-02 3.542E+00 5.688E-02 1.308E+02 0.000E+00 0.000E+00 1.344E+02 1.309E+02 
1.500E-02 3.445E+00 5.772E-02 1.224E+02 0.000E+00 0.000E+00 1.259E+02 1.224E+02 
1.734E-02 2.913E+00 6.241E-02 8.259E+01 0.000E+00 0.000E+00 8.557E+01 8.266E+01 
1.734E-02 2.913E+00 6.241E-02 1.155E+02 0.000E+00 0.000E+00 1.185E+02 1.156E+02 
1.769E-02 2.845E+00 6.306E-02 1.100E+02 0.000E+00 0.000E+00 1.129E+02 1.101E+02 
1.805E-02 2.778E+00 6.372E-02 1.048E+02 0.000E+00 0.000E+00 1.077E+02 1.049E+02 
1.805E-02 2.778E+00 6.372E-02 1.212E+02 0.000E+00 0.000E+00 1.241E+02 1.213E+02 
2.000E-02 2.452E+00 6.702E-02 9.312E+01 0.000E+00 0.000E+00 9.564E+01 9.319E+01 
3.000E-02 1.442E+00 7.961E-02 3.255E+01 0.000E+00 0.000E+00 3.407E+01 3.263E+01 
4.000E-02 9.675E-01 8.729E-02 1.518E+01 0.000E+00 0.000E+00 1.624E+01 1.527E+01 
5.000E-02 6.919E-01 9.184E-02 8.341E+00 0.000E+00 0.000E+00 9.125E+00 8.433E+00 
6.000E-02 5.186E-01 9.442E-02 5.094E+00 0.000E+00 0.000E+00 5.707E+00 5.188E+00 
8.000E-02 3.258E-01 9.640E-02 2.326E+00 0.000E+00 0.000E+00 2.749E+00 2.423E+00 
9.840E-02 2.318E-01 9.627E-02 1.321E+00 0.000E+00 0.000E+00 1.649E+00 1.417E+00 
9.840E-02 2.318E-01 9.627E-02 5.935E+00 0.000E+00 0.000E+00 6.263E+00 6.031E+00 
1.000E-01 2.256E-01 9.621E-02 5.764E+00 0.000E+00 0.000E+00 6.086E+00 5.860E+00 
1.500E-01 1.118E-01 9.239E-02 2.010E+00 0.000E+00 0.000E+00 2.215E+00 2.103E+00 
2.000E-01 6.681E-02 8.745E-02 9.469E-01 0.000E+00 0.000E+00 1.101E+00 1.034E+00 
3.000E-01 3.195E-02 7.847E-02 3.315E-01 0.000E+00 0.000E+00 4.419E-01 4.099E-01 
4.000E-01 1.873E-02 7.142E-02 1.616E-01 0.000E+00 0.000E+00 2.518E-01 2.331E-01 
5.000E-01 1.229E-02 6.580E-02 9.469E-02 0.000E+00 0.000E+00 1.728E-01 1.605E-01 
6.000E-01 8.674E-03 6.125E-02 6.222E-02 0.000E+00 0.000E+00 1.321E-01 1.235E-01 
8.000E-01 4.980E-03 5.414E-02 3.317E-02 0.000E+00 0.000E+00 9.229E-02 8.731E-02 
1.000E+00 3.228E-03 4.885E-02 2.095E-02 0.000E+00 0.000E+00 7.303E-02 6.980E-02 
1.022E+00 3.092E-03 4.836E-02 2.006E-02 0.000E+00 0.000E+00 7.151E-02 6.842E-02 
1.250E+00 2.085E-03 4.381E-02 1.354E-02 4.006E-04 0.000E+00 5.983E-02 5.774E-02 
1.500E+00 1.457E-03 3.987E-02 9.637E-03 1.936E-03 0.000E+00 5.290E-02 5.145E-02 
2.000E+00 8.249E-04 3.407E-02 5.826E-03 5.769E-03 0.000E+00 4.649E-02 4.566E-02 
2.044E+00 7.901E-04 3.366E-02 5.615E-03 6.100E-03 0.000E+00 4.617E-02 4.538E-02 
3.000E+00 3.686E-04 2.685E-02 3.041E-03 1.237E-02 9.380E-06 4.264E-02 4.227E-02 
4.000E+00 2.079E-04 2.241E-02 1.988E-03 1.759E-02 3.822E-05 4.224E-02 4.203E-02 
5.000E+00 1.332E-04 1.936E-02 1.456E-03 2.195E-02 7.600E-05 4.298E-02 4.285E-02 
6.000E+00 9.252E-05 1.712E-02 1.140E-03 2.571E-02 1.165E-04 4.418E-02 4.409E-02 
7.000E+00 6.800E-05 1.539E-02 9.328E-04 2.902E-02 1.567E-04 4.557E-02 4.550E-02 
8.000E+00 5.208E-05 1.400E-02 7.874E-04 3.201E-02 1.956E-04 4.705E-02 4.699E-02 
9.000E+00 4.115E-05 1.287E-02 6.803E-04 3.472E-02 2.327E-04 4.855E-02 4.851E-02 
1.000E+01 3.334E-05 1.193E-02 5.981E-04 3.724E-02 2.679E-04 5.007E-02 5.004E-02 
1.100E+01 2.756E-05 1.113E-02 5.333E-04 3.957E-02 3.011E-04 5.156E-02 5.154E-02 
1.200E+01 2.316E-05 1.043E-02 4.809E-04 4.172E-02 3.323E-04 5.299E-02 5.297E-02 
1.300E+01 1.973E-05 9.830E-03 4.378E-04 4.375E-02 3.618E-04 5.440E-02 5.438E-02 
1.400E+01 1.702E-05 9.301E-03 4.017E-04 4.565E-02 3.895E-04 5.576E-02 5.574E-02 
1.500E+01 1.482E-05 8.829E-03 3.708E-04 4.741E-02 4.161E-04 5.704E-02 5.703E-02 
1.600E+01 1.303E-05 8.409E-03 3.445E-04 4.907E-02 4.410E-04 5.828E-02 5.826E-02 
1.800E+01 1.029E-05 7.687E-03 3.014E-04 5.205E-02 4.872E-04 6.054E-02 6.053E-02 
2.000E+01 8.338E-06 7.088E-03 2.678E-04 5.471E-02 5.289E-04 6.260E-02 6.259E-02 
2.200E+01 6.892E-06 6.583E-03 2.409E-04 5.712E-02 5.672E-04 6.452E-02 6.452E-02 
2.400E+01 5.791E-06 6.152E-03 2.188E-04 5.935E-02 6.019E-04 6.633E-02 6.632E-02 
2.600E+01 4.934E-06 5.778E-03 2.005E-04 6.136E-02 6.342E-04 6.797E-02 6.797E-02 
2.800E+01 4.256E-06 5.449E-03 1.850E-04 6.320E-02 6.640E-04 6.950E-02 6.950E-02 
3.000E+01 3.708E-06 5.159E-03 1.716E-04 6.491E-02 6.914E-04 7.094E-02 7.093E-02 
4.000E+01 2.085E-06 4.101E-03 1.262E-04 7.185E-02 8.048E-04 7.689E-02 7.689E-02 
5.000E+01 1.334E-06 3.423E-03 9.971E-05 7.703E-02 8.900E-04 8.145E-02 8.145E-02 
6.000E+01 9.266E-07 2.948E-03 8.240E-05 8.102E-02 9.570E-04 8.501E-02 8.501E-02 
8.000E+01 5.213E-07 2.326E-03 6.117E-05 8.691E-02 1.057E-03 9.035E-02 9.035E-02 
1.000E+02 3.336E-07 1.931E-03 4.861E-05 9.106E-02 1.129E-03 9.417E-02 9.417E-02 
1.500E+02 1.483E-07 1.375E-03 3.214E-05 9.759E-02 1.246E-03 1.002E-01 1.002E-01 
2.000E+02 8.341E-08 1.078E-03 2.400E-05 1.015E-01 1.319E-03 1.039E-01 1.039E-01 
3.000E+02 3.708E-08 7.641E-04 1.593E-05 1.060E-01 1.407E-03 1.082E-01 1.082E-01 
4.000E+02 2.085E-08 5.984E-04 1.192E-05 1.086E-01 1.459E-03 1.106E-01 1.106E-01 
5.000E+02 1.335E-08 4.953E-04 9.526E-06 1.103E-01 1.495E-03 1.123E-01 1.123E-01 
6.000E+02 9.266E-09 4.242E-04 7.934E-06 1.115E-01 1.521E-03 1.135E-01 1.135E-01 
8.000E+02 5.213E-09 3.312E-04 5.943E-06 1.131E-01 1.556E-03 1.150E-01 1.150E-01 
1.000E+03 3.336E-09 2.726E-04 4.752E-06 1.142E-01 1.580E-03 1.160E-01 1.160E-01 
1.500E+03 1.483E-09 1.903E-04 3.165E-06 1.157E-01 1.614E-03 1.175E-01 1.175E-01 
2.000E+03 8.341E-10 1.473E-04 2.373E-06 1.165E-01 1.634E-03 1.183E-01 1.183E-01 
3.000E+03 3.708E-10 1.024E-04 1.581E-06 1.174E-01 1.655E-03 1.191E-01 1.191E-01 
4.000E+03 2.085E-10 7.907E-05 1.186E-06 1.179E-01 1.667E-03 1.196E-01 1.196E-01 
5.000E+03 1.335E-10 6.464E-05 9.483E-07 1.182E-01 1.675E-03 1.199E-01 1.199E-01 
6.000E+03 9.266E-11 5.482E-05 7.901E-07 1.184E-01 1.680E-03 1.201E-01 1.201E-01 
8.000E+03 5.213E-11 4.223E-05 5.927E-07 1.186E-01 1.687E-03 1.204E-01 1.204E-01 
1.000E+04 3.336E-11 3.448E-05 4.741E-07 1.188E-01 1.692E-03 1.205E-01 1.205E-01 
1.500E+04 1.483E-11 2.383E-05 3.160E-07 1.190E-01 1.698E-03 1.208E-01 1.208E-01 
2.000E+04 8.341E-12 1.832E-05 2.370E-07 1.192E-01 1.701E-03 1.209E-01 1.209E-01 
3.000E+04 3.708E-12 1.263E-05 1.580E-07 1.193E-01 1.705E-03 1.210E-01 1.210E-01 
4.000E+04 2.085E-12 9.700E-06 1.185E-07 1.194E-01 1.707E-03 1.211E-01 1.211E-01 
5.000E+04 1.335E-12 7.899E-06 9.480E-08 1.194E-01 1.708E-03 1.211E-01 1.211E-01 
6.000E+04 9.266E-13 6.675E-06 7.899E-08 1.195E-01 1.709E-03 1.212E-01 1.212E-01 
8.000E+04 5.213E-13 5.118E-06 5.924E-08 1.195E-01 1.710E-03 1.212E-01 1.212E-01 
1.000E+05 3.336E-13 4.166E-06 4.739E-08 1.195E-01 1.710E-03 1.213E-01 1.213E-01 
