1.000E-03 1.251E+01 3.587E-03 5.197E+03 0.000E+00 0.000E+00 5.209E+03 5.197E+03 
1.500E-03 1.201E+01 6.601E-03 2.344E+03 0.000E+00 0.000E+00 2.356E+03 2.344E+03 
2.000E-03 1.144E+01 9.620E-03 1.274E+03 0.000E+00 0.000E+00 1.285E+03 1.274E+03 
2.484E-03 1.088E+01 1.240E-02 7.900E+02 0.000E+00 0.000E+00 8.009E+02 7.900E+02 
2.484E-03 1.088E+01 1.240E-02 1.385E+03 0.000E+00 0.000E+00 1.396E+03 1.385E+03 
2.534E-03 1.082E+01 1.268E-02 1.636E+03 0.000E+00 0.000E+00 1.647E+03 1.636E+03 
2.586E-03 1.076E+01 1.297E-02 1.933E+03 0.000E+00 0.000E+00 1.944E+03 1.933E+03 
2.586E-03 1.076E+01 1.297E-02 2.439E+03 0.000E+00 0.000E+00 2.450E+03 2.439E+03 
3.000E-03 1.027E+01 1.525E-02 1.955E+03 0.000E+00 0.000E+00 1.965E+03 1.955E+03 
3.066E-03 1.019E+01 1.560E-02 1.847E+03 0.000E+00 0.000E+00 1.857E+03 1.847E+03 
3.066E-03 1.019E+01 1.560E-02 2.136E+03 0.000E+00 0.000E+00 2.146E+03 2.136E+03 
3.301E-03 9.929E+00 1.684E-02 1.782E+03 0.000E+00 0.000E+00 1.792E+03 1.782E+03 
3.554E-03 9.652E+00 1.813E-02 1.486E+03 0.000E+00 0.000E+00 1.496E+03 1.486E+03 
3.554E-03 9.652E+00 1.813E-02 1.575E+03 0.000E+00 0.000E+00 1.585E+03 1.575E+03 
3.699E-03 9.496E+00 1.887E-02 1.432E+03 0.000E+00 0.000E+00 1.441E+03 1.432E+03 
3.851E-03 9.335E+00 1.963E-02 1.302E+03 0.000E+00 0.000E+00 1.311E+03 1.302E+03 
3.851E-03 9.335E+00 1.963E-02 1.358E+03 0.000E+00 0.000E+00 1.368E+03 1.358E+03 
4.000E-03 9.179E+00 2.037E-02 1.242E+03 0.000E+00 0.000E+00 1.251E+03 1.242E+03 
5.000E-03 8.208E+00 2.516E-02 7.222E+02 0.000E+00 0.000E+00 7.305E+02 7.223E+02 
6.000E-03 7.362E+00 2.970E-02 4.598E+02 0.000E+00 0.000E+00 4.672E+02 4.598E+02 
8.000E-03 6.002E+00 3.807E-02 2.226E+02 0.000E+00 0.000E+00 2.287E+02 2.227E+02 
1.000E-02 4.982E+00 4.540E-02 1.256E+02 0.000E+00 0.000E+00 1.306E+02 1.257E+02 
1.304E-02 3.851E+00 5.435E-02 6.310E+01 0.000E+00 0.000E+00 6.700E+01 6.315E+01 
1.304E-02 3.851E+00 5.435E-02 1.582E+02 0.000E+00 0.000E+00 1.621E+02 1.583E+02 
1.500E-02 3.308E+00 5.920E-02 1.082E+02 0.000E+00 0.000E+00 1.116E+02 1.083E+02 
1.520E-02 3.258E+00 5.964E-02 1.045E+02 0.000E+00 0.000E+00 1.078E+02 1.045E+02 
1.520E-02 3.258E+00 5.964E-02 1.452E+02 0.000E+00 0.000E+00 1.485E+02 1.453E+02 
1.553E-02 3.180E+00 6.037E-02 1.380E+02 0.000E+00 0.000E+00 1.412E+02 1.381E+02 
1.586E-02 3.104E+00 6.112E-02 1.312E+02 0.000E+00 0.000E+00 1.344E+02 1.313E+02 
1.586E-02 3.104E+00 6.112E-02 1.517E+02 0.000E+00 0.000E+00 1.548E+02 1.517E+02 
2.000E-02 2.338E+00 6.897E-02 8.397E+01 0.000E+00 0.000E+00 8.637E+01 8.404E+01 
3.000E-02 1.377E+00 8.228E-02 2.886E+01 0.000E+00 0.000E+00 3.032E+01 2.894E+01 
4.000E-02 9.202E-01 9.019E-02 1.335E+01 0.000E+00 0.000E+00 1.436E+01 1.344E+01 
5.000E-02 6.545E-01 9.478E-02 7.292E+00 0.000E+00 0.000E+00 8.042E+00 7.387E+00 
6.000E-02 4.900E-01 9.734E-02 4.432E+00 0.000E+00 0.000E+00 5.020E+00 4.530E+00 
8.000E-02 3.078E-01 9.923E-02 2.012E+00 0.000E+00 0.000E+00 2.419E+00 2.112E+00 
8.800E-02 2.632E-01 9.928E-02 1.547E+00 0.000E+00 0.000E+00 1.910E+00 1.647E+00 
8.800E-02 2.632E-01 9.928E-02 7.321E+00 0.000E+00 0.000E+00 7.684E+00 7.421E+00 
1.000E-01 2.128E-01 9.894E-02 5.237E+00 0.000E+00 0.000E+00 5.549E+00 5.336E+00 
1.500E-01 1.049E-01 9.484E-02 1.815E+00 0.000E+00 0.000E+00 2.015E+00 1.910E+00 
2.000E-01 6.260E-02 8.966E-02 8.464E-01 0.000E+00 0.000E+00 9.986E-01 9.360E-01 
3.000E-01 2.988E-02 8.036E-02 2.930E-01 0.000E+00 0.000E+00 4.032E-01 3.733E-01 
4.000E-01 1.746E-02 7.310E-02 1.417E-01 0.000E+00 0.000E+00 2.323E-01 2.148E-01 
5.000E-01 1.143E-02 6.734E-02 8.257E-02 0.000E+00 0.000E+00 1.613E-01 1.499E-01 
6.000E-01 8.060E-03 6.263E-02 5.406E-02 0.000E+00 0.000E+00 1.248E-01 1.167E-01 
8.000E-01 4.621E-03 5.537E-02 2.871E-02 0.000E+00 0.000E+00 8.870E-02 8.408E-02 
1.000E+00 2.991E-03 4.993E-02 1.810E-02 0.000E+00 0.000E+00 7.102E-02 6.803E-02 
1.022E+00 2.865E-03 4.944E-02 1.732E-02 0.000E+00 0.000E+00 6.962E-02 6.676E-02 
1.250E+00 1.930E-03 4.476E-02 1.168E-02 3.781E-04 0.000E+00 5.875E-02 5.682E-02 
1.500E+00 1.347E-03 4.075E-02 8.321E-03 1.806E-03 0.000E+00 5.222E-02 5.088E-02 
2.000E+00 7.626E-04 3.482E-02 5.034E-03 5.450E-03 0.000E+00 4.607E-02 4.530E-02 
2.044E+00 7.304E-04 3.441E-02 4.854E-03 5.769E-03 0.000E+00 4.577E-02 4.504E-02 
3.000E+00 3.406E-04 2.744E-02 2.631E-03 1.192E-02 9.585E-06 4.234E-02 4.200E-02 
4.000E+00 1.919E-04 2.290E-02 1.723E-03 1.712E-02 3.906E-05 4.198E-02 4.178E-02 
5.000E+00 1.229E-04 1.978E-02 1.263E-03 2.148E-02 7.769E-05 4.272E-02 4.260E-02 
6.000E+00 8.542E-05 1.749E-02 9.894E-04 2.523E-02 1.191E-04 4.391E-02 4.382E-02 
7.000E+00 6.278E-05 1.572E-02 8.103E-04 2.853E-02 1.602E-04 4.528E-02 4.522E-02 
8.000E+00 4.807E-05 1.431E-02 6.845E-04 3.151E-02 2.000E-04 4.675E-02 4.670E-02 
9.000E+00 3.799E-05 1.315E-02 5.915E-04 3.421E-02 2.380E-04 4.823E-02 4.819E-02 
1.000E+01 3.078E-05 1.219E-02 5.203E-04 3.671E-02 2.740E-04 4.972E-02 4.969E-02 
1.100E+01 2.543E-05 1.137E-02 4.642E-04 3.900E-02 3.081E-04 5.117E-02 5.114E-02 
1.200E+01 2.137E-05 1.066E-02 4.185E-04 4.116E-02 3.401E-04 5.260E-02 5.257E-02 
1.300E+01 1.821E-05 1.004E-02 3.810E-04 4.316E-02 3.700E-04 5.397E-02 5.396E-02 
1.400E+01 1.570E-05 9.504E-03 3.496E-04 4.505E-02 3.988E-04 5.532E-02 5.530E-02 
1.500E+01 1.368E-05 9.022E-03 3.229E-04 4.679E-02 4.255E-04 5.658E-02 5.656E-02 
1.600E+01 1.202E-05 8.591E-03 2.999E-04 4.842E-02 4.511E-04 5.778E-02 5.776E-02 
1.800E+01 9.501E-06 7.853E-03 2.625E-04 5.139E-02 4.985E-04 6.001E-02 6.000E-02 
2.000E+01 7.696E-06 7.243E-03 2.334E-04 5.403E-02 5.415E-04 6.206E-02 6.205E-02 
2.200E+01 6.359E-06 6.725E-03 2.099E-04 5.641E-02 5.804E-04 6.394E-02 6.393E-02 
2.400E+01 5.345E-06 6.287E-03 1.908E-04 5.859E-02 6.165E-04 6.569E-02 6.569E-02 
2.600E+01 4.554E-06 5.903E-03 1.748E-04 6.057E-02 6.493E-04 6.730E-02 6.730E-02 
2.800E+01 3.927E-06 5.569E-03 1.613E-04 6.240E-02 6.798E-04 6.881E-02 6.881E-02 
3.000E+01 3.421E-06 5.272E-03 1.497E-04 6.409E-02 7.083E-04 7.022E-02 7.022E-02 
4.000E+01 1.924E-06 4.188E-03 1.101E-04 7.098E-02 8.246E-04 7.610E-02 7.610E-02 
5.000E+01 1.231E-06 3.496E-03 8.699E-05 7.606E-02 9.120E-04 8.056E-02 8.056E-02 
6.000E+01 8.551E-07 3.014E-03 7.191E-05 8.001E-02 9.806E-04 8.408E-02 8.408E-02 
8.000E+01 4.810E-07 2.376E-03 5.339E-05 8.583E-02 1.083E-03 8.934E-02 8.934E-02 
1.000E+02 3.078E-07 1.972E-03 4.243E-05 8.993E-02 1.157E-03 9.310E-02 9.310E-02 
1.500E+02 1.368E-07 1.405E-03 2.806E-05 9.638E-02 1.278E-03 9.909E-02 9.909E-02 
2.000E+02 7.696E-08 1.101E-03 2.096E-05 1.002E-01 1.352E-03 1.027E-01 1.027E-01 
3.000E+02 3.421E-08 7.807E-04 1.392E-05 1.047E-01 1.442E-03 1.069E-01 1.069E-01 
4.000E+02 1.924E-08 6.112E-04 1.041E-05 1.072E-01 1.496E-03 1.093E-01 1.093E-01 
5.000E+02 1.231E-08 5.060E-04 8.321E-06 1.089E-01 1.532E-03 1.109E-01 1.109E-01 
6.000E+02 8.551E-09 4.333E-04 6.929E-06 1.101E-01 1.559E-03 1.121E-01 1.121E-01 
8.000E+02 4.810E-09 3.383E-04 5.191E-06 1.117E-01 1.595E-03 1.136E-01 1.136E-01 
1.000E+03 3.078E-09 2.784E-04 4.150E-06 1.127E-01 1.619E-03 1.146E-01 1.146E-01 
1.500E+03 1.368E-09 1.944E-04 2.765E-06 1.142E-01 1.655E-03 1.160E-01 1.160E-01 
2.000E+03 7.696E-10 1.505E-04 2.073E-06 1.150E-01 1.675E-03 1.168E-01 1.168E-01 
3.000E+03 3.421E-10 1.046E-04 1.381E-06 1.159E-01 1.696E-03 1.177E-01 1.177E-01 
4.000E+03 1.924E-10 8.077E-05 1.036E-06 1.163E-01 1.709E-03 1.181E-01 1.181E-01 
5.000E+03 1.231E-10 6.603E-05 8.283E-07 1.166E-01 1.717E-03 1.184E-01 1.184E-01 
6.000E+03 8.551E-11 5.601E-05 6.903E-07 1.168E-01 1.722E-03 1.186E-01 1.186E-01 
8.000E+03 4.810E-11 4.313E-05 5.176E-07 1.171E-01 1.730E-03 1.188E-01 1.188E-01 
1.000E+04 3.078E-11 3.523E-05 4.142E-07 1.172E-01 1.734E-03 1.190E-01 1.190E-01 
1.500E+04 1.368E-11 2.434E-05 2.760E-07 1.175E-01 1.740E-03 1.192E-01 1.192E-01 
2.000E+04 7.696E-12 1.872E-05 2.070E-07 1.176E-01 1.744E-03 1.194E-01 1.194E-01 
3.000E+04 3.421E-12 1.291E-05 1.380E-07 1.177E-01 1.748E-03 1.195E-01 1.195E-01 
4.000E+04 1.924E-12 9.908E-06 1.035E-07 1.178E-01 1.750E-03 1.196E-01 1.196E-01 
5.000E+04 1.231E-12 8.068E-06 8.280E-08 1.179E-01 1.751E-03 1.196E-01 1.196E-01 
6.000E+04 8.551E-13 6.821E-06 6.900E-08 1.179E-01 1.752E-03 1.196E-01 1.196E-01 
8.000E+04 4.810E-13 5.232E-06 5.173E-08 1.179E-01 1.753E-03 1.197E-01 1.197E-01 
1.000E+05 3.078E-13 4.255E-06 4.139E-08 1.179E-01 1.753E-03 1.197E-01 1.197E-01 
