1.000E-03 1.300E+01 3.487E-03 5.711E+03 0.000E+00 0.000E+00 5.724E+03 5.711E+03 
1.500E-03 1.245E+01 6.556E-03 2.591E+03 0.000E+00 0.000E+00 2.604E+03 2.591E+03 
2.000E-03 1.184E+01 9.723E-03 1.411E+03 0.000E+00 0.000E+00 1.423E+03 1.411E+03 
2.683E-03 1.099E+01 1.391E-02 7.371E+02 0.000E+00 0.000E+00 7.481E+02 7.371E+02 
2.683E-03 1.099E+01 1.391E-02 2.195E+03 0.000E+00 0.000E+00 2.206E+03 2.195E+03 
2.740E-03 1.092E+01 1.424E-02 1.967E+03 0.000E+00 0.000E+00 1.978E+03 1.967E+03 
2.798E-03 1.085E+01 1.459E-02 1.764E+03 0.000E+00 0.000E+00 1.775E+03 1.764E+03 
2.798E-03 1.085E+01 1.459E-02 2.701E+03 0.000E+00 0.000E+00 2.712E+03 2.701E+03 
3.000E-03 1.061E+01 1.576E-02 2.144E+03 0.000E+00 0.000E+00 2.155E+03 2.144E+03 
3.302E-03 1.026E+01 1.744E-02 1.683E+03 0.000E+00 0.000E+00 1.693E+03 1.683E+03 
3.302E-03 1.026E+01 1.744E-02 1.946E+03 0.000E+00 0.000E+00 1.956E+03 1.946E+03 
3.567E-03 9.965E+00 1.888E-02 1.608E+03 0.000E+00 0.000E+00 1.618E+03 1.608E+03 
3.854E-03 9.648E+00 2.039E-02 1.330E+03 0.000E+00 0.000E+00 1.339E+03 1.330E+03 
3.854E-03 9.648E+00 2.039E-02 1.409E+03 0.000E+00 0.000E+00 1.419E+03 1.409E+03 
4.000E-03 9.489E+00 2.114E-02 1.290E+03 0.000E+00 0.000E+00 1.299E+03 1.290E+03 
4.149E-03 9.334E+00 2.189E-02 1.181E+03 0.000E+00 0.000E+00 1.190E+03 1.181E+03 
4.149E-03 9.334E+00 2.189E-02 1.232E+03 0.000E+00 0.000E+00 1.242E+03 1.232E+03 
5.000E-03 8.507E+00 2.598E-02 7.847E+02 0.000E+00 0.000E+00 7.932E+02 7.847E+02 
6.000E-03 7.645E+00 3.046E-02 5.008E+02 0.000E+00 0.000E+00 5.085E+02 5.009E+02 
8.000E-03 6.247E+00 3.873E-02 2.431E+02 0.000E+00 0.000E+00 2.494E+02 2.431E+02 
1.000E-02 5.193E+00 4.605E-02 1.375E+02 0.000E+00 0.000E+00 1.427E+02 1.375E+02 
1.381E-02 3.792E+00 5.711E-02 5.951E+01 0.000E+00 0.000E+00 6.336E+01 5.956E+01 
1.381E-02 3.792E+00 5.711E-02 1.475E+02 0.000E+00 0.000E+00 1.513E+02 1.475E+02 
1.500E-02 3.467E+00 6.000E-02 1.184E+02 0.000E+00 0.000E+00 1.219E+02 1.185E+02 
1.624E-02 3.167E+00 6.273E-02 9.527E+01 0.000E+00 0.000E+00 9.850E+01 9.533E+01 
1.624E-02 3.167E+00 6.273E-02 1.328E+02 0.000E+00 0.000E+00 1.361E+02 1.329E+02 
1.659E-02 3.091E+00 6.345E-02 1.263E+02 0.000E+00 0.000E+00 1.295E+02 1.264E+02 
1.694E-02 3.017E+00 6.417E-02 1.201E+02 0.000E+00 0.000E+00 1.232E+02 1.202E+02 
1.694E-02 3.017E+00 6.417E-02 1.389E+02 0.000E+00 0.000E+00 1.419E+02 1.389E+02 
2.000E-02 2.459E+00 6.976E-02 9.100E+01 0.000E+00 0.000E+00 9.353E+01 9.107E+01 
3.000E-02 1.447E+00 8.305E-02 3.150E+01 0.000E+00 0.000E+00 3.303E+01 3.158E+01 
4.000E-02 9.694E-01 9.106E-02 1.463E+01 0.000E+00 0.000E+00 1.569E+01 1.472E+01 
5.000E-02 6.913E-01 9.576E-02 8.014E+00 0.000E+00 0.000E+00 8.801E+00 8.110E+00 
6.000E-02 5.178E-01 9.841E-02 4.882E+00 0.000E+00 0.000E+00 5.498E+00 4.980E+00 
8.000E-02 3.253E-01 1.004E-01 2.223E+00 0.000E+00 0.000E+00 2.649E+00 2.324E+00 
9.310E-02 2.534E-01 1.004E-01 1.466E+00 0.000E+00 0.000E+00 1.820E+00 1.567E+00 
9.310E-02 2.534E-01 1.004E-01 6.786E+00 0.000E+00 0.000E+00 7.140E+00 6.887E+00 
1.000E-01 2.250E-01 1.001E-01 5.665E+00 0.000E+00 0.000E+00 5.990E+00 5.765E+00 
1.500E-01 1.113E-01 9.610E-02 1.962E+00 0.000E+00 0.000E+00 2.170E+00 2.059E+00 
2.000E-01 6.639E-02 9.092E-02 9.201E-01 0.000E+00 0.000E+00 1.077E+00 1.011E+00 
3.000E-01 3.173E-02 8.152E-02 3.202E-01 0.000E+00 0.000E+00 4.334E-01 4.017E-01 
4.000E-01 1.857E-02 7.417E-02 1.555E-01 0.000E+00 0.000E+00 2.483E-01 2.297E-01 
5.000E-01 1.217E-02 6.832E-02 9.086E-02 0.000E+00 0.000E+00 1.714E-01 1.592E-01 
6.000E-01 8.587E-03 6.360E-02 5.962E-02 0.000E+00 0.000E+00 1.318E-01 1.232E-01 
8.000E-01 4.925E-03 5.622E-02 3.170E-02 0.000E+00 0.000E+00 9.284E-02 8.792E-02 
1.000E+00 3.190E-03 5.072E-02 2.001E-02 0.000E+00 0.000E+00 7.391E-02 7.072E-02 
1.022E+00 3.057E-03 5.020E-02 1.915E-02 0.000E+00 0.000E+00 7.241E-02 6.935E-02 
1.250E+00 2.060E-03 4.547E-02 1.292E-02 4.000E-04 0.000E+00 6.085E-02 5.879E-02 
1.500E+00 1.439E-03 4.138E-02 9.201E-03 1.921E-03 0.000E+00 5.394E-02 5.250E-02 
2.000E+00 8.144E-04 3.536E-02 5.564E-03 5.758E-03 0.000E+00 4.749E-02 4.668E-02 
2.044E+00 7.801E-04 3.493E-02 5.363E-03 6.092E-03 0.000E+00 4.716E-02 4.638E-02 
3.000E+00 3.640E-04 2.787E-02 2.908E-03 1.247E-02 9.734E-06 4.362E-02 4.326E-02 
4.000E+00 2.051E-04 2.326E-02 1.902E-03 1.782E-02 3.968E-05 4.323E-02 4.302E-02 
5.000E+00 1.314E-04 2.009E-02 1.393E-03 2.230E-02 7.890E-05 4.399E-02 4.386E-02 
6.000E+00 9.129E-05 1.776E-02 1.091E-03 2.616E-02 1.209E-04 4.523E-02 4.513E-02 
7.000E+00 6.708E-05 1.597E-02 8.933E-04 2.957E-02 1.627E-04 4.666E-02 4.659E-02 
8.000E+00 5.138E-05 1.453E-02 7.544E-04 3.262E-02 2.031E-04 4.816E-02 4.811E-02 
9.000E+00 4.060E-05 1.336E-02 6.518E-04 3.542E-02 2.416E-04 4.971E-02 4.967E-02 
1.000E+01 3.288E-05 1.238E-02 5.732E-04 3.798E-02 2.781E-04 5.124E-02 5.121E-02 
1.100E+01 2.718E-05 1.155E-02 5.112E-04 4.034E-02 3.127E-04 5.274E-02 5.271E-02 
1.200E+01 2.284E-05 1.083E-02 4.611E-04 4.256E-02 3.449E-04 5.422E-02 5.420E-02 
1.300E+01 1.947E-05 1.020E-02 4.196E-04 4.464E-02 3.755E-04 5.565E-02 5.563E-02 
1.400E+01 1.679E-05 9.651E-03 3.850E-04 4.657E-02 4.046E-04 5.702E-02 5.701E-02 
1.500E+01 1.462E-05 9.164E-03 3.556E-04 4.838E-02 4.320E-04 5.835E-02 5.833E-02 
1.600E+01 1.285E-05 8.726E-03 3.302E-04 5.005E-02 4.579E-04 5.958E-02 5.957E-02 
1.800E+01 1.015E-05 7.976E-03 2.890E-04 5.311E-02 5.060E-04 6.189E-02 6.188E-02 
2.000E+01 8.224E-06 7.354E-03 2.568E-04 5.582E-02 5.492E-04 6.399E-02 6.398E-02 
2.200E+01 6.798E-06 6.832E-03 2.311E-04 5.830E-02 5.890E-04 6.595E-02 6.595E-02 
2.400E+01 5.711E-06 6.383E-03 2.099E-04 6.054E-02 6.253E-04 6.777E-02 6.776E-02 
2.600E+01 4.867E-06 5.994E-03 1.923E-04 6.262E-02 6.587E-04 6.947E-02 6.946E-02 
2.800E+01 4.196E-06 5.654E-03 1.775E-04 6.449E-02 6.896E-04 7.102E-02 7.101E-02 
3.000E+01 3.657E-06 5.354E-03 1.647E-04 6.625E-02 7.184E-04 7.249E-02 7.249E-02 
4.000E+01 2.057E-06 4.256E-03 1.211E-04 7.334E-02 8.363E-04 7.855E-02 7.855E-02 
5.000E+01 1.316E-06 3.553E-03 9.570E-05 7.861E-02 9.247E-04 8.319E-02 8.318E-02 
6.000E+01 9.141E-07 3.060E-03 7.910E-05 8.270E-02 9.945E-04 8.684E-02 8.684E-02 
8.000E+01 5.141E-07 2.414E-03 5.870E-05 8.870E-02 1.098E-03 9.227E-02 9.227E-02 
1.000E+02 3.291E-07 2.003E-03 4.668E-05 9.290E-02 1.173E-03 9.613E-02 9.613E-02 
1.500E+02 1.462E-07 1.427E-03 3.086E-05 9.959E-02 1.295E-03 1.023E-01 1.023E-01 
2.000E+02 8.224E-08 1.119E-03 2.305E-05 1.036E-01 1.371E-03 1.061E-01 1.061E-01 
3.000E+02 3.657E-08 7.927E-04 1.530E-05 1.082E-01 1.462E-03 1.104E-01 1.104E-01 
4.000E+02 2.056E-08 6.210E-04 1.145E-05 1.108E-01 1.517E-03 1.129E-01 1.129E-01 
5.000E+02 1.316E-08 5.141E-04 9.149E-06 1.125E-01 1.553E-03 1.146E-01 1.146E-01 
6.000E+02 9.141E-09 4.400E-04 7.616E-06 1.138E-01 1.581E-03 1.158E-01 1.158E-01 
8.000E+02 5.141E-09 3.438E-04 5.706E-06 1.154E-01 1.617E-03 1.174E-01 1.174E-01 
1.000E+03 3.291E-09 2.828E-04 4.562E-06 1.165E-01 1.642E-03 1.184E-01 1.184E-01 
1.500E+03 1.462E-09 1.975E-04 3.040E-06 1.180E-01 1.678E-03 1.199E-01 1.199E-01 
2.000E+03 8.224E-10 1.528E-04 2.279E-06 1.188E-01 1.698E-03 1.207E-01 1.207E-01 
3.000E+03 3.657E-10 1.063E-04 1.518E-06 1.197E-01 1.720E-03 1.216E-01 1.216E-01 
4.000E+03 2.056E-10 8.204E-05 1.139E-06 1.202E-01 1.733E-03 1.220E-01 1.220E-01 
5.000E+03 1.316E-10 6.708E-05 9.106E-07 1.205E-01 1.741E-03 1.223E-01 1.223E-01 
6.000E+03 9.141E-11 5.688E-05 7.587E-07 1.207E-01 1.747E-03 1.225E-01 1.225E-01 
8.000E+03 5.141E-11 4.383E-05 5.691E-07 1.210E-01 1.754E-03 1.228E-01 1.228E-01 
1.000E+04 3.291E-11 3.579E-05 4.553E-07 1.212E-01 1.759E-03 1.230E-01 1.230E-01 
1.500E+04 1.462E-11 2.472E-05 3.034E-07 1.214E-01 1.765E-03 1.232E-01 1.232E-01 
2.000E+04 8.224E-12 1.901E-05 2.276E-07 1.216E-01 1.768E-03 1.234E-01 1.234E-01 
3.000E+04 3.657E-12 1.311E-05 1.517E-07 1.217E-01 1.772E-03 1.235E-01 1.235E-01 
4.000E+04 2.056E-12 1.007E-05 1.138E-07 1.218E-01 1.774E-03 1.236E-01 1.236E-01 
5.000E+04 1.316E-12 8.195E-06 9.103E-08 1.218E-01 1.776E-03 1.236E-01 1.236E-01 
6.000E+04 9.141E-13 6.927E-06 7.584E-08 1.219E-01 1.776E-03 1.236E-01 1.236E-01 
8.000E+04 5.141E-13 5.311E-06 5.688E-08 1.219E-01 1.777E-03 1.237E-01 1.237E-01 
1.000E+05 3.291E-13 4.322E-06 4.550E-08 1.219E-01 1.778E-03 1.237E-01 1.237E-01 
