1.000E-03 1.326E+01 4.873E-03 6.456E+03 0.000E+00 0.000E+00 6.470E+03 6.456E+03 
1.039E-03 1.321E+01 5.121E-03 6.018E+03 0.000E+00 0.000E+00 6.031E+03 6.018E+03 
1.080E-03 1.316E+01 5.377E-03 5.610E+03 0.000E+00 0.000E+00 5.623E+03 5.610E+03 
1.080E-03 1.316E+01 5.377E-03 5.690E+03 0.000E+00 0.000E+00 5.703E+03 5.690E+03 
1.171E-03 1.305E+01 5.926E-03 4.884E+03 0.000E+00 0.000E+00 4.897E+03 4.884E+03 
1.269E-03 1.293E+01 6.509E-03 4.191E+03 0.000E+00 0.000E+00 4.204E+03 4.191E+03 
1.269E-03 1.293E+01 6.509E-03 4.276E+03 0.000E+00 0.000E+00 4.289E+03 4.276E+03 
1.500E-03 1.263E+01 7.910E-03 3.069E+03 0.000E+00 0.000E+00 3.082E+03 3.069E+03 
2.000E-03 1.198E+01 1.088E-02 1.684E+03 0.000E+00 0.000E+00 1.696E+03 1.684E+03 
3.000E-03 1.074E+01 1.662E-02 6.873E+02 0.000E+00 0.000E+00 6.980E+02 6.873E+02 
3.219E-03 1.049E+01 1.784E-02 5.854E+02 0.000E+00 0.000E+00 5.959E+02 5.854E+02 
3.219E-03 1.049E+01 1.784E-02 1.526E+03 0.000E+00 0.000E+00 1.536E+03 1.526E+03 
3.294E-03 1.040E+01 1.825E-02 1.406E+03 0.000E+00 0.000E+00 1.416E+03 1.406E+03 
3.370E-03 1.031E+01 1.866E-02 1.296E+03 0.000E+00 0.000E+00 1.306E+03 1.296E+03 
3.370E-03 1.031E+01 1.866E-02 1.882E+03 0.000E+00 0.000E+00 1.892E+03 1.882E+03 
3.630E-03 1.002E+01 2.005E-02 1.556E+03 0.000E+00 0.000E+00 1.566E+03 1.556E+03 
3.909E-03 9.719E+00 2.150E-02 1.287E+03 0.000E+00 0.000E+00 1.297E+03 1.287E+03 
3.909E-03 9.719E+00 2.150E-02 1.495E+03 0.000E+00 0.000E+00 1.504E+03 1.495E+03 
4.000E-03 9.624E+00 2.197E-02 1.416E+03 0.000E+00 0.000E+00 1.426E+03 1.417E+03 
4.656E-03 8.968E+00 2.518E-02 9.655E+02 0.000E+00 0.000E+00 9.745E+02 9.656E+02 
4.656E-03 8.968E+00 2.518E-02 1.025E+03 0.000E+00 0.000E+00 1.034E+03 1.025E+03 
5.000E-03 8.647E+00 2.676E-02 8.600E+02 0.000E+00 0.000E+00 8.686E+02 8.600E+02 
5.002E-03 8.647E+00 2.676E-02 8.592E+02 0.000E+00 0.000E+00 8.679E+02 8.592E+02 
5.002E-03 8.647E+00 2.676E-02 8.966E+02 0.000E+00 0.000E+00 9.053E+02 8.966E+02 
6.000E-03 7.807E+00 3.104E-02 5.751E+02 0.000E+00 0.000E+00 5.829E+02 5.751E+02 
8.000E-03 6.433E+00 3.854E-02 2.814E+02 0.000E+00 0.000E+00 2.879E+02 2.815E+02 
1.000E-02 5.377E+00 4.523E-02 1.599E+02 0.000E+00 0.000E+00 1.653E+02 1.599E+02 
1.500E-02 3.631E+00 5.844E-02 5.631E+01 0.000E+00 0.000E+00 6.000E+01 5.637E+01 
1.587E-02 3.414E+00 6.029E-02 4.865E+01 0.000E+00 0.000E+00 5.212E+01 4.871E+01 
1.587E-02 3.414E+00 6.029E-02 1.179E+02 0.000E+00 0.000E+00 1.214E+02 1.180E+02 
1.740E-02 3.072E+00 6.323E-02 9.178E+01 0.000E+00 0.000E+00 9.491E+01 9.184E+01 
1.908E-02 2.753E+00 6.618E-02 7.143E+01 0.000E+00 0.000E+00 7.425E+01 7.150E+01 
1.908E-02 2.753E+00 6.618E-02 1.008E+02 0.000E+00 0.000E+00 1.036E+02 1.009E+02 
1.946E-02 2.689E+00 6.682E-02 9.594E+01 0.000E+00 0.000E+00 9.870E+01 9.601E+01 
1.984E-02 2.627E+00 6.743E-02 9.133E+01 0.000E+00 0.000E+00 9.402E+01 9.140E+01 
1.984E-02 2.627E+00 6.743E-02 1.051E+02 0.000E+00 0.000E+00 1.078E+02 1.052E+02 
2.000E-02 2.601E+00 6.767E-02 1.035E+02 0.000E+00 0.000E+00 1.061E+02 1.035E+02 
3.000E-02 1.531E+00 8.006E-02 3.650E+01 0.000E+00 0.000E+00 3.811E+01 3.658E+01 
4.000E-02 1.029E+00 8.769E-02 1.711E+01 0.000E+00 0.000E+00 1.823E+01 1.720E+01 
5.000E-02 7.390E-01 9.231E-02 9.438E+00 0.000E+00 0.000E+00 1.027E+01 9.530E+00 
6.000E-02 5.549E-01 9.499E-02 5.783E+00 0.000E+00 0.000E+00 6.433E+00 5.878E+00 
8.000E-02 3.486E-01 9.703E-02 2.655E+00 0.000E+00 0.000E+00 3.101E+00 2.752E+00 
1.000E-01 2.417E-01 9.693E-02 1.447E+00 0.000E+00 0.000E+00 1.786E+00 1.544E+00 
1.068E-01 2.166E-01 9.661E-02 1.211E+00 0.000E+00 0.000E+00 1.525E+00 1.308E+00 
1.068E-01 2.166E-01 9.661E-02 5.308E+00 0.000E+00 0.000E+00 5.621E+00 5.404E+00 
1.500E-01 1.203E-01 9.319E-02 2.220E+00 0.000E+00 0.000E+00 2.434E+00 2.313E+00 
2.000E-01 7.197E-02 8.828E-02 1.053E+00 0.000E+00 0.000E+00 1.213E+00 1.141E+00 
3.000E-01 3.448E-02 7.929E-02 3.722E-01 0.000E+00 0.000E+00 4.859E-01 4.514E-01 
4.000E-01 2.025E-02 7.218E-02 1.825E-01 0.000E+00 0.000E+00 2.749E-01 2.546E-01 
5.000E-01 1.331E-02 6.653E-02 1.074E-01 0.000E+00 0.000E+00 1.872E-01 1.739E-01 
6.000E-01 9.403E-03 6.194E-02 7.077E-02 0.000E+00 0.000E+00 1.421E-01 1.327E-01 
8.000E-01 5.406E-03 5.478E-02 3.785E-02 0.000E+00 0.000E+00 9.803E-02 9.263E-02 
1.000E+00 3.507E-03 4.942E-02 2.394E-02 0.000E+00 0.000E+00 7.686E-02 7.336E-02 
1.022E+00 3.361E-03 4.891E-02 2.292E-02 0.000E+00 0.000E+00 7.520E-02 7.184E-02 
1.250E+00 2.267E-03 4.432E-02 1.549E-02 4.292E-04 0.000E+00 6.251E-02 6.024E-02 
1.500E+00 1.585E-03 4.035E-02 1.101E-02 2.095E-03 0.000E+00 5.504E-02 5.345E-02 
2.000E+00 8.984E-04 3.448E-02 6.655E-03 6.186E-03 0.000E+00 4.822E-02 4.733E-02 
2.044E+00 8.605E-04 3.406E-02 6.417E-03 6.536E-03 0.000E+00 4.787E-02 4.701E-02 
3.000E+00 4.019E-04 2.716E-02 3.470E-03 1.305E-02 9.491E-06 4.409E-02 4.369E-02 
4.000E+00 2.266E-04 2.268E-02 2.267E-03 1.842E-02 3.867E-05 4.363E-02 4.341E-02 
5.000E+00 1.452E-04 1.959E-02 1.658E-03 2.291E-02 7.690E-05 4.438E-02 4.424E-02 
6.000E+00 1.009E-04 1.732E-02 1.298E-03 2.676E-02 1.179E-04 4.560E-02 4.550E-02 
7.000E+00 7.417E-05 1.557E-02 1.062E-03 3.016E-02 1.585E-04 4.703E-02 4.695E-02 
8.000E+00 5.679E-05 1.417E-02 8.958E-04 3.324E-02 1.979E-04 4.856E-02 4.850E-02 
9.000E+00 4.488E-05 1.303E-02 7.738E-04 3.605E-02 2.354E-04 5.013E-02 5.009E-02 
1.000E+01 3.637E-05 1.207E-02 6.801E-04 3.865E-02 2.708E-04 5.171E-02 5.167E-02 
1.100E+01 3.005E-05 1.126E-02 6.064E-04 4.104E-02 3.045E-04 5.324E-02 5.321E-02 
1.200E+01 2.526E-05 1.056E-02 5.467E-04 4.329E-02 3.361E-04 5.476E-02 5.473E-02 
1.300E+01 2.152E-05 9.950E-03 4.974E-04 4.536E-02 3.658E-04 5.619E-02 5.617E-02 
1.400E+01 1.856E-05 9.414E-03 4.562E-04 4.732E-02 3.939E-04 5.761E-02 5.759E-02 
1.500E+01 1.617E-05 8.937E-03 4.212E-04 4.915E-02 4.204E-04 5.895E-02 5.893E-02 
1.600E+01 1.421E-05 8.510E-03 3.913E-04 5.085E-02 4.456E-04 6.021E-02 6.020E-02 
1.800E+01 1.123E-05 7.777E-03 3.422E-04 5.395E-02 4.923E-04 6.258E-02 6.257E-02 
2.000E+01 9.096E-06 7.173E-03 3.040E-04 5.671E-02 5.345E-04 6.473E-02 6.472E-02 
2.200E+01 7.517E-06 6.663E-03 2.735E-04 5.921E-02 5.730E-04 6.672E-02 6.672E-02 
2.400E+01 6.316E-06 6.226E-03 2.484E-04 6.151E-02 6.082E-04 6.860E-02 6.860E-02 
2.600E+01 5.382E-06 5.846E-03 2.275E-04 6.361E-02 6.409E-04 7.033E-02 7.032E-02 
2.800E+01 4.639E-06 5.515E-03 2.099E-04 6.552E-02 6.708E-04 7.192E-02 7.191E-02 
3.000E+01 4.043E-06 5.223E-03 1.948E-04 6.730E-02 6.987E-04 7.342E-02 7.341E-02 
4.000E+01 2.274E-06 4.151E-03 1.431E-04 7.448E-02 8.130E-04 7.959E-02 7.959E-02 
5.000E+01 1.455E-06 3.464E-03 1.131E-04 7.984E-02 8.987E-04 8.432E-02 8.432E-02 
6.000E+01 1.011E-06 2.984E-03 9.345E-05 8.398E-02 9.663E-04 8.803E-02 8.803E-02 
8.000E+01 5.685E-07 2.354E-03 6.934E-05 9.008E-02 1.067E-03 9.357E-02 9.357E-02 
1.000E+02 3.639E-07 1.954E-03 5.512E-05 9.438E-02 1.140E-03 9.753E-02 9.753E-02 
1.500E+02 1.617E-07 1.392E-03 3.645E-05 1.012E-01 1.258E-03 1.039E-01 1.039E-01 
2.000E+02 9.096E-08 1.091E-03 2.722E-05 1.052E-01 1.332E-03 1.077E-01 1.077E-01 
3.000E+02 4.043E-08 7.732E-04 1.806E-05 1.099E-01 1.421E-03 1.121E-01 1.121E-01 
4.000E+02 2.274E-08 6.056E-04 1.351E-05 1.126E-01 1.475E-03 1.147E-01 1.147E-01 
5.000E+02 1.455E-08 5.013E-04 1.080E-05 1.144E-01 1.511E-03 1.164E-01 1.164E-01 
6.000E+02 1.011E-08 4.292E-04 8.992E-06 1.156E-01 1.537E-03 1.176E-01 1.176E-01 
8.000E+02 5.685E-09 3.353E-04 6.735E-06 1.173E-01 1.574E-03 1.192E-01 1.192E-01 
1.000E+03 3.639E-09 2.759E-04 5.385E-06 1.184E-01 1.598E-03 1.203E-01 1.203E-01 
1.500E+03 1.617E-09 1.926E-04 3.586E-06 1.200E-01 1.635E-03 1.218E-01 1.218E-01 
2.000E+03 9.096E-10 1.491E-04 2.690E-06 1.208E-01 1.655E-03 1.226E-01 1.226E-01 
3.000E+03 4.043E-10 1.037E-04 1.792E-06 1.218E-01 1.678E-03 1.235E-01 1.235E-01 
4.000E+03 2.274E-10 8.000E-05 1.344E-06 1.223E-01 1.691E-03 1.240E-01 1.240E-01 
5.000E+03 1.455E-10 6.541E-05 1.075E-06 1.226E-01 1.700E-03 1.243E-01 1.243E-01 
6.000E+03 1.011E-10 5.547E-05 8.955E-07 1.228E-01 1.705E-03 1.246E-01 1.246E-01 
8.000E+03 5.685E-11 4.273E-05 6.716E-07 1.231E-01 1.713E-03 1.248E-01 1.248E-01 
1.000E+04 3.639E-11 3.488E-05 5.372E-07 1.233E-01 1.718E-03 1.250E-01 1.250E-01 
1.500E+04 1.617E-11 2.411E-05 3.581E-07 1.235E-01 1.724E-03 1.253E-01 1.253E-01 
2.000E+04 9.096E-12 1.854E-05 2.687E-07 1.236E-01 1.728E-03 1.254E-01 1.254E-01 
3.000E+04 4.043E-12 1.279E-05 1.791E-07 1.238E-01 1.732E-03 1.255E-01 1.255E-01 
4.000E+04 2.274E-12 9.817E-06 1.343E-07 1.239E-01 1.734E-03 1.256E-01 1.256E-01 
5.000E+04 1.455E-12 7.992E-06 1.074E-07 1.239E-01 1.736E-03 1.256E-01 1.256E-01 
6.000E+04 1.011E-12 6.756E-06 8.953E-08 1.239E-01 1.736E-03 1.257E-01 1.257E-01 
8.000E+04 5.685E-13 5.181E-06 6.714E-08 1.240E-01 1.737E-03 1.257E-01 1.257E-01 
1.000E+05 3.639E-13 4.215E-06 5.372E-08 1.240E-01 1.738E-03 1.258E-01 1.258E-01 
