1.000E-03 1.239E+01 3.618E-03 4.994E+03 0.000E+00 0.000E+00 5.007E+03 4.994E+03 
1.500E-03 1.190E+01 6.585E-03 2.247E+03 0.000E+00 0.000E+00 2.259E+03 2.247E+03 
2.000E-03 1.135E+01 9.517E-03 1.220E+03 0.000E+00 0.000E+00 1.231E+03 1.220E+03 
2.389E-03 1.089E+01 1.173E-02 8.244E+02 0.000E+00 0.000E+00 8.353E+02 8.244E+02 
2.389E-03 1.089E+01 1.173E-02 1.121E+03 0.000E+00 0.000E+00 1.132E+03 1.121E+03 
2.437E-03 1.084E+01 1.198E-02 1.509E+03 0.000E+00 0.000E+00 1.519E+03 1.509E+03 
2.485E-03 1.079E+01 1.222E-02 2.029E+03 0.000E+00 0.000E+00 2.040E+03 2.029E+03 
2.485E-03 1.079E+01 1.222E-02 2.345E+03 0.000E+00 0.000E+00 2.356E+03 2.345E+03 
2.711E-03 1.054E+01 1.344E-02 2.137E+03 0.000E+00 0.000E+00 2.147E+03 2.137E+03 
2.957E-03 1.024E+01 1.478E-02 1.947E+03 0.000E+00 0.000E+00 1.957E+03 1.947E+03 
2.957E-03 1.024E+01 1.478E-02 2.255E+03 0.000E+00 0.000E+00 2.266E+03 2.255E+03 
3.000E-03 1.019E+01 1.501E-02 2.178E+03 0.000E+00 0.000E+00 2.189E+03 2.178E+03 
3.416E-03 9.726E+00 1.718E-02 1.581E+03 0.000E+00 0.000E+00 1.591E+03 1.581E+03 
3.416E-03 9.726E+00 1.718E-02 1.677E+03 0.000E+00 0.000E+00 1.687E+03 1.677E+03 
3.557E-03 9.572E+00 1.790E-02 1.523E+03 0.000E+00 0.000E+00 1.532E+03 1.523E+03 
3.704E-03 9.414E+00 1.865E-02 1.383E+03 0.000E+00 0.000E+00 1.392E+03 1.383E+03 
3.704E-03 9.414E+00 1.865E-02 1.443E+03 0.000E+00 0.000E+00 1.452E+03 1.443E+03 
4.000E-03 9.102E+00 2.014E-02 1.203E+03 0.000E+00 0.000E+00 1.212E+03 1.203E+03 
5.000E-03 8.129E+00 2.498E-02 6.986E+02 0.000E+00 0.000E+00 7.068E+02 6.986E+02 
6.000E-03 7.287E+00 2.961E-02 4.443E+02 0.000E+00 0.000E+00 4.516E+02 4.444E+02 
8.000E-03 5.934E+00 3.816E-02 2.148E+02 0.000E+00 0.000E+00 2.208E+02 2.149E+02 
1.000E-02 4.921E+00 4.552E-02 1.211E+02 0.000E+00 0.000E+00 1.260E+02 1.211E+02 
1.266E-02 3.913E+00 5.351E-02 6.559E+01 0.000E+00 0.000E+00 6.956E+01 6.564E+01 
1.266E-02 3.913E+00 5.351E-02 1.653E+02 0.000E+00 0.000E+00 1.693E+02 1.654E+02 
1.364E-02 3.619E+00 5.608E-02 1.351E+02 0.000E+00 0.000E+00 1.388E+02 1.352E+02 
1.470E-02 3.332E+00 5.866E-02 1.105E+02 0.000E+00 0.000E+00 1.139E+02 1.106E+02 
1.470E-02 3.332E+00 5.866E-02 1.538E+02 0.000E+00 0.000E+00 1.572E+02 1.538E+02 
1.500E-02 3.256E+00 5.937E-02 1.464E+02 0.000E+00 0.000E+00 1.497E+02 1.464E+02 
1.535E-02 3.173E+00 6.017E-02 1.383E+02 0.000E+00 0.000E+00 1.416E+02 1.384E+02 
1.535E-02 3.173E+00 6.017E-02 1.599E+02 0.000E+00 0.000E+00 1.631E+02 1.600E+02 
2.000E-02 2.299E+00 6.924E-02 8.123E+01 0.000E+00 0.000E+00 8.360E+01 8.130E+01 
3.000E-02 1.355E+00 8.268E-02 2.785E+01 0.000E+00 0.000E+00 2.929E+01 2.793E+01 
4.000E-02 9.040E-01 9.060E-02 1.286E+01 0.000E+00 0.000E+00 1.385E+01 1.295E+01 
5.000E-02 6.426E-01 9.517E-02 7.013E+00 0.000E+00 0.000E+00 7.750E+00 7.108E+00 
6.000E-02 4.809E-01 9.771E-02 4.261E+00 0.000E+00 0.000E+00 4.839E+00 4.358E+00 
8.000E-02 3.023E-01 9.953E-02 1.931E+00 0.000E+00 0.000E+00 2.332E+00 2.030E+00 
8.553E-02 2.707E-01 9.962E-02 1.605E+00 0.000E+00 0.000E+00 1.976E+00 1.705E+00 
8.553E-02 2.707E-01 9.962E-02 7.676E+00 0.000E+00 0.000E+00 8.046E+00 7.775E+00 
1.000E-01 2.087E-01 9.924E-02 5.089E+00 0.000E+00 0.000E+00 5.396E+00 5.188E+00 
1.500E-01 1.028E-01 9.508E-02 1.759E+00 0.000E+00 0.000E+00 1.957E+00 1.854E+00 
2.000E-01 6.132E-02 8.987E-02 8.182E-01 0.000E+00 0.000E+00 9.694E-01 9.081E-01 
3.000E-01 2.924E-02 8.053E-02 2.825E-01 0.000E+00 0.000E+00 3.922E-01 3.630E-01 
4.000E-01 1.708E-02 7.322E-02 1.364E-01 0.000E+00 0.000E+00 2.267E-01 2.096E-01 
5.000E-01 1.118E-02 6.745E-02 7.938E-02 0.000E+00 0.000E+00 1.580E-01 1.468E-01 
6.000E-01 7.879E-03 6.276E-02 5.195E-02 0.000E+00 0.000E+00 1.226E-01 1.147E-01 
8.000E-01 4.514E-03 5.545E-02 2.755E-02 0.000E+00 0.000E+00 8.751E-02 8.300E-02 
1.000E+00 2.921E-03 5.003E-02 1.735E-02 0.000E+00 0.000E+00 7.031E-02 6.739E-02 
1.022E+00 2.799E-03 4.950E-02 1.661E-02 0.000E+00 0.000E+00 6.891E-02 6.611E-02 
1.250E+00 1.885E-03 4.485E-02 1.121E-02 3.710E-04 0.000E+00 5.831E-02 5.642E-02 
1.500E+00 1.316E-03 4.081E-02 7.982E-03 1.767E-03 0.000E+00 5.187E-02 5.056E-02 
2.000E+00 7.446E-04 3.489E-02 4.829E-03 5.348E-03 0.000E+00 4.581E-02 4.506E-02 
2.044E+00 7.131E-04 3.444E-02 4.655E-03 5.663E-03 0.000E+00 4.548E-02 4.476E-02 
3.000E+00 3.324E-04 2.748E-02 2.525E-03 1.176E-02 9.600E-06 4.211E-02 4.177E-02 
4.000E+00 1.873E-04 2.293E-02 1.654E-03 1.693E-02 3.913E-05 4.175E-02 4.156E-02 
5.000E+00 1.200E-04 1.981E-02 1.212E-03 2.126E-02 7.782E-05 4.248E-02 4.236E-02 
6.000E+00 8.336E-05 1.751E-02 9.502E-04 2.500E-02 1.193E-04 4.366E-02 4.358E-02 
7.000E+00 6.126E-05 1.574E-02 7.782E-04 2.828E-02 1.605E-04 4.502E-02 4.496E-02 
8.000E+00 4.691E-05 1.433E-02 6.574E-04 3.123E-02 2.003E-04 4.647E-02 4.642E-02 
9.000E+00 3.707E-05 1.317E-02 5.684E-04 3.394E-02 2.384E-04 4.796E-02 4.792E-02 
1.000E+01 3.002E-05 1.220E-02 5.000E-04 3.642E-02 2.744E-04 4.943E-02 4.940E-02 
1.100E+01 2.482E-05 1.139E-02 4.458E-04 3.869E-02 3.085E-04 5.085E-02 5.083E-02 
1.200E+01 2.086E-05 1.068E-02 4.022E-04 4.084E-02 3.406E-04 5.228E-02 5.226E-02 
1.300E+01 1.777E-05 1.006E-02 3.662E-04 4.284E-02 3.707E-04 5.366E-02 5.364E-02 
1.400E+01 1.532E-05 9.517E-03 3.362E-04 4.470E-02 3.992E-04 5.497E-02 5.495E-02 
1.500E+01 1.335E-05 9.034E-03 3.103E-04 4.644E-02 4.264E-04 5.622E-02 5.621E-02 
1.600E+01 1.173E-05 8.604E-03 2.883E-04 4.806E-02 4.520E-04 5.741E-02 5.740E-02 
1.800E+01 9.273E-06 7.864E-03 2.524E-04 5.100E-02 4.994E-04 5.963E-02 5.962E-02 
2.000E+01 7.511E-06 7.251E-03 2.243E-04 5.360E-02 5.424E-04 6.162E-02 6.161E-02 
2.200E+01 6.205E-06 6.736E-03 2.018E-04 5.598E-02 5.816E-04 6.351E-02 6.350E-02 
2.400E+01 5.215E-06 6.294E-03 1.834E-04 5.813E-02 6.176E-04 6.523E-02 6.523E-02 
2.600E+01 4.443E-06 5.911E-03 1.681E-04 6.014E-02 6.506E-04 6.687E-02 6.687E-02 
2.800E+01 3.833E-06 5.575E-03 1.550E-04 6.194E-02 6.812E-04 6.835E-02 6.835E-02 
3.000E+01 3.338E-06 5.280E-03 1.439E-04 6.361E-02 7.095E-04 6.975E-02 6.975E-02 
4.000E+01 1.878E-06 4.196E-03 1.058E-04 7.042E-02 8.262E-04 7.555E-02 7.555E-02 
5.000E+01 1.202E-06 3.503E-03 8.365E-05 7.549E-02 9.140E-04 7.999E-02 7.999E-02 
6.000E+01 8.344E-07 3.017E-03 6.915E-05 7.941E-02 9.829E-04 8.348E-02 8.348E-02 
8.000E+01 4.694E-07 2.380E-03 5.136E-05 8.518E-02 1.086E-03 8.870E-02 8.870E-02 
1.000E+02 3.005E-07 1.975E-03 4.084E-05 8.925E-02 1.160E-03 9.243E-02 9.243E-02 
1.500E+02 1.335E-07 1.407E-03 2.699E-05 9.567E-02 1.281E-03 9.839E-02 9.839E-02 
2.000E+02 7.511E-08 1.103E-03 2.016E-05 9.947E-02 1.355E-03 1.020E-01 1.020E-01 
3.000E+02 3.338E-08 7.817E-04 1.339E-05 1.039E-01 1.446E-03 1.061E-01 1.061E-01 
4.000E+02 1.878E-08 6.123E-04 1.002E-05 1.064E-01 1.499E-03 1.085E-01 1.085E-01 
5.000E+02 1.202E-08 5.068E-04 8.006E-06 1.081E-01 1.536E-03 1.101E-01 1.101E-01 
6.000E+02 8.344E-09 4.340E-04 6.665E-06 1.093E-01 1.562E-03 1.113E-01 1.113E-01 
8.000E+02 4.694E-09 3.388E-04 4.994E-06 1.108E-01 1.598E-03 1.128E-01 1.128E-01 
1.000E+03 3.005E-09 2.788E-04 3.992E-06 1.118E-01 1.623E-03 1.137E-01 1.137E-01 
1.500E+03 1.335E-09 1.947E-04 2.659E-06 1.133E-01 1.658E-03 1.151E-01 1.151E-01 
2.000E+03 7.511E-10 1.507E-04 1.994E-06 1.141E-01 1.678E-03 1.159E-01 1.159E-01 
3.000E+03 3.338E-10 1.048E-04 1.329E-06 1.150E-01 1.700E-03 1.168E-01 1.168E-01 
4.000E+03 1.878E-10 8.088E-05 9.962E-07 1.154E-01 1.713E-03 1.172E-01 1.172E-01 
5.000E+03 1.202E-10 6.612E-05 7.967E-07 1.157E-01 1.721E-03 1.175E-01 1.175E-01 
6.000E+03 8.344E-11 5.607E-05 6.638E-07 1.159E-01 1.726E-03 1.177E-01 1.177E-01 
8.000E+03 4.694E-11 4.320E-05 4.980E-07 1.162E-01 1.733E-03 1.180E-01 1.180E-01 
1.000E+04 3.005E-11 3.527E-05 3.984E-07 1.164E-01 1.738E-03 1.181E-01 1.181E-01 
1.500E+04 1.335E-11 2.438E-05 2.655E-07 1.166E-01 1.744E-03 1.184E-01 1.184E-01 
2.000E+04 7.511E-12 1.874E-05 1.991E-07 1.167E-01 1.748E-03 1.185E-01 1.185E-01 
3.000E+04 3.338E-12 1.293E-05 1.327E-07 1.169E-01 1.751E-03 1.186E-01 1.186E-01 
4.000E+04 1.878E-12 9.924E-06 9.956E-08 1.169E-01 1.753E-03 1.187E-01 1.187E-01 
5.000E+04 1.202E-12 8.082E-06 7.964E-08 1.169E-01 1.755E-03 1.187E-01 1.187E-01 
6.000E+04 8.344E-13 6.830E-06 6.638E-08 1.170E-01 1.756E-03 1.187E-01 1.187E-01 
8.000E+04 4.694E-13 5.239E-06 4.977E-08 1.170E-01 1.756E-03 1.188E-01 1.188E-01 
1.000E+05 3.005E-13 4.261E-06 3.981E-08 1.171E-01 1.757E-03 1.188E-01 1.188E-01 
