1.000E-03 1.357E+01 4.526E-03 6.613E+03 0.000E+00 0.000E+00 6.627E+03 6.613E+03 
1.022E-03 1.354E+01 4.659E-03 6.360E+03 0.000E+00 0.000E+00 6.373E+03 6.360E+03 
1.045E-03 1.352E+01 4.794E-03 6.115E+03 0.000E+00 0.000E+00 6.129E+03 6.115E+03 
1.045E-03 1.352E+01 4.794E-03 6.507E+03 0.000E+00 0.000E+00 6.521E+03 6.507E+03 
1.153E-03 1.339E+01 5.428E-03 5.418E+03 0.000E+00 0.000E+00 5.432E+03 5.418E+03 
1.273E-03 1.325E+01 6.120E-03 4.514E+03 0.000E+00 0.000E+00 4.527E+03 4.514E+03 
1.273E-03 1.325E+01 6.120E-03 4.577E+03 0.000E+00 0.000E+00 4.590E+03 4.577E+03 
1.354E-03 1.314E+01 6.597E-03 4.050E+03 0.000E+00 0.000E+00 4.063E+03 4.050E+03 
1.441E-03 1.303E+01 7.107E-03 3.585E+03 0.000E+00 0.000E+00 3.598E+03 3.585E+03 
1.441E-03 1.303E+01 7.107E-03 3.656E+03 0.000E+00 0.000E+00 3.669E+03 3.656E+03 
1.500E-03 1.295E+01 7.453E-03 3.367E+03 0.000E+00 0.000E+00 3.380E+03 3.367E+03 
2.000E-03 1.230E+01 1.034E-02 1.853E+03 0.000E+00 0.000E+00 1.865E+03 1.853E+03 
3.000E-03 1.102E+01 1.595E-02 7.582E+02 0.000E+00 0.000E+00 7.693E+02 7.583E+02 
3.552E-03 1.036E+01 1.889E-02 5.154E+02 0.000E+00 0.000E+00 5.257E+02 5.154E+02 
3.552E-03 1.036E+01 1.889E-02 1.255E+03 0.000E+00 0.000E+00 1.266E+03 1.255E+03 
3.639E-03 1.026E+01 1.933E-02 1.176E+03 0.000E+00 0.000E+00 1.186E+03 1.176E+03 
3.728E-03 1.016E+01 1.979E-02 1.102E+03 0.000E+00 0.000E+00 1.112E+03 1.102E+03 
3.728E-03 1.016E+01 1.979E-02 1.572E+03 0.000E+00 0.000E+00 1.582E+03 1.572E+03 
4.000E-03 9.854E+00 2.116E-02 1.319E+03 0.000E+00 0.000E+00 1.329E+03 1.319E+03 
4.303E-03 9.531E+00 2.264E-02 1.101E+03 0.000E+00 0.000E+00 1.110E+03 1.101E+03 
4.303E-03 9.531E+00 2.264E-02 1.282E+03 0.000E+00 0.000E+00 1.292E+03 1.282E+03 
5.000E-03 8.840E+00 2.588E-02 8.802E+02 0.000E+00 0.000E+00 8.891E+02 8.802E+02 
5.182E-03 8.670E+00 2.667E-02 8.030E+02 0.000E+00 0.000E+00 8.117E+02 8.030E+02 
5.182E-03 8.670E+00 2.667E-02 8.524E+02 0.000E+00 0.000E+00 8.611E+02 8.524E+02 
5.362E-03 8.509E+00 2.744E-02 7.833E+02 0.000E+00 0.000E+00 7.919E+02 7.834E+02 
5.548E-03 8.346E+00 2.823E-02 7.198E+02 0.000E+00 0.000E+00 7.282E+02 7.198E+02 
5.548E-03 8.346E+00 2.823E-02 7.507E+02 0.000E+00 0.000E+00 7.590E+02 7.507E+02 
6.000E-03 7.970E+00 3.008E-02 6.204E+02 0.000E+00 0.000E+00 6.284E+02 6.204E+02 
8.000E-03 6.568E+00 3.747E-02 3.041E+02 0.000E+00 0.000E+00 3.107E+02 3.041E+02 
1.000E-02 5.498E+00 4.397E-02 1.736E+02 0.000E+00 0.000E+00 1.791E+02 1.736E+02 
1.500E-02 3.734E+00 5.705E-02 6.148E+01 0.000E+00 0.000E+00 6.527E+01 6.154E+01 
1.717E-02 3.218E+00 6.143E-02 4.334E+01 0.000E+00 0.000E+00 4.662E+01 4.340E+01 
1.717E-02 3.218E+00 6.143E-02 1.037E+02 0.000E+00 0.000E+00 1.070E+02 1.037E+02 
2.000E-02 2.689E+00 6.626E-02 6.831E+01 0.000E+00 0.000E+00 7.107E+01 6.838E+01 
2.095E-02 2.540E+00 6.770E-02 6.039E+01 0.000E+00 0.000E+00 6.300E+01 6.046E+01 
2.095E-02 2.540E+00 6.770E-02 8.577E+01 0.000E+00 0.000E+00 8.837E+01 8.583E+01 
2.135E-02 2.482E+00 6.830E-02 8.166E+01 0.000E+00 0.000E+00 8.421E+01 8.172E+01 
2.176E-02 2.425E+00 6.889E-02 7.775E+01 0.000E+00 0.000E+00 8.024E+01 7.782E+01 
2.176E-02 2.425E+00 6.889E-02 8.971E+01 0.000E+00 0.000E+00 9.221E+01 8.978E+01 
3.000E-02 1.585E+00 7.833E-02 3.962E+01 0.000E+00 0.000E+00 4.128E+01 3.970E+01 
4.000E-02 1.065E+00 8.577E-02 1.868E+01 0.000E+00 0.000E+00 1.983E+01 1.876E+01 
5.000E-02 7.681E-01 9.035E-02 1.035E+01 0.000E+00 0.000E+00 1.121E+01 1.044E+01 
6.000E-02 5.781E-01 9.305E-02 6.363E+00 0.000E+00 0.000E+00 7.034E+00 6.456E+00 
8.000E-02 3.631E-01 9.518E-02 2.937E+00 0.000E+00 0.000E+00 3.396E+00 3.033E+00 
1.000E-01 2.519E-01 9.510E-02 1.608E+00 0.000E+00 0.000E+00 1.955E+00 1.703E+00 
1.156E-01 1.974E-01 9.434E-02 1.086E+00 0.000E+00 0.000E+00 1.378E+00 1.180E+00 
1.156E-01 1.974E-01 9.434E-02 4.602E+00 0.000E+00 0.000E+00 4.894E+00 4.696E+00 
1.500E-01 1.260E-01 9.159E-02 2.373E+00 0.000E+00 0.000E+00 2.591E+00 2.465E+00 
2.000E-01 7.544E-02 8.683E-02 1.136E+00 0.000E+00 0.000E+00 1.298E+00 1.223E+00 
3.000E-01 3.620E-02 7.805E-02 4.051E-01 0.000E+00 0.000E+00 5.193E-01 4.831E-01 
4.000E-01 2.131E-02 7.107E-02 1.998E-01 0.000E+00 0.000E+00 2.922E-01 2.709E-01 
5.000E-01 1.402E-02 6.553E-02 1.181E-01 0.000E+00 0.000E+00 1.976E-01 1.836E-01 
6.000E-01 9.920E-03 6.100E-02 7.808E-02 0.000E+00 0.000E+00 1.490E-01 1.391E-01 
8.000E-01 5.713E-03 5.396E-02 4.192E-02 0.000E+00 0.000E+00 1.016E-01 9.589E-02 
1.000E+00 3.709E-03 4.870E-02 2.654E-02 0.000E+00 0.000E+00 7.895E-02 7.524E-02 
1.022E+00 3.555E-03 4.820E-02 2.543E-02 0.000E+00 0.000E+00 7.718E-02 7.362E-02 
1.250E+00 2.400E-03 4.367E-02 1.718E-02 4.455E-04 0.000E+00 6.370E-02 6.130E-02 
1.500E+00 1.679E-03 3.977E-02 1.222E-02 2.199E-03 0.000E+00 5.587E-02 5.419E-02 
2.000E+00 9.523E-04 3.400E-02 7.380E-03 6.441E-03 0.000E+00 4.878E-02 4.782E-02 
2.044E+00 9.123E-04 3.357E-02 7.114E-03 6.801E-03 0.000E+00 4.840E-02 4.749E-02 
3.000E+00 4.263E-04 2.679E-02 3.846E-03 1.339E-02 9.356E-06 4.447E-02 4.404E-02 
4.000E+00 2.405E-04 2.236E-02 2.509E-03 1.877E-02 3.813E-05 4.392E-02 4.368E-02 
5.000E+00 1.541E-04 1.932E-02 1.835E-03 2.325E-02 7.580E-05 4.463E-02 4.448E-02 
6.000E+00 1.071E-04 1.708E-02 1.435E-03 2.710E-02 1.161E-04 4.583E-02 4.572E-02 
7.000E+00 7.873E-05 1.535E-02 1.173E-03 3.051E-02 1.562E-04 4.727E-02 4.719E-02 
8.000E+00 6.029E-05 1.397E-02 9.895E-04 3.357E-02 1.949E-04 4.879E-02 4.873E-02 
9.000E+00 4.767E-05 1.284E-02 8.544E-04 3.641E-02 2.319E-04 5.039E-02 5.034E-02 
1.000E+01 3.861E-05 1.190E-02 7.509E-04 3.899E-02 2.669E-04 5.195E-02 5.191E-02 
1.100E+01 3.190E-05 1.110E-02 6.692E-04 4.142E-02 3.001E-04 5.352E-02 5.349E-02 
1.200E+01 2.682E-05 1.041E-02 6.032E-04 4.364E-02 3.309E-04 5.502E-02 5.499E-02 
1.300E+01 2.285E-05 9.809E-03 5.488E-04 4.574E-02 3.603E-04 5.648E-02 5.646E-02 
1.400E+01 1.971E-05 9.280E-03 5.032E-04 4.772E-02 3.878E-04 5.791E-02 5.789E-02 
1.500E+01 1.717E-05 8.809E-03 4.648E-04 4.956E-02 4.142E-04 5.927E-02 5.925E-02 
1.600E+01 1.509E-05 8.389E-03 4.314E-04 5.128E-02 4.390E-04 6.056E-02 6.054E-02 
1.800E+01 1.192E-05 7.668E-03 3.772E-04 5.440E-02 4.847E-04 6.294E-02 6.293E-02 
2.000E+01 9.657E-06 7.071E-03 3.352E-04 5.718E-02 5.265E-04 6.512E-02 6.511E-02 
2.200E+01 7.982E-06 6.568E-03 3.013E-04 5.971E-02 5.642E-04 6.715E-02 6.714E-02 
2.400E+01 6.707E-06 6.138E-03 2.737E-04 6.201E-02 5.989E-04 6.903E-02 6.902E-02 
2.600E+01 5.715E-06 5.763E-03 2.507E-04 6.414E-02 6.307E-04 7.079E-02 7.078E-02 
2.800E+01 4.928E-06 5.437E-03 2.313E-04 6.606E-02 6.603E-04 7.239E-02 7.239E-02 
3.000E+01 4.293E-06 5.149E-03 2.146E-04 6.785E-02 6.877E-04 7.391E-02 7.391E-02 
4.000E+01 2.415E-06 4.091E-03 1.576E-04 7.512E-02 8.000E-04 8.017E-02 8.016E-02 
5.000E+01 1.546E-06 3.416E-03 1.245E-04 8.050E-02 8.842E-04 8.493E-02 8.493E-02 
6.000E+01 1.073E-06 2.942E-03 1.029E-04 8.470E-02 9.505E-04 8.870E-02 8.870E-02 
8.000E+01 6.037E-07 2.321E-03 7.636E-05 9.085E-02 1.049E-03 9.430E-02 9.430E-02 
1.000E+02 3.863E-07 1.926E-03 6.069E-05 9.520E-02 1.121E-03 9.831E-02 9.831E-02 
1.500E+02 1.717E-07 1.372E-03 4.010E-05 1.021E-01 1.237E-03 1.047E-01 1.047E-01 
2.000E+02 9.660E-08 1.076E-03 2.996E-05 1.061E-01 1.309E-03 1.085E-01 1.085E-01 
3.000E+02 4.293E-08 7.623E-04 1.988E-05 1.109E-01 1.397E-03 1.131E-01 1.131E-01 
4.000E+02 2.415E-08 5.971E-04 1.488E-05 1.136E-01 1.449E-03 1.157E-01 1.157E-01 
5.000E+02 1.546E-08 4.944E-04 1.188E-05 1.154E-01 1.484E-03 1.174E-01 1.174E-01 
6.000E+02 1.073E-08 4.233E-04 9.895E-06 1.167E-01 1.510E-03 1.186E-01 1.186E-01 
8.000E+02 6.037E-09 3.304E-04 7.413E-06 1.184E-01 1.546E-03 1.203E-01 1.203E-01 
1.000E+03 3.863E-09 2.720E-04 5.925E-06 1.195E-01 1.570E-03 1.213E-01 1.213E-01 
1.500E+03 1.717E-09 1.899E-04 3.947E-06 1.211E-01 1.605E-03 1.229E-01 1.229E-01 
2.000E+03 9.660E-10 1.470E-04 2.960E-06 1.219E-01 1.625E-03 1.237E-01 1.237E-01 
3.000E+03 4.293E-10 1.022E-04 1.972E-06 1.229E-01 1.647E-03 1.246E-01 1.246E-01 
4.000E+03 2.415E-10 7.889E-05 1.479E-06 1.234E-01 1.660E-03 1.252E-01 1.252E-01 
5.000E+03 1.546E-10 6.449E-05 1.183E-06 1.237E-01 1.668E-03 1.255E-01 1.255E-01 
6.000E+03 1.073E-10 5.470E-05 9.854E-07 1.239E-01 1.673E-03 1.257E-01 1.257E-01 
8.000E+03 6.037E-11 4.212E-05 7.390E-07 1.242E-01 1.681E-03 1.260E-01 1.260E-01 
1.000E+04 3.863E-11 3.441E-05 5.913E-07 1.244E-01 1.685E-03 1.261E-01 1.261E-01 
1.500E+04 1.717E-11 2.377E-05 3.942E-07 1.247E-01 1.692E-03 1.264E-01 1.264E-01 
2.000E+04 9.660E-12 1.828E-05 2.955E-07 1.248E-01 1.695E-03 1.265E-01 1.265E-01 
3.000E+04 4.293E-12 1.261E-05 1.970E-07 1.250E-01 1.699E-03 1.267E-01 1.267E-01 
4.000E+04 2.415E-12 9.677E-06 1.478E-07 1.250E-01 1.701E-03 1.267E-01 1.267E-01 
5.000E+04 1.546E-12 7.881E-06 1.182E-07 1.251E-01 1.703E-03 1.268E-01 1.268E-01 
6.000E+04 1.073E-12 6.661E-06 9.852E-08 1.251E-01 1.703E-03 1.268E-01 1.268E-01 
8.000E+04 6.037E-13 5.108E-06 7.388E-08 1.252E-01 1.704E-03 1.269E-01 1.269E-01 
1.000E+05 3.863E-13 4.157E-06 5.910E-08 1.252E-01 1.705E-03 1.269E-01 1.269E-01 
