1.000E-03 1.366E+01 4.702E-03 6.516E+03 0.000E+00 0.000E+00 6.530E+03 6.516E+03 
1.003E-03 1.365E+01 4.723E-03 6.476E+03 0.000E+00 0.000E+00 6.490E+03 6.476E+03 
1.007E-03 1.365E+01 4.744E-03 6.438E+03 0.000E+00 0.000E+00 6.452E+03 6.438E+03 
1.007E-03 1.365E+01 4.744E-03 6.855E+03 0.000E+00 0.000E+00 6.869E+03 6.855E+03 
1.110E-03 1.352E+01 5.389E-03 5.725E+03 0.000E+00 0.000E+00 5.738E+03 5.725E+03 
1.224E-03 1.338E+01 6.084E-03 4.783E+03 0.000E+00 0.000E+00 4.796E+03 4.783E+03 
1.224E-03 1.338E+01 6.084E-03 4.851E+03 0.000E+00 0.000E+00 4.864E+03 4.851E+03 
1.303E-03 1.328E+01 6.545E-03 4.294E+03 0.000E+00 0.000E+00 4.308E+03 4.294E+03 
1.387E-03 1.318E+01 7.035E-03 3.803E+03 0.000E+00 0.000E+00 3.816E+03 3.803E+03 
1.387E-03 1.318E+01 7.035E-03 3.879E+03 0.000E+00 0.000E+00 3.892E+03 3.879E+03 
1.500E-03 1.303E+01 7.715E-03 3.313E+03 0.000E+00 0.000E+00 3.326E+03 3.313E+03 
2.000E-03 1.236E+01 1.068E-02 1.821E+03 0.000E+00 0.000E+00 1.834E+03 1.821E+03 
3.000E-03 1.107E+01 1.644E-02 7.447E+02 0.000E+00 0.000E+00 7.558E+02 7.447E+02 
3.442E-03 1.054E+01 1.886E-02 5.443E+02 0.000E+00 0.000E+00 5.548E+02 5.443E+02 
3.442E-03 1.054E+01 1.886E-02 1.352E+03 0.000E+00 0.000E+00 1.363E+03 1.352E+03 
3.525E-03 1.045E+01 1.932E-02 1.260E+03 0.000E+00 0.000E+00 1.271E+03 1.260E+03 
3.611E-03 1.035E+01 1.977E-02 1.175E+03 0.000E+00 0.000E+00 1.185E+03 1.175E+03 
3.611E-03 1.035E+01 1.977E-02 1.684E+03 0.000E+00 0.000E+00 1.694E+03 1.684E+03 
4.000E-03 9.908E+00 2.178E-02 1.305E+03 0.000E+00 0.000E+00 1.315E+03 1.305E+03 
4.174E-03 9.720E+00 2.265E-02 1.172E+03 0.000E+00 0.000E+00 1.182E+03 1.172E+03 
4.174E-03 9.720E+00 2.265E-02 1.365E+03 0.000E+00 0.000E+00 1.375E+03 1.365E+03 
5.000E-03 8.894E+00 2.659E-02 8.669E+02 0.000E+00 0.000E+00 8.759E+02 8.670E+02 
5.001E-03 8.894E+00 2.661E-02 8.667E+02 0.000E+00 0.000E+00 8.756E+02 8.667E+02 
5.001E-03 8.894E+00 2.661E-02 9.199E+02 0.000E+00 0.000E+00 9.288E+02 9.199E+02 
5.181E-03 8.780E+00 2.893E-02 8.430E+02 0.000E+00 0.000E+00 8.518E+02 8.430E+02 
5.367E-03 8.557E+00 2.823E-02 7.726E+02 0.000E+00 0.000E+00 7.812E+02 7.726E+02 
5.367E-03 8.557E+00 2.823E-02 8.057E+02 0.000E+00 0.000E+00 8.143E+02 8.057E+02 
6.000E-03 8.023E+00 3.089E-02 6.136E+02 0.000E+00 0.000E+00 6.216E+02 6.136E+02 
8.000E-03 6.613E+00 3.842E-02 3.008E+02 0.000E+00 0.000E+00 3.075E+02 3.008E+02 
1.000E-02 5.534E+00 4.507E-02 1.714E+02 0.000E+00 0.000E+00 1.769E+02 1.714E+02 
1.500E-02 3.751E+00 5.839E-02 6.060E+01 0.000E+00 0.000E+00 6.441E+01 6.066E+01 
1.673E-02 3.326E+00 6.198E-02 4.564E+01 0.000E+00 0.000E+00 4.903E+01 4.570E+01 
1.673E-02 3.326E+00 6.198E-02 1.096E+02 0.000E+00 0.000E+00 1.130E+02 1.097E+02 
2.000E-02 2.698E+00 6.772E-02 6.748E+01 0.000E+00 0.000E+00 7.025E+01 6.755E+01 
2.031E-02 2.646E+00 6.821E-02 6.475E+01 0.000E+00 0.000E+00 6.746E+01 6.482E+01 
2.031E-02 2.646E+00 6.821E-02 9.180E+01 0.000E+00 0.000E+00 9.452E+01 9.187E+01 
2.071E-02 2.584E+00 6.882E-02 8.736E+01 0.000E+00 0.000E+00 9.002E+01 8.743E+01 
2.110E-02 2.525E+00 6.941E-02 8.318E+01 0.000E+00 0.000E+00 8.577E+01 8.325E+01 
2.110E-02 2.525E+00 6.941E-02 9.600E+01 0.000E+00 0.000E+00 9.860E+01 9.607E+01 
3.000E-02 1.589E+00 8.002E-02 3.910E+01 0.000E+00 0.000E+00 4.077E+01 3.918E+01 
4.000E-02 1.068E+00 8.766E-02 1.841E+01 0.000E+00 0.000E+00 1.957E+01 1.850E+01 
5.000E-02 7.692E-01 9.230E-02 1.019E+01 0.000E+00 0.000E+00 1.105E+01 1.028E+01 
6.000E-02 5.784E-01 9.504E-02 6.256E+00 0.000E+00 0.000E+00 6.929E+00 6.351E+00 
8.000E-02 3.634E-01 9.715E-02 2.883E+00 0.000E+00 0.000E+00 3.343E+00 2.980E+00 
1.000E-01 2.520E-01 9.707E-02 1.575E+00 0.000E+00 0.000E+00 1.924E+00 1.672E+00 
1.126E-01 2.065E-01 9.647E-02 1.142E+00 0.000E+00 0.000E+00 1.445E+00 1.238E+00 
1.126E-01 2.065E-01 9.647E-02 4.895E+00 0.000E+00 0.000E+00 5.198E+00 4.992E+00 
1.500E-01 1.258E-01 9.342E-02 2.356E+00 0.000E+00 0.000E+00 2.575E+00 2.449E+00 
2.000E-01 7.533E-02 8.857E-02 1.124E+00 0.000E+00 0.000E+00 1.288E+00 1.213E+00 
3.000E-01 3.613E-02 7.958E-02 3.996E-01 0.000E+00 0.000E+00 5.153E-01 4.792E-01 
4.000E-01 2.125E-02 7.246E-02 1.967E-01 0.000E+00 0.000E+00 2.904E-01 2.692E-01 
5.000E-01 1.398E-02 6.681E-02 1.161E-01 0.000E+00 0.000E+00 1.969E-01 1.829E-01 
6.000E-01 9.884E-03 6.219E-02 7.666E-02 0.000E+00 0.000E+00 1.487E-01 1.389E-01 
8.000E-01 5.690E-03 5.500E-02 4.111E-02 0.000E+00 0.000E+00 1.018E-01 9.610E-02 
1.000E+00 3.691E-03 4.966E-02 2.603E-02 0.000E+00 0.000E+00 7.937E-02 7.568E-02 
1.022E+00 3.540E-03 4.913E-02 2.492E-02 0.000E+00 0.000E+00 7.760E-02 7.406E-02 
1.250E+00 2.389E-03 4.452E-02 1.684E-02 4.465E-04 0.000E+00 6.420E-02 6.181E-02 
1.500E+00 1.671E-03 4.053E-02 1.198E-02 2.195E-03 0.000E+00 5.638E-02 5.470E-02 
2.000E+00 9.475E-04 3.464E-02 7.236E-03 6.449E-03 0.000E+00 4.927E-02 4.833E-02 
2.044E+00 9.076E-04 3.422E-02 6.975E-03 6.808E-03 0.000E+00 4.892E-02 4.801E-02 
3.000E+00 4.241E-04 2.729E-02 3.769E-03 1.347E-02 9.535E-06 4.496E-02 4.454E-02 
4.000E+00 2.392E-04 2.279E-02 2.461E-03 1.892E-02 3.884E-05 4.445E-02 4.421E-02 
5.000E+00 1.533E-04 1.968E-02 1.800E-03 2.347E-02 7.723E-05 4.519E-02 4.503E-02 
6.000E+00 1.065E-04 1.740E-02 1.408E-03 2.737E-02 1.184E-04 4.641E-02 4.630E-02 
7.000E+00 7.830E-05 1.564E-02 1.151E-03 3.084E-02 1.592E-04 4.787E-02 4.779E-02 
8.000E+00 5.995E-05 1.424E-02 9.712E-04 3.396E-02 1.987E-04 4.943E-02 4.937E-02 
9.000E+00 4.739E-05 1.309E-02 8.385E-04 3.680E-02 2.364E-04 5.102E-02 5.097E-02 
1.000E+01 3.839E-05 1.213E-02 7.371E-04 3.944E-02 2.721E-04 5.261E-02 5.258E-02 
1.100E+01 3.172E-05 1.131E-02 6.569E-04 4.189E-02 3.058E-04 5.419E-02 5.416E-02 
1.200E+01 2.667E-05 1.061E-02 5.922E-04 4.416E-02 3.376E-04 5.572E-02 5.570E-02 
1.300E+01 2.272E-05 9.996E-03 5.388E-04 4.629E-02 3.673E-04 5.722E-02 5.720E-02 
1.400E+01 1.959E-05 9.457E-03 4.942E-04 4.827E-02 3.954E-04 5.864E-02 5.862E-02 
1.500E+01 1.707E-05 8.980E-03 4.564E-04 5.012E-02 4.223E-04 6.000E-02 5.998E-02 
1.600E+01 1.500E-05 8.550E-03 4.236E-04 5.187E-02 4.475E-04 6.131E-02 6.129E-02 
1.800E+01 1.185E-05 7.815E-03 3.707E-04 5.502E-02 4.942E-04 6.372E-02 6.370E-02 
2.000E+01 9.603E-06 7.207E-03 3.292E-04 5.784E-02 5.367E-04 6.592E-02 6.591E-02 
2.200E+01 7.937E-06 6.694E-03 2.961E-04 6.039E-02 5.753E-04 6.797E-02 6.796E-02 
2.400E+01 6.668E-06 6.256E-03 2.690E-04 6.274E-02 6.107E-04 6.988E-02 6.988E-02 
2.600E+01 5.682E-06 5.875E-03 2.463E-04 6.488E-02 6.430E-04 7.165E-02 7.164E-02 
2.800E+01 4.900E-06 5.542E-03 2.272E-04 6.683E-02 6.733E-04 7.328E-02 7.327E-02 
3.000E+01 4.267E-06 5.247E-03 2.108E-04 6.863E-02 7.012E-04 7.479E-02 7.479E-02 
4.000E+01 2.401E-06 4.171E-03 1.549E-04 7.598E-02 8.159E-04 8.113E-02 8.112E-02 
5.000E+01 1.537E-06 3.480E-03 1.224E-04 8.146E-02 9.019E-04 8.596E-02 8.596E-02 
6.000E+01 1.067E-06 2.998E-03 1.011E-04 8.568E-02 9.694E-04 8.975E-02 8.975E-02 
8.000E+01 6.003E-07 2.365E-03 7.502E-05 9.191E-02 1.070E-03 9.542E-02 9.542E-02 
1.000E+02 3.842E-07 1.963E-03 5.964E-05 9.629E-02 1.143E-03 9.945E-02 9.945E-02 
1.500E+02 1.707E-07 1.398E-03 3.941E-05 1.032E-01 1.262E-03 1.059E-01 1.059E-01 
2.000E+02 9.603E-08 1.096E-03 2.943E-05 1.073E-01 1.336E-03 1.098E-01 1.098E-01 
3.000E+02 4.270E-08 7.770E-04 1.953E-05 1.122E-01 1.425E-03 1.144E-01 1.144E-01 
4.000E+02 2.401E-08 6.084E-04 1.462E-05 1.149E-01 1.478E-03 1.170E-01 1.170E-01 
5.000E+02 1.537E-08 5.036E-04 1.168E-05 1.167E-01 1.515E-03 1.188E-01 1.188E-01 
6.000E+02 1.067E-08 4.314E-04 9.725E-06 1.180E-01 1.541E-03 1.200E-01 1.200E-01 
8.000E+02 6.003E-09 3.368E-04 7.285E-06 1.197E-01 1.578E-03 1.216E-01 1.216E-01 
1.000E+03 3.842E-09 2.771E-04 5.823E-06 1.208E-01 1.602E-03 1.227E-01 1.227E-01 
1.500E+03 1.707E-09 1.935E-04 3.879E-06 1.225E-01 1.638E-03 1.243E-01 1.243E-01 
2.000E+03 9.603E-10 1.498E-04 2.909E-06 1.233E-01 1.659E-03 1.251E-01 1.251E-01 
3.000E+03 4.270E-10 1.041E-04 1.938E-06 1.243E-01 1.681E-03 1.261E-01 1.261E-01 
4.000E+03 2.401E-10 8.039E-05 1.453E-06 1.248E-01 1.694E-03 1.266E-01 1.266E-01 
5.000E+03 1.537E-10 6.571E-05 1.162E-06 1.251E-01 1.702E-03 1.269E-01 1.269E-01 
6.000E+03 1.067E-10 5.573E-05 9.686E-07 1.254E-01 1.708E-03 1.271E-01 1.271E-01 
8.000E+03 6.003E-11 4.293E-05 7.265E-07 1.256E-01 1.716E-03 1.274E-01 1.274E-01 
1.000E+04 3.842E-11 3.506E-05 5.810E-07 1.258E-01 1.721E-03 1.276E-01 1.276E-01 
1.500E+04 1.707E-11 2.423E-05 3.873E-07 1.261E-01 1.727E-03 1.278E-01 1.278E-01 
2.000E+04 9.603E-12 1.863E-05 2.904E-07 1.262E-01 1.731E-03 1.280E-01 1.280E-01 
3.000E+04 4.270E-12 1.285E-05 1.936E-07 1.264E-01 1.734E-03 1.281E-01 1.281E-01 
4.000E+04 2.401E-12 9.863E-06 1.452E-07 1.264E-01 1.737E-03 1.282E-01 1.282E-01 
5.000E+04 1.537E-12 8.031E-06 1.162E-07 1.265E-01 1.738E-03 1.282E-01 1.282E-01 
6.000E+04 1.067E-12 6.790E-06 9.681E-08 1.265E-01 1.739E-03 1.283E-01 1.283E-01 
8.000E+04 6.003E-13 5.205E-06 7.262E-08 1.265E-01 1.740E-03 1.283E-01 1.283E-01 
1.000E+05 3.842E-13 4.236E-06 5.810E-08 1.266E-01 1.741E-03 1.283E-01 1.283E-01 
