1.000E-03 1.620E+00 6.432E-03 5.649E+03 0.000E+00 0.000E+00 5.650E+03 5.649E+03 
1.500E-03 1.522E+00 1.354E-02 1.977E+03 0.000E+00 0.000E+00 1.979E+03 1.977E+03 
2.000E-03 1.403E+00 2.215E-02 9.034E+02 0.000E+00 0.000E+00 9.048E+02 9.034E+02 
3.000E-03 1.149E+00 4.099E-02 2.876E+02 0.000E+00 0.000E+00 2.888E+02 2.876E+02 
4.000E-03 9.199E-01 5.899E-02 1.246E+02 0.000E+00 0.000E+00 1.256E+02 1.247E+02 
5.000E-03 7.370E-01 7.462E-02 6.432E+01 0.000E+00 0.000E+00 6.513E+01 6.439E+01 
6.000E-03 5.978E-01 8.755E-02 3.721E+01 0.000E+00 0.000E+00 3.790E+01 3.730E+01 
8.000E-03 4.143E-01 1.063E-01 1.549E+01 0.000E+00 0.000E+00 1.601E+01 1.560E+01 
1.000E-02 3.058E-01 1.184E-01 7.782E+00 0.000E+00 0.000E+00 8.206E+00 7.900E+00 
1.500E-02 1.734E-01 1.349E-01 2.184E+00 0.000E+00 0.000E+00 2.492E+00 2.319E+00 
2.000E-02 1.145E-01 1.434E-01 8.749E-01 0.000E+00 0.000E+00 1.133E+00 1.018E+00 
3.000E-02 6.089E-02 1.509E-01 2.370E-01 0.000E+00 0.000E+00 4.488E-01 3.879E-01 
4.000E-02 3.744E-02 1.524E-01 9.297E-02 0.000E+00 0.000E+00 2.828E-01 2.454E-01 
5.000E-02 2.525E-02 1.514E-01 4.482E-02 0.000E+00 0.000E+00 2.214E-01 1.962E-01 
6.000E-02 1.817E-02 1.492E-01 2.463E-02 0.000E+00 0.000E+00 1.920E-01 1.738E-01 
8.000E-02 1.068E-02 1.437E-01 9.563E-03 0.000E+00 0.000E+00 1.639E-01 1.533E-01 
1.000E-01 7.012E-03 1.380E-01 4.593E-03 0.000E+00 0.000E+00 1.496E-01 1.426E-01 
1.500E-01 3.211E-03 1.254E-01 1.222E-03 0.000E+00 0.000E+00 1.298E-01 1.266E-01 
2.000E-01 1.827E-03 1.153E-01 4.840E-04 0.000E+00 0.000E+00 1.176E-01 1.158E-01 
3.000E-01 8.194E-04 1.005E-01 1.373E-04 0.000E+00 0.000E+00 1.015E-01 1.007E-01 
4.000E-01 4.625E-04 9.021E-02 5.890E-05 0.000E+00 0.000E+00 9.073E-02 9.027E-02 
5.000E-01 2.963E-04 8.242E-02 3.176E-05 0.000E+00 0.000E+00 8.274E-02 8.245E-02 
6.000E-01 2.060E-04 7.627E-02 1.980E-05 0.000E+00 0.000E+00 7.649E-02 7.629E-02 
8.000E-01 1.160E-04 6.704E-02 9.994E-06 0.000E+00 0.000E+00 6.717E-02 6.705E-02 
1.000E+00 7.424E-05 6.029E-02 6.213E-06 0.000E+00 0.000E+00 6.037E-02 6.030E-02 
1.022E+00 7.107E-05 5.966E-02 5.813E-06 0.000E+00 0.000E+00 5.973E-02 5.966E-02 
1.250E+00 4.752E-05 5.392E-02 3.943E-06 2.062E-05 0.000E+00 5.399E-02 5.394E-02 
1.500E+00 3.300E-05 4.901E-02 2.862E-06 1.141E-04 0.000E+00 4.916E-02 4.912E-02 
2.000E+00 1.857E-05 4.181E-02 1.797E-06 4.546E-04 0.000E+00 4.228E-02 4.227E-02 
2.044E+00 1.778E-05 4.130E-02 1.738E-06 4.901E-04 0.000E+00 4.181E-02 4.179E-02 
3.000E+00 8.254E-06 3.290E-02 1.002E-06 1.300E-03 1.151E-05 3.422E-02 3.422E-02 
4.000E+00 4.644E-06 2.744E-02 6.866E-07 2.108E-03 4.701E-05 2.960E-02 2.960E-02 
5.000E+00 2.971E-06 2.370E-02 5.202E-07 2.829E-03 9.364E-05 2.663E-02 2.662E-02 
6.000E+00 2.064E-06 2.095E-02 4.181E-07 3.474E-03 1.438E-04 2.457E-02 2.457E-02 
7.000E+00 1.516E-06 1.883E-02 3.490E-07 4.051E-03 1.939E-04 2.308E-02 2.307E-02 
8.000E+00 1.161E-06 1.714E-02 2.994E-07 4.568E-03 2.426E-04 2.195E-02 2.195E-02 
9.000E+00 9.170E-07 1.575E-02 2.620E-07 5.037E-03 2.892E-04 2.108E-02 2.108E-02 
1.000E+01 7.430E-07 1.459E-02 2.329E-07 5.465E-03 3.338E-04 2.039E-02 2.039E-02 
1.100E+01 6.140E-07 1.361E-02 2.096E-07 5.855E-03 3.759E-04 1.984E-02 1.984E-02 
1.200E+01 5.157E-07 1.276E-02 1.905E-07 6.210E-03 4.156E-04 1.939E-02 1.939E-02 
1.300E+01 4.397E-07 1.203E-02 1.746E-07 6.539E-03 4.533E-04 1.902E-02 1.902E-02 
1.400E+01 3.791E-07 1.138E-02 1.611E-07 6.847E-03 4.894E-04 1.871E-02 1.871E-02 
1.500E+01 3.303E-07 1.080E-02 1.495E-07 7.135E-03 5.237E-04 1.846E-02 1.846E-02 
1.600E+01 2.902E-07 1.029E-02 1.395E-07 7.405E-03 5.560E-04 1.825E-02 1.825E-02 
1.800E+01 2.293E-07 9.402E-03 1.231E-07 7.902E-03 6.165E-04 1.792E-02 1.792E-02 
2.000E+01 1.857E-07 8.669E-03 1.100E-07 8.346E-03 6.720E-04 1.769E-02 1.769E-02 
2.200E+01 1.535E-07 8.051E-03 9.950E-08 8.749E-03 7.230E-04 1.752E-02 1.752E-02 
2.400E+01 1.290E-07 7.525E-03 9.082E-08 9.113E-03 7.703E-04 1.741E-02 1.741E-02 
2.600E+01 1.099E-07 7.066E-03 8.352E-08 9.449E-03 8.140E-04 1.733E-02 1.733E-02 
2.800E+01 9.475E-08 6.666E-03 7.731E-08 9.760E-03 8.549E-04 1.728E-02 1.728E-02 
3.000E+01 8.254E-08 6.311E-03 7.195E-08 1.005E-02 8.929E-04 1.725E-02 1.725E-02 
4.000E+01 4.644E-08 5.015E-03 5.344E-08 1.122E-02 1.054E-03 1.729E-02 1.729E-02 
5.000E+01 2.971E-08 4.187E-03 4.251E-08 1.212E-02 1.178E-03 1.748E-02 1.748E-02 
6.000E+01 2.064E-08 3.607E-03 3.528E-08 1.282E-02 1.279E-03 1.771E-02 1.771E-02 
8.000E+01 1.161E-08 2.845E-03 2.633E-08 1.388E-02 1.436E-03 1.816E-02 1.816E-02 
1.000E+02 7.427E-09 2.361E-03 2.100E-08 1.466E-02 1.554E-03 1.858E-02 1.858E-02 
1.500E+02 3.300E-09 1.682E-03 1.395E-08 1.594E-02 1.755E-03 1.938E-02 1.938E-02 
2.000E+02 1.857E-09 1.318E-03 1.044E-08 1.672E-02 1.886E-03 1.993E-02 1.993E-02 
3.000E+02 8.254E-10 9.345E-04 6.945E-09 1.765E-02 2.050E-03 2.063E-02 2.063E-02 
4.000E+02 4.641E-10 7.319E-04 5.205E-09 1.819E-02 2.150E-03 2.107E-02 2.107E-02 
5.000E+02 2.971E-10 6.058E-04 4.162E-09 1.854E-02 2.219E-03 2.137E-02 2.137E-02 
6.000E+02 2.063E-10 5.186E-04 3.468E-09 1.880E-02 2.270E-03 2.159E-02 2.159E-02 
8.000E+02 1.160E-10 4.051E-04 2.598E-09 1.915E-02 2.341E-03 2.189E-02 2.189E-02 
1.000E+03 7.427E-11 3.331E-04 2.078E-09 1.937E-02 2.388E-03 2.209E-02 2.209E-02 
1.500E+03 3.300E-11 2.328E-04 1.385E-09 1.969E-02 2.458E-03 2.238E-02 2.238E-02 
2.000E+03 1.857E-11 1.801E-04 1.038E-09 1.987E-02 2.497E-03 2.255E-02 2.255E-02 
3.000E+03 8.254E-12 1.252E-04 6.923E-10 2.006E-02 2.540E-03 2.273E-02 2.273E-02 
4.000E+03 4.641E-12 9.668E-05 5.189E-10 2.016E-02 2.566E-03 2.283E-02 2.283E-02 
5.000E+03 2.971E-12 7.906E-05 4.152E-10 2.023E-02 2.581E-03 2.289E-02 2.289E-02 
6.000E+03 2.063E-12 6.704E-05 3.461E-10 2.027E-02 2.592E-03 2.293E-02 2.293E-02 
8.000E+03 1.160E-12 5.164E-05 2.595E-10 2.033E-02 2.606E-03 2.299E-02 2.299E-02 
1.000E+04 7.427E-13 4.216E-05 2.076E-10 2.037E-02 2.615E-03 2.303E-02 2.303E-02 
1.500E+04 3.300E-13 2.914E-05 1.384E-10 2.042E-02 2.628E-03 2.308E-02 2.308E-02 
2.000E+04 1.857E-13 2.240E-05 1.038E-10 2.045E-02 2.635E-03 2.311E-02 2.311E-02 
3.000E+04 8.254E-14 1.545E-05 6.920E-11 2.048E-02 2.642E-03 2.314E-02 2.314E-02 
4.000E+04 4.641E-14 1.186E-05 5.189E-11 2.050E-02 2.646E-03 2.315E-02 2.315E-02 
5.000E+04 2.971E-14 9.658E-06 4.152E-11 2.051E-02 2.649E-03 2.316E-02 2.316E-02 
6.000E+04 2.063E-14 8.165E-06 3.458E-11 2.051E-02 2.651E-03 2.317E-02 2.317E-02 
8.000E+04 1.160E-14 6.260E-06 2.594E-11 2.052E-02 2.652E-03 2.318E-02 2.318E-02 
1.000E+05 7.427E-15 5.094E-06 2.076E-11 2.053E-02 2.654E-03 2.319E-02 2.319E-02 
