1.000E-03 1.394E+01 4.519E-03 6.938E+03 0.000E+00 0.000E+00 6.952E+03 6.938E+03 
1.042E-03 1.388E+01 4.779E-03 6.442E+03 0.000E+00 0.000E+00 6.456E+03 6.442E+03 
1.087E-03 1.383E+01 5.045E-03 5.983E+03 0.000E+00 0.000E+00 5.997E+03 5.983E+03 
1.087E-03 1.383E+01 5.045E-03 6.366E+03 0.000E+00 0.000E+00 6.380E+03 6.366E+03 
1.201E-03 1.372E+01 5.693E-03 5.274E+03 0.000E+00 0.000E+00 5.288E+03 5.274E+03 
1.328E-03 1.354E+01 6.450E-03 4.370E+03 0.000E+00 0.000E+00 4.383E+03 4.370E+03 
1.328E-03 1.354E+01 6.450E-03 4.428E+03 0.000E+00 0.000E+00 4.442E+03 4.428E+03 
1.500E-03 1.331E+01 7.469E-03 3.475E+03 0.000E+00 0.000E+00 3.489E+03 3.475E+03 
1.501E-03 1.331E+01 7.472E-03 3.473E+03 0.000E+00 0.000E+00 3.486E+03 3.473E+03 
1.501E-03 1.331E+01 7.472E-03 3.539E+03 0.000E+00 0.000E+00 3.552E+03 3.539E+03 
2.000E-03 1.265E+01 1.038E-02 1.949E+03 0.000E+00 0.000E+00 1.962E+03 1.949E+03 
3.000E-03 1.134E+01 1.603E-02 7.977E+02 0.000E+00 0.000E+00 8.091E+02 7.977E+02 
3.666E-03 1.053E+01 1.957E-02 5.043E+02 0.000E+00 0.000E+00 5.148E+02 5.043E+02 
3.666E-03 1.053E+01 1.957E-02 1.205E+03 0.000E+00 0.000E+00 1.216E+03 1.205E+03 
3.757E-03 1.042E+01 2.004E-02 1.134E+03 0.000E+00 0.000E+00 1.144E+03 1.134E+03 
3.850E-03 1.031E+01 2.051E-02 1.067E+03 0.000E+00 0.000E+00 1.077E+03 1.067E+03 
3.850E-03 1.031E+01 2.051E-02 1.512E+03 0.000E+00 0.000E+00 1.522E+03 1.512E+03 
4.000E-03 1.014E+01 2.126E-02 1.380E+03 0.000E+00 0.000E+00 1.390E+03 1.380E+03 
4.435E-03 9.666E+00 2.340E-02 1.070E+03 0.000E+00 0.000E+00 1.079E+03 1.070E+03 
4.435E-03 9.666E+00 2.340E-02 1.246E+03 0.000E+00 0.000E+00 1.256E+03 1.246E+03 
5.000E-03 9.092E+00 2.601E-02 9.232E+02 0.000E+00 0.000E+00 9.323E+02 9.232E+02 
5.366E-03 8.744E+00 2.764E-02 7.708E+02 0.000E+00 0.000E+00 7.796E+02 7.708E+02 
5.366E-03 8.744E+00 2.764E-02 8.180E+02 0.000E+00 0.000E+00 8.268E+02 8.181E+02 
5.542E-03 8.586E+00 2.838E-02 7.553E+02 0.000E+00 0.000E+00 7.639E+02 7.553E+02 
5.723E-03 8.427E+00 2.914E-02 6.974E+02 0.000E+00 0.000E+00 7.058E+02 6.974E+02 
5.723E-03 8.427E+00 2.914E-02 7.271E+02 0.000E+00 0.000E+00 7.355E+02 7.271E+02 
6.000E-03 8.190E+00 3.028E-02 6.486E+02 0.000E+00 0.000E+00 6.568E+02 6.486E+02 
8.000E-03 6.747E+00 3.778E-02 3.181E+02 0.000E+00 0.000E+00 3.249E+02 3.181E+02 
1.000E-02 5.650E+00 4.438E-02 1.817E+02 0.000E+00 0.000E+00 1.874E+02 1.818E+02 
1.500E-02 3.844E+00 5.767E-02 6.448E+01 0.000E+00 0.000E+00 6.838E+01 6.453E+01 
1.761E-02 3.219E+00 6.293E-02 4.258E+01 0.000E+00 0.000E+00 4.586E+01 4.264E+01 
1.761E-02 3.219E+00 6.293E-02 1.014E+02 0.000E+00 0.000E+00 1.046E+02 1.014E+02 
2.000E-02 2.772E+00 6.707E-02 7.162E+01 0.000E+00 0.000E+00 7.445E+01 7.168E+01 
2.160E-02 2.522E+00 6.951E-02 5.823E+01 0.000E+00 0.000E+00 6.082E+01 5.830E+01 
2.160E-02 2.522E+00 6.951E-02 8.295E+01 0.000E+00 0.000E+00 8.554E+01 8.302E+01 
2.201E-02 2.464E+00 7.010E-02 7.896E+01 0.000E+00 0.000E+00 8.149E+01 7.903E+01 
2.243E-02 2.407E+00 7.070E-02 7.515E+01 0.000E+00 0.000E+00 7.762E+01 7.522E+01 
2.243E-02 2.407E+00 7.070E-02 8.671E+01 0.000E+00 0.000E+00 8.918E+01 8.678E+01 
3.000E-02 1.635E+00 7.929E-02 4.144E+01 0.000E+00 0.000E+00 4.315E+01 4.151E+01 
4.000E-02 1.099E+00 8.683E-02 1.959E+01 0.000E+00 0.000E+00 2.078E+01 1.968E+01 
5.000E-02 7.931E-01 9.151E-02 1.088E+01 0.000E+00 0.000E+00 1.176E+01 1.097E+01 
6.000E-02 5.973E-01 9.425E-02 6.694E+00 0.000E+00 0.000E+00 7.386E+00 6.788E+00 
8.000E-02 3.752E-01 9.644E-02 3.094E+00 0.000E+00 0.000E+00 3.566E+00 3.191E+00 
1.000E-01 2.604E-01 9.641E-02 1.696E+00 0.000E+00 0.000E+00 2.053E+00 1.793E+00 
1.187E-01 1.953E-01 9.545E-02 1.069E+00 0.000E+00 0.000E+00 1.359E+00 1.164E+00 
1.187E-01 1.953E-01 9.545E-02 4.479E+00 0.000E+00 0.000E+00 4.770E+00 4.574E+00 
1.500E-01 1.304E-01 9.285E-02 2.472E+00 0.000E+00 0.000E+00 2.696E+00 2.565E+00 
2.000E-01 7.812E-02 8.805E-02 1.186E+00 0.000E+00 0.000E+00 1.353E+00 1.274E+00 
3.000E-01 3.752E-02 7.919E-02 4.245E-01 0.000E+00 0.000E+00 5.412E-01 5.037E-01 
4.000E-01 2.209E-02 7.212E-02 2.099E-01 0.000E+00 0.000E+00 3.041E-01 2.820E-01 
5.000E-01 1.454E-02 6.648E-02 1.242E-01 0.000E+00 0.000E+00 2.052E-01 1.907E-01 
6.000E-01 1.029E-02 6.191E-02 8.221E-02 0.000E+00 0.000E+00 1.544E-01 1.441E-01 
8.000E-01 5.932E-03 5.477E-02 4.420E-02 0.000E+00 0.000E+00 1.049E-01 9.898E-02 
1.000E+00 3.851E-03 4.944E-02 2.800E-02 0.000E+00 0.000E+00 8.128E-02 7.743E-02 
1.022E+00 3.691E-03 4.893E-02 2.683E-02 0.000E+00 0.000E+00 7.945E-02 7.576E-02 
1.250E+00 2.493E-03 4.433E-02 1.813E-02 4.596E-04 0.000E+00 6.542E-02 6.292E-02 
1.500E+00 1.745E-03 4.037E-02 1.289E-02 2.277E-03 0.000E+00 5.728E-02 5.553E-02 
2.000E+00 9.898E-04 3.450E-02 7.787E-03 6.651E-03 0.000E+00 4.993E-02 4.894E-02 
2.044E+00 9.481E-04 3.409E-02 7.505E-03 7.019E-03 0.000E+00 4.957E-02 4.862E-02 
3.000E+00 4.433E-04 2.718E-02 4.055E-03 1.377E-02 9.496E-06 4.546E-02 4.502E-02 
4.000E+00 2.501E-04 2.270E-02 2.645E-03 1.924E-02 3.869E-05 4.487E-02 4.462E-02 
5.000E+00 1.603E-04 1.961E-02 1.934E-03 2.381E-02 7.693E-05 4.559E-02 4.543E-02 
6.000E+00 1.114E-04 1.733E-02 1.512E-03 2.772E-02 1.179E-04 4.679E-02 4.668E-02 
7.000E+00 8.188E-05 1.558E-02 1.236E-03 3.120E-02 1.586E-04 4.826E-02 4.817E-02 
8.000E+00 6.272E-05 1.418E-02 1.043E-03 3.432E-02 1.978E-04 4.981E-02 4.975E-02 
9.000E+00 4.956E-05 1.304E-02 8.998E-04 3.719E-02 2.353E-04 5.141E-02 5.137E-02 
1.000E+01 4.016E-05 1.208E-02 7.908E-04 3.986E-02 2.708E-04 5.304E-02 5.300E-02 
1.100E+01 3.320E-05 1.127E-02 7.047E-04 4.232E-02 3.043E-04 5.464E-02 5.460E-02 
1.200E+01 2.789E-05 1.057E-02 6.351E-04 4.461E-02 3.359E-04 5.618E-02 5.615E-02 
1.300E+01 2.377E-05 9.956E-03 5.780E-04 4.674E-02 3.656E-04 5.767E-02 5.764E-02 
1.400E+01 2.050E-05 9.420E-03 5.299E-04 4.875E-02 3.938E-04 5.912E-02 5.910E-02 
1.500E+01 1.785E-05 8.942E-03 4.893E-04 5.063E-02 4.202E-04 6.050E-02 6.048E-02 
1.600E+01 1.569E-05 8.516E-03 4.542E-04 5.241E-02 4.453E-04 6.184E-02 6.183E-02 
1.800E+01 1.240E-05 7.784E-03 3.973E-04 5.559E-02 4.918E-04 6.427E-02 6.426E-02 
2.000E+01 1.005E-05 7.179E-03 3.529E-04 5.843E-02 5.340E-04 6.651E-02 6.650E-02 
2.200E+01 8.302E-06 6.669E-03 3.173E-04 6.102E-02 5.724E-04 6.859E-02 6.858E-02 
2.400E+01 6.976E-06 6.232E-03 2.881E-04 6.338E-02 6.077E-04 7.052E-02 7.051E-02 
2.600E+01 5.945E-06 5.851E-03 2.640E-04 6.554E-02 6.399E-04 7.230E-02 7.230E-02 
2.800E+01 5.127E-06 5.520E-03 2.435E-04 6.753E-02 6.699E-04 7.396E-02 7.396E-02 
3.000E+01 4.464E-06 5.226E-03 2.259E-04 6.935E-02 6.976E-04 7.551E-02 7.550E-02 
4.000E+01 2.512E-06 4.154E-03 1.659E-04 7.680E-02 8.117E-04 8.193E-02 8.193E-02 
5.000E+01 1.607E-06 3.468E-03 1.311E-04 8.231E-02 8.970E-04 8.681E-02 8.681E-02 
6.000E+01 1.116E-06 2.988E-03 1.083E-04 8.660E-02 9.641E-04 9.067E-02 9.066E-02 
8.000E+01 6.280E-07 2.356E-03 8.036E-05 9.290E-02 1.064E-03 9.641E-02 9.641E-02 
1.000E+02 4.019E-07 1.955E-03 6.387E-05 9.735E-02 1.136E-03 1.005E-01 1.005E-01 
1.500E+02 1.786E-07 1.392E-03 4.220E-05 1.044E-01 1.254E-03 1.071E-01 1.071E-01 
2.000E+02 1.005E-07 1.092E-03 3.150E-05 1.085E-01 1.327E-03 1.110E-01 1.110E-01 
3.000E+02 4.466E-08 7.738E-04 2.092E-05 1.134E-01 1.416E-03 1.156E-01 1.156E-01 
4.000E+02 2.512E-08 6.062E-04 1.565E-05 1.162E-01 1.469E-03 1.183E-01 1.183E-01 
5.000E+02 1.607E-08 5.017E-04 1.250E-05 1.180E-01 1.505E-03 1.200E-01 1.200E-01 
6.000E+02 1.116E-08 4.296E-04 1.041E-05 1.193E-01 1.531E-03 1.213E-01 1.213E-01 
8.000E+02 6.280E-09 3.356E-04 7.799E-06 1.211E-01 1.567E-03 1.230E-01 1.230E-01 
1.000E+03 4.019E-09 2.759E-04 6.237E-06 1.222E-01 1.591E-03 1.240E-01 1.240E-01 
1.500E+03 1.786E-09 1.927E-04 4.154E-06 1.238E-01 1.627E-03 1.256E-01 1.256E-01 
2.000E+03 1.005E-09 1.492E-04 3.115E-06 1.247E-01 1.647E-03 1.265E-01 1.265E-01 
3.000E+03 4.466E-10 1.037E-04 2.075E-06 1.256E-01 1.669E-03 1.274E-01 1.274E-01 
4.000E+03 2.512E-10 8.008E-05 1.556E-06 1.262E-01 1.682E-03 1.279E-01 1.279E-01 
5.000E+03 1.607E-10 6.547E-05 1.245E-06 1.265E-01 1.690E-03 1.282E-01 1.282E-01 
6.000E+03 1.116E-10 5.551E-05 1.037E-06 1.267E-01 1.696E-03 1.285E-01 1.285E-01 
8.000E+03 6.280E-11 4.278E-05 7.776E-07 1.270E-01 1.703E-03 1.288E-01 1.288E-01 
1.000E+04 4.019E-11 3.493E-05 6.222E-07 1.272E-01 1.708E-03 1.290E-01 1.290E-01 
1.500E+04 1.786E-11 2.413E-05 4.146E-07 1.275E-01 1.714E-03 1.292E-01 1.292E-01 
2.000E+04 1.005E-11 1.855E-05 3.110E-07 1.276E-01 1.718E-03 1.293E-01 1.293E-01 
3.000E+04 4.466E-12 1.280E-05 2.073E-07 1.277E-01 1.721E-03 1.295E-01 1.295E-01 
4.000E+04 2.512E-12 9.824E-06 1.555E-07 1.278E-01 1.724E-03 1.296E-01 1.296E-01 
5.000E+04 1.607E-12 8.000E-06 1.244E-07 1.279E-01 1.725E-03 1.296E-01 1.296E-01 
6.000E+04 1.116E-12 6.763E-06 1.037E-07 1.279E-01 1.726E-03 1.296E-01 1.296E-01 
8.000E+04 6.280E-13 5.185E-06 7.774E-08 1.279E-01 1.727E-03 1.297E-01 1.297E-01 
1.000E+05 4.019E-13 4.217E-06 6.219E-08 1.280E-01 1.728E-03 1.297E-01 1.297E-01 
