1.000E-03 1.461E+01 4.219E-03 7.827E+03 0.000E+00 0.000E+00 7.841E+03 7.827E+03 
1.111E-03 1.448E+01 4.857E-03 6.497E+03 0.000E+00 0.000E+00 6.512E+03 6.497E+03 
1.235E-03 1.433E+01 5.565E-03 5.394E+03 0.000E+00 0.000E+00 5.408E+03 5.394E+03 
1.235E-03 1.433E+01 5.565E-03 5.738E+03 0.000E+00 0.000E+00 5.752E+03 5.738E+03 
1.500E-03 1.401E+01 7.039E-03 3.939E+03 0.000E+00 0.000E+00 3.953E+03 3.939E+03 
1.554E-03 1.393E+01 7.346E-03 3.666E+03 0.000E+00 0.000E+00 3.680E+03 3.666E+03 
1.554E-03 1.393E+01 7.346E-03 3.712E+03 0.000E+00 0.000E+00 3.726E+03 3.712E+03 
1.651E-03 1.381E+01 7.897E-03 3.276E+03 0.000E+00 0.000E+00 3.290E+03 3.276E+03 
1.755E-03 1.368E+01 8.477E-03 2.891E+03 0.000E+00 0.000E+00 2.904E+03 2.891E+03 
1.755E-03 1.368E+01 8.477E-03 2.944E+03 0.000E+00 0.000E+00 2.958E+03 2.944E+03 
2.000E-03 1.334E+01 9.854E-03 2.236E+03 0.000E+00 0.000E+00 2.249E+03 2.236E+03 
3.000E-03 1.200E+01 1.531E-02 9.170E+02 0.000E+00 0.000E+00 9.290E+02 9.170E+02 
4.000E-03 1.074E+01 2.036E-02 4.736E+02 0.000E+00 0.000E+00 4.844E+02 4.736E+02 
4.132E-03 1.058E+01 2.100E-02 4.390E+02 0.000E+00 0.000E+00 4.496E+02 4.390E+02 
4.132E-03 1.058E+01 2.100E-02 9.823E+02 0.000E+00 0.000E+00 9.929E+02 9.823E+02 
4.247E-03 1.045E+01 2.155E-02 9.331E+02 0.000E+00 0.000E+00 9.436E+02 9.331E+02 
4.366E-03 1.031E+01 2.210E-02 8.865E+02 0.000E+00 0.000E+00 8.968E+02 8.865E+02 
4.366E-03 1.031E+01 2.210E-02 1.233E+03 0.000E+00 0.000E+00 1.243E+03 1.233E+03 
4.661E-03 9.983E+00 2.338E-02 1.057E+03 0.000E+00 0.000E+00 1.067E+03 1.057E+03 
4.977E-03 9.642E+00 2.486E-02 9.060E+02 0.000E+00 0.000E+00 9.157E+02 9.060E+02 
4.977E-03 9.642E+00 2.486E-02 1.062E+03 0.000E+00 0.000E+00 1.072E+03 1.062E+03 
5.000E-03 9.618E+00 2.498E-02 1.046E+03 0.000E+00 0.000E+00 1.056E+03 1.046E+03 
6.000E-03 8.650E+00 2.915E-02 6.598E+02 0.000E+00 0.000E+00 6.685E+02 6.598E+02 
6.147E-03 8.519E+00 2.976E-02 6.191E+02 0.000E+00 0.000E+00 6.277E+02 6.191E+02 
6.147E-03 8.519E+00 2.976E-02 6.566E+02 0.000E+00 0.000E+00 6.652E+02 6.567E+02 
6.348E-03 8.345E+00 3.056E-02 6.060E+02 0.000E+00 0.000E+00 6.144E+02 6.060E+02 
6.556E-03 8.173E+00 3.135E-02 5.594E+02 0.000E+00 0.000E+00 5.676E+02 5.594E+02 
6.556E-03 8.173E+00 3.135E-02 5.830E+02 0.000E+00 0.000E+00 5.912E+02 5.831E+02 
8.000E-03 7.105E+00 3.661E-02 3.571E+02 0.000E+00 0.000E+00 3.642E+02 3.571E+02 
1.000E-02 5.947E+00 4.317E-02 2.044E+02 0.000E+00 0.000E+00 2.103E+02 2.044E+02 
1.500E-02 4.061E+00 5.657E-02 7.300E+01 0.000E+00 0.000E+00 7.712E+01 7.306E+01 
1.945E-02 3.047E+00 6.525E-02 3.739E+01 0.000E+00 0.000E+00 4.050E+01 3.746E+01 
1.945E-02 3.047E+00 6.525E-02 8.775E+01 0.000E+00 0.000E+00 9.086E+01 8.781E+01 
2.000E-02 2.947E+00 6.618E-02 8.090E+01 0.000E+00 0.000E+00 8.391E+01 8.096E+01 
2.439E-02 2.305E+00 7.246E-02 4.758E+01 0.000E+00 0.000E+00 4.996E+01 4.765E+01 
2.439E-02 2.305E+00 7.246E-02 6.832E+01 0.000E+00 0.000E+00 7.070E+01 6.839E+01 
2.483E-02 2.246E+00 7.297E-02 6.513E+01 0.000E+00 0.000E+00 6.745E+01 6.520E+01 
2.527E-02 2.188E+00 7.346E-02 6.208E+01 0.000E+00 0.000E+00 6.434E+01 6.215E+01 
2.527E-02 2.188E+00 7.346E-02 7.156E+01 0.000E+00 0.000E+00 7.382E+01 7.164E+01 
3.000E-02 1.743E+00 7.848E-02 4.643E+01 0.000E+00 0.000E+00 4.825E+01 4.651E+01 
4.000E-02 1.169E+00 8.597E-02 2.222E+01 0.000E+00 0.000E+00 2.348E+01 2.231E+01 
5.000E-02 8.482E-01 9.067E-02 1.243E+01 0.000E+00 0.000E+00 1.336E+01 1.252E+01 
6.000E-02 6.408E-01 9.350E-02 7.690E+00 0.000E+00 0.000E+00 8.424E+00 7.784E+00 
8.000E-02 4.029E-01 9.581E-02 3.583E+00 0.000E+00 0.000E+00 4.082E+00 3.679E+00 
1.000E-01 2.796E-01 9.589E-02 1.974E+00 0.000E+00 0.000E+00 2.350E+00 2.070E+00 
1.316E-01 1.764E-01 9.404E-02 9.474E-01 0.000E+00 0.000E+00 1.218E+00 1.041E+00 
1.316E-01 1.764E-01 9.404E-02 3.788E+00 0.000E+00 0.000E+00 4.058E+00 3.882E+00 
1.500E-01 1.408E-01 9.250E-02 2.737E+00 0.000E+00 0.000E+00 2.970E+00 2.830E+00 
2.000E-01 8.448E-02 8.782E-02 1.323E+00 0.000E+00 0.000E+00 1.496E+00 1.411E+00 
3.000E-01 4.063E-02 7.907E-02 4.802E-01 0.000E+00 0.000E+00 5.999E-01 5.592E-01 
4.000E-01 2.399E-02 7.205E-02 2.396E-01 0.000E+00 0.000E+00 3.357E-01 3.117E-01 
5.000E-01 1.583E-02 6.647E-02 1.427E-01 0.000E+00 0.000E+00 2.250E-01 2.092E-01 
6.000E-01 1.122E-02 6.189E-02 9.489E-02 0.000E+00 0.000E+00 1.680E-01 1.568E-01 
8.000E-01 6.479E-03 5.477E-02 5.128E-02 0.000E+00 0.000E+00 1.125E-01 1.061E-01 
1.000E+00 4.214E-03 4.943E-02 3.256E-02 0.000E+00 0.000E+00 8.621E-02 8.199E-02 
1.022E+00 4.039E-03 4.892E-02 3.120E-02 0.000E+00 0.000E+00 8.416E-02 8.012E-02 
1.250E+00 2.732E-03 4.434E-02 2.111E-02 4.882E-04 0.000E+00 6.867E-02 6.594E-02 
1.500E+00 1.913E-03 4.036E-02 1.500E-02 2.459E-03 0.000E+00 5.974E-02 5.783E-02 
2.000E+00 1.087E-03 3.451E-02 9.057E-03 7.115E-03 0.000E+00 5.177E-02 5.069E-02 
2.044E+00 1.041E-03 3.410E-02 8.731E-03 7.500E-03 0.000E+00 5.137E-02 5.033E-02 
3.000E+00 4.872E-04 2.720E-02 4.712E-03 1.447E-02 9.501E-06 4.688E-02 4.639E-02 
4.000E+00 2.749E-04 2.271E-02 3.071E-03 2.002E-02 3.871E-05 4.612E-02 4.584E-02 
5.000E+00 1.764E-04 1.962E-02 2.242E-03 2.464E-02 7.692E-05 4.676E-02 4.658E-02 
6.000E+00 1.226E-04 1.735E-02 1.752E-03 2.854E-02 1.179E-04 4.788E-02 4.776E-02 
7.000E+00 9.014E-05 1.559E-02 1.431E-03 3.208E-02 1.586E-04 4.935E-02 4.926E-02 
8.000E+00 6.905E-05 1.419E-02 1.207E-03 3.527E-02 1.978E-04 5.094E-02 5.087E-02 
9.000E+00 5.457E-05 1.305E-02 1.041E-03 3.822E-02 2.353E-04 5.260E-02 5.254E-02 
1.000E+01 4.421E-05 1.209E-02 9.145E-04 4.092E-02 2.708E-04 5.424E-02 5.420E-02 
1.100E+01 3.654E-05 1.128E-02 8.148E-04 4.343E-02 3.042E-04 5.587E-02 5.583E-02 
1.200E+01 3.071E-05 1.058E-02 7.342E-04 4.580E-02 3.356E-04 5.748E-02 5.744E-02 
1.300E+01 2.618E-05 9.964E-03 6.679E-04 4.799E-02 3.654E-04 5.902E-02 5.899E-02 
1.400E+01 2.257E-05 9.425E-03 6.123E-04 5.004E-02 3.934E-04 6.049E-02 6.047E-02 
1.500E+01 1.966E-05 8.950E-03 5.652E-04 5.197E-02 4.200E-04 6.192E-02 6.190E-02 
1.600E+01 1.728E-05 8.524E-03 5.248E-04 5.379E-02 4.451E-04 6.330E-02 6.329E-02 
1.800E+01 1.365E-05 7.790E-03 4.587E-04 5.706E-02 4.914E-04 6.581E-02 6.580E-02 
2.000E+01 1.106E-05 7.183E-03 4.073E-04 5.998E-02 5.336E-04 6.812E-02 6.811E-02 
2.200E+01 9.143E-06 6.674E-03 3.663E-04 6.267E-02 5.718E-04 7.029E-02 7.028E-02 
2.400E+01 7.683E-06 6.235E-03 3.325E-04 6.510E-02 6.069E-04 7.229E-02 7.228E-02 
2.600E+01 6.547E-06 5.855E-03 3.047E-04 6.735E-02 6.391E-04 7.415E-02 7.414E-02 
2.800E+01 5.645E-06 5.523E-03 2.808E-04 6.939E-02 6.691E-04 7.587E-02 7.587E-02 
3.000E+01 4.916E-06 5.231E-03 2.606E-04 7.127E-02 6.966E-04 7.746E-02 7.746E-02 
4.000E+01 2.766E-06 4.156E-03 1.913E-04 7.895E-02 8.102E-04 8.411E-02 8.411E-02 
5.000E+01 1.770E-06 3.468E-03 1.511E-04 8.468E-02 8.953E-04 8.919E-02 8.919E-02 
6.000E+01 1.229E-06 2.988E-03 1.248E-04 8.911E-02 9.620E-04 9.319E-02 9.319E-02 
8.000E+01 6.915E-07 2.357E-03 9.260E-05 9.564E-02 1.061E-03 9.916E-02 9.916E-02 
1.000E+02 4.426E-07 1.957E-03 7.359E-05 1.003E-01 1.133E-03 1.034E-01 1.034E-01 
1.500E+02 1.967E-07 1.393E-03 4.863E-05 1.075E-01 1.250E-03 1.102E-01 1.102E-01 
2.000E+02 1.106E-07 1.093E-03 3.629E-05 1.118E-01 1.322E-03 1.142E-01 1.142E-01 
3.000E+02 4.916E-08 7.744E-04 2.409E-05 1.168E-01 1.410E-03 1.190E-01 1.190E-01 
4.000E+02 2.766E-08 6.064E-04 1.803E-05 1.197E-01 1.462E-03 1.217E-01 1.217E-01 
5.000E+02 1.770E-08 5.021E-04 1.441E-05 1.216E-01 1.497E-03 1.236E-01 1.236E-01 
6.000E+02 1.229E-08 4.300E-04 1.199E-05 1.229E-01 1.523E-03 1.249E-01 1.249E-01 
8.000E+02 6.915E-09 3.356E-04 8.984E-06 1.247E-01 1.558E-03 1.266E-01 1.266E-01 
1.000E+03 4.426E-09 2.762E-04 7.183E-06 1.258E-01 1.582E-03 1.277E-01 1.277E-01 
1.500E+03 1.967E-09 1.929E-04 4.785E-06 1.275E-01 1.617E-03 1.293E-01 1.293E-01 
2.000E+03 1.106E-09 1.493E-04 3.585E-06 1.284E-01 1.636E-03 1.302E-01 1.302E-01 
3.000E+03 4.916E-10 1.038E-04 2.390E-06 1.294E-01 1.658E-03 1.311E-01 1.311E-01 
4.000E+03 2.766E-10 8.012E-05 1.792E-06 1.300E-01 1.671E-03 1.317E-01 1.317E-01 
5.000E+03 1.770E-10 6.552E-05 1.433E-06 1.303E-01 1.679E-03 1.320E-01 1.320E-01 
6.000E+03 1.229E-10 5.555E-05 1.194E-06 1.305E-01 1.684E-03 1.323E-01 1.323E-01 
8.000E+03 6.915E-11 4.280E-05 8.958E-07 1.308E-01 1.691E-03 1.326E-01 1.326E-01 
1.000E+04 4.426E-11 3.495E-05 7.166E-07 1.310E-01 1.696E-03 1.328E-01 1.328E-01 
1.500E+04 1.967E-11 2.415E-05 4.777E-07 1.313E-01 1.702E-03 1.330E-01 1.330E-01 
2.000E+04 1.106E-11 1.857E-05 3.583E-07 1.314E-01 1.706E-03 1.332E-01 1.332E-01 
3.000E+04 4.916E-12 1.280E-05 2.388E-07 1.315E-01 1.709E-03 1.333E-01 1.333E-01 
4.000E+04 2.766E-12 9.830E-06 1.791E-07 1.317E-01 1.712E-03 1.334E-01 1.334E-01 
5.000E+04 1.770E-12 8.004E-06 1.433E-07 1.317E-01 1.713E-03 1.334E-01 1.334E-01 
6.000E+04 1.229E-12 6.766E-06 1.194E-07 1.317E-01 1.714E-03 1.335E-01 1.335E-01 
8.000E+04 6.915E-13 5.189E-06 8.955E-08 1.318E-01 1.714E-03 1.335E-01 1.335E-01 
1.000E+05 4.426E-13 4.222E-06 7.164E-08 1.318E-01 1.715E-03 1.335E-01 1.335E-01 
