1.000E-03 1.327E+01 4.807E-03 6.600E+03 0.000E+00 0.000E+00 6.613E+03 6.600E+03 
1.081E-03 1.317E+01 5.321E-03 5.724E+03 0.000E+00 0.000E+00 5.737E+03 5.724E+03 
1.168E-03 1.306E+01 5.871E-03 4.965E+03 0.000E+00 0.000E+00 4.978E+03 4.965E+03 
1.168E-03 1.306E+01 5.871E-03 5.035E+03 0.000E+00 0.000E+00 5.048E+03 5.035E+03 
1.246E-03 1.296E+01 6.343E-03 4.446E+03 0.000E+00 0.000E+00 4.459E+03 4.446E+03 
1.329E-03 1.286E+01 6.841E-03 3.927E+03 0.000E+00 0.000E+00 3.940E+03 3.927E+03 
1.329E-03 1.286E+01 6.841E-03 4.005E+03 0.000E+00 0.000E+00 4.017E+03 4.005E+03 
1.500E-03 1.263E+01 7.885E-03 3.148E+03 0.000E+00 0.000E+00 3.161E+03 3.148E+03 
2.000E-03 1.196E+01 1.086E-02 1.730E+03 0.000E+00 0.000E+00 1.741E+03 1.730E+03 
3.000E-03 1.071E+01 1.656E-02 7.072E+02 0.000E+00 0.000E+00 7.179E+02 7.072E+02 
3.332E-03 1.032E+01 1.837E-02 5.567E+02 0.000E+00 0.000E+00 5.670E+02 5.567E+02 
3.332E-03 1.032E+01 1.837E-02 1.383E+03 0.000E+00 0.000E+00 1.394E+03 1.383E+03 
3.410E-03 1.023E+01 1.880E-02 1.297E+03 0.000E+00 0.000E+00 1.307E+03 1.297E+03 
3.491E-03 1.014E+01 1.922E-02 1.215E+03 0.000E+00 0.000E+00 1.226E+03 1.215E+03 
3.491E-03 1.014E+01 1.922E-02 1.739E+03 0.000E+00 0.000E+00 1.749E+03 1.739E+03 
4.000E-03 9.590E+00 2.186E-02 1.243E+03 0.000E+00 0.000E+00 1.253E+03 1.243E+03 
4.046E-03 9.543E+00 2.209E-02 1.208E+03 0.000E+00 0.000E+00 1.217E+03 1.208E+03 
4.046E-03 9.543E+00 2.209E-02 1.405E+03 0.000E+00 0.000E+00 1.415E+03 1.405E+03 
4.421E-03 9.167E+00 2.393E-02 1.126E+03 0.000E+00 0.000E+00 1.135E+03 1.126E+03 
4.830E-03 8.777E+00 2.587E-02 9.016E+02 0.000E+00 0.000E+00 9.104E+02 9.016E+02 
4.830E-03 8.777E+00 2.587E-02 9.566E+02 0.000E+00 0.000E+00 9.654E+02 9.567E+02 
5.000E-03 8.624E+00 2.665E-02 8.790E+02 0.000E+00 0.000E+00 8.877E+02 8.791E+02 
5.182E-03 8.461E+00 2.746E-02 8.045E+02 0.000E+00 0.000E+00 8.130E+02 8.046E+02 
5.182E-03 8.461E+00 2.746E-02 8.393E+02 0.000E+00 0.000E+00 8.478E+02 8.394E+02 
6.000E-03 7.789E+00 3.088E-02 5.868E+02 0.000E+00 0.000E+00 5.946E+02 5.868E+02 
8.000E-03 6.426E+00 3.831E-02 2.873E+02 0.000E+00 0.000E+00 2.938E+02 2.873E+02 
1.000E-02 5.378E+00 4.482E-02 1.635E+02 0.000E+00 0.000E+00 1.689E+02 1.636E+02 
1.500E-02 3.639E+00 5.782E-02 5.772E+01 0.000E+00 0.000E+00 6.142E+01 5.778E+01 
1.630E-02 3.322E+00 6.050E-02 4.653E+01 0.000E+00 0.000E+00 4.992E+01 4.659E+01 
1.630E-02 3.322E+00 6.050E-02 1.122E+02 0.000E+00 0.000E+00 1.156E+02 1.123E+02 
1.792E-02 2.980E+00 6.351E-02 8.678E+01 0.000E+00 0.000E+00 8.983E+01 8.685E+01 
1.969E-02 2.663E+00 6.644E-02 6.712E+01 0.000E+00 0.000E+00 6.984E+01 6.718E+01 
1.969E-02 2.663E+00 6.644E-02 9.598E+01 0.000E+00 0.000E+00 9.870E+01 9.604E+01 
2.000E-02 2.613E+00 6.691E-02 9.099E+01 0.000E+00 0.000E+00 9.367E+01 9.106E+01 
2.047E-02 2.539E+00 6.763E-02 8.591E+01 0.000E+00 0.000E+00 8.851E+01 8.597E+01 
2.047E-02 2.539E+00 6.763E-02 9.919E+01 0.000E+00 0.000E+00 1.018E+02 9.926E+01 
3.000E-02 1.539E+00 7.905E-02 3.729E+01 0.000E+00 0.000E+00 3.891E+01 3.737E+01 
4.000E-02 1.034E+00 8.655E-02 1.753E+01 0.000E+00 0.000E+00 1.865E+01 1.762E+01 
5.000E-02 7.441E-01 9.112E-02 9.683E+00 0.000E+00 0.000E+00 1.052E+01 9.774E+00 
6.000E-02 5.590E-01 9.379E-02 5.938E+00 0.000E+00 0.000E+00 6.591E+00 6.032E+00 
8.000E-02 3.511E-01 9.585E-02 2.730E+00 0.000E+00 0.000E+00 3.177E+00 2.826E+00 
1.000E-01 2.435E-01 9.574E-02 1.491E+00 0.000E+00 0.000E+00 1.830E+00 1.586E+00 
1.097E-01 2.086E-01 9.530E-02 1.161E+00 0.000E+00 0.000E+00 1.465E+00 1.256E+00 
1.097E-01 2.086E-01 9.530E-02 5.032E+00 0.000E+00 0.000E+00 5.336E+00 5.128E+00 
1.500E-01 1.214E-01 9.211E-02 2.258E+00 0.000E+00 0.000E+00 2.472E+00 2.351E+00 
2.000E-01 7.267E-02 8.728E-02 1.074E+00 0.000E+00 0.000E+00 1.234E+00 1.161E+00 
3.000E-01 3.483E-02 7.840E-02 3.807E-01 0.000E+00 0.000E+00 4.940E-01 4.591E-01 
4.000E-01 2.047E-02 7.140E-02 1.871E-01 0.000E+00 0.000E+00 2.789E-01 2.585E-01 
5.000E-01 1.346E-02 6.582E-02 1.102E-01 0.000E+00 0.000E+00 1.895E-01 1.760E-01 
6.000E-01 9.514E-03 6.125E-02 7.272E-02 0.000E+00 0.000E+00 1.435E-01 1.340E-01 
8.000E-01 5.474E-03 5.419E-02 3.896E-02 0.000E+00 0.000E+00 9.862E-02 9.315E-02 
1.000E+00 3.550E-03 4.890E-02 2.464E-02 0.000E+00 0.000E+00 7.709E-02 7.354E-02 
1.022E+00 3.402E-03 4.838E-02 2.360E-02 0.000E+00 0.000E+00 7.538E-02 7.197E-02 
1.250E+00 2.297E-03 4.383E-02 1.595E-02 4.321E-04 0.000E+00 6.251E-02 6.021E-02 
1.500E+00 1.606E-03 3.992E-02 1.134E-02 2.117E-03 0.000E+00 5.498E-02 5.337E-02 
2.000E+00 9.104E-04 3.413E-02 6.852E-03 6.234E-03 0.000E+00 4.812E-02 4.721E-02 
2.044E+00 8.723E-04 3.371E-02 6.605E-03 6.584E-03 0.000E+00 4.777E-02 4.690E-02 
3.000E+00 4.075E-04 2.689E-02 3.571E-03 1.309E-02 9.390E-06 4.396E-02 4.356E-02 
4.000E+00 2.297E-04 2.244E-02 2.332E-03 1.843E-02 3.826E-05 4.347E-02 4.324E-02 
5.000E+00 1.472E-04 1.939E-02 1.706E-03 2.289E-02 7.607E-05 4.421E-02 4.406E-02 
6.000E+00 1.023E-04 1.714E-02 1.335E-03 2.673E-02 1.166E-04 4.542E-02 4.532E-02 
7.000E+00 7.521E-05 1.541E-02 1.091E-03 3.011E-02 1.568E-04 4.683E-02 4.676E-02 
8.000E+00 5.759E-05 1.402E-02 9.211E-04 3.317E-02 1.957E-04 4.837E-02 4.831E-02 
9.000E+00 4.552E-05 1.289E-02 7.952E-04 3.597E-02 2.328E-04 4.994E-02 4.989E-02 
1.000E+01 3.688E-05 1.194E-02 6.989E-04 3.854E-02 2.681E-04 5.149E-02 5.145E-02 
1.100E+01 3.047E-05 1.114E-02 6.231E-04 4.093E-02 3.011E-04 5.302E-02 5.299E-02 
1.200E+01 2.561E-05 1.045E-02 5.616E-04 4.316E-02 3.325E-04 5.453E-02 5.450E-02 
1.300E+01 2.182E-05 9.844E-03 5.113E-04 4.524E-02 3.618E-04 5.598E-02 5.595E-02 
1.400E+01 1.882E-05 9.312E-03 4.687E-04 4.718E-02 3.896E-04 5.737E-02 5.735E-02 
1.500E+01 1.639E-05 8.842E-03 4.329E-04 4.900E-02 4.160E-04 5.871E-02 5.869E-02 
1.600E+01 1.441E-05 8.419E-03 4.020E-04 5.071E-02 4.409E-04 5.999E-02 5.997E-02 
1.800E+01 1.139E-05 7.695E-03 3.517E-04 5.378E-02 4.869E-04 6.232E-02 6.231E-02 
2.000E+01 9.224E-06 7.098E-03 3.122E-04 5.653E-02 5.287E-04 6.447E-02 6.447E-02 
2.200E+01 7.622E-06 6.592E-03 2.808E-04 5.904E-02 5.668E-04 6.649E-02 6.648E-02 
2.400E+01 6.405E-06 6.161E-03 2.552E-04 6.133E-02 6.016E-04 6.835E-02 6.835E-02 
2.600E+01 5.458E-06 5.785E-03 2.337E-04 6.340E-02 6.338E-04 7.006E-02 7.006E-02 
2.800E+01 4.705E-06 5.458E-03 2.156E-04 6.532E-02 6.634E-04 7.167E-02 7.166E-02 
3.000E+01 4.101E-06 5.167E-03 2.000E-04 6.709E-02 6.909E-04 7.315E-02 7.315E-02 
4.000E+01 2.306E-06 4.106E-03 1.470E-04 7.425E-02 8.038E-04 7.931E-02 7.931E-02 
5.000E+01 1.476E-06 3.428E-03 1.161E-04 7.960E-02 8.886E-04 8.403E-02 8.403E-02 
6.000E+01 1.025E-06 2.953E-03 9.595E-05 8.373E-02 9.553E-04 8.773E-02 8.773E-02 
8.000E+01 5.764E-07 2.329E-03 7.122E-05 8.982E-02 1.055E-03 9.328E-02 9.328E-02 
1.000E+02 3.691E-07 1.933E-03 5.660E-05 9.411E-02 1.127E-03 9.722E-02 9.722E-02 
1.500E+02 1.640E-07 1.377E-03 3.742E-05 1.009E-01 1.244E-03 1.035E-01 1.035E-01 
2.000E+02 9.224E-08 1.079E-03 2.793E-05 1.049E-01 1.317E-03 1.073E-01 1.073E-01 
3.000E+02 4.101E-08 7.651E-04 1.854E-05 1.096E-01 1.405E-03 1.118E-01 1.118E-01 
4.000E+02 2.306E-08 5.993E-04 1.388E-05 1.123E-01 1.458E-03 1.143E-01 1.143E-01 
5.000E+02 1.476E-08 4.960E-04 1.109E-05 1.140E-01 1.494E-03 1.160E-01 1.160E-01 
6.000E+02 1.025E-08 4.246E-04 9.232E-06 1.153E-01 1.520E-03 1.173E-01 1.173E-01 
8.000E+02 5.764E-09 3.317E-04 6.917E-06 1.170E-01 1.557E-03 1.189E-01 1.189E-01 
1.000E+03 3.691E-09 2.728E-04 5.528E-06 1.181E-01 1.581E-03 1.199E-01 1.199E-01 
1.500E+03 1.640E-09 1.906E-04 3.683E-06 1.196E-01 1.617E-03 1.215E-01 1.215E-01 
2.000E+03 9.224E-10 1.475E-04 2.761E-06 1.205E-01 1.637E-03 1.223E-01 1.223E-01 
3.000E+03 4.101E-10 1.025E-04 1.840E-06 1.214E-01 1.659E-03 1.232E-01 1.232E-01 
4.000E+03 2.306E-10 7.916E-05 1.380E-06 1.219E-01 1.673E-03 1.237E-01 1.237E-01 
5.000E+03 1.476E-10 6.473E-05 1.104E-06 1.222E-01 1.681E-03 1.240E-01 1.240E-01 
6.000E+03 1.025E-10 5.489E-05 9.195E-07 1.225E-01 1.686E-03 1.242E-01 1.242E-01 
8.000E+03 5.764E-11 4.228E-05 6.896E-07 1.228E-01 1.694E-03 1.245E-01 1.245E-01 
1.000E+04 3.691E-11 3.452E-05 5.515E-07 1.229E-01 1.699E-03 1.246E-01 1.246E-01 
1.500E+04 1.640E-11 2.386E-05 3.678E-07 1.232E-01 1.705E-03 1.249E-01 1.249E-01 
2.000E+04 9.224E-12 1.834E-05 2.759E-07 1.233E-01 1.709E-03 1.250E-01 1.250E-01 
3.000E+04 4.101E-12 1.265E-05 1.838E-07 1.235E-01 1.713E-03 1.252E-01 1.252E-01 
4.000E+04 2.306E-12 9.712E-06 1.379E-07 1.235E-01 1.715E-03 1.253E-01 1.253E-01 
5.000E+04 1.476E-12 7.908E-06 1.103E-07 1.236E-01 1.717E-03 1.253E-01 1.253E-01 
6.000E+04 1.025E-12 6.686E-06 9.193E-08 1.236E-01 1.717E-03 1.253E-01 1.253E-01 
8.000E+04 5.764E-13 5.126E-06 6.893E-08 1.236E-01 1.718E-03 1.254E-01 1.254E-01 
1.000E+05 3.691E-13 4.171E-06 5.515E-08 1.237E-01 1.719E-03 1.254E-01 1.254E-01 
