1.000E-03 1.430E+01 4.251E-03 7.524E+03 0.000E+00 0.000E+00 7.539E+03 7.524E+03 
1.074E-03 1.421E+01 4.679E-03 6.643E+03 0.000E+00 0.000E+00 6.657E+03 6.643E+03 
1.154E-03 1.412E+01 5.138E-03 5.867E+03 0.000E+00 0.000E+00 5.881E+03 5.867E+03 
1.154E-03 1.412E+01 5.138E-03 6.228E+03 0.000E+00 0.000E+00 6.242E+03 6.228E+03 
1.289E-03 1.396E+01 5.894E-03 5.046E+03 0.000E+00 0.000E+00 5.060E+03 5.046E+03 
1.440E-03 1.377E+01 6.735E-03 4.090E+03 0.000E+00 0.000E+00 4.104E+03 4.090E+03 
1.440E-03 1.377E+01 6.735E-03 4.173E+03 0.000E+00 0.000E+00 4.187E+03 4.173E+03 
1.500E-03 1.369E+01 7.076E-03 3.817E+03 0.000E+00 0.000E+00 3.831E+03 3.817E+03 
1.643E-03 1.350E+01 7.883E-03 3.171E+03 0.000E+00 0.000E+00 3.185E+03 3.171E+03 
1.643E-03 1.350E+01 7.883E-03 3.230E+03 0.000E+00 0.000E+00 3.243E+03 3.230E+03 
2.000E-03 1.303E+01 9.884E-03 2.141E+03 0.000E+00 0.000E+00 2.154E+03 2.141E+03 
3.000E-03 1.171E+01 1.532E-02 8.772E+02 0.000E+00 0.000E+00 8.890E+02 8.772E+02 
3.971E-03 1.051E+01 2.020E-02 4.607E+02 0.000E+00 0.000E+00 4.712E+02 4.607E+02 
3.971E-03 1.051E+01 2.020E-02 1.038E+03 0.000E+00 0.000E+00 1.048E+03 1.038E+03 
4.000E-03 1.048E+01 2.034E-02 1.027E+03 0.000E+00 0.000E+00 1.037E+03 1.027E+03 
4.227E-03 1.022E+01 2.141E-02 9.218E+02 0.000E+00 0.000E+00 9.321E+02 9.219E+02 
4.227E-03 1.022E+01 2.141E-02 1.287E+03 0.000E+00 0.000E+00 1.298E+03 1.287E+03 
4.503E-03 9.911E+00 2.269E-02 1.109E+03 0.000E+00 0.000E+00 1.119E+03 1.109E+03 
4.797E-03 9.596E+00 2.401E-02 9.552E+02 0.000E+00 0.000E+00 9.648E+02 9.552E+02 
4.797E-03 9.596E+00 2.401E-02 1.112E+03 0.000E+00 0.000E+00 1.122E+03 1.112E+03 
5.000E-03 9.386E+00 2.491E-02 1.007E+03 0.000E+00 0.000E+00 1.016E+03 1.007E+03 
5.895E-03 8.536E+00 2.864E-02 6.605E+02 0.000E+00 0.000E+00 6.691E+02 6.606E+02 
5.895E-03 8.536E+00 2.864E-02 7.005E+02 0.000E+00 0.000E+00 7.091E+02 7.005E+02 
6.000E-03 8.443E+00 2.905E-02 6.705E+02 0.000E+00 0.000E+00 6.790E+02 6.706E+02 
6.288E-03 8.197E+00 3.020E-02 5.969E+02 0.000E+00 0.000E+00 6.052E+02 5.970E+02 
6.288E-03 8.197E+00 3.020E-02 6.218E+02 0.000E+00 0.000E+00 6.300E+02 6.218E+02 
8.000E-03 6.939E+00 3.642E-02 3.437E+02 0.000E+00 0.000E+00 3.507E+02 3.437E+02 
1.000E-02 5.811E+00 4.292E-02 1.967E+02 0.000E+00 0.000E+00 2.026E+02 1.967E+02 
1.500E-02 3.966E+00 5.618E-02 7.010E+01 0.000E+00 0.000E+00 7.412E+01 7.016E+01 
1.893E-02 3.066E+00 6.391E-02 3.849E+01 0.000E+00 0.000E+00 4.162E+01 3.855E+01 
1.893E-02 3.066E+00 6.391E-02 9.038E+01 0.000E+00 0.000E+00 9.351E+01 9.044E+01 
2.000E-02 2.874E+00 6.569E-02 7.851E+01 0.000E+00 0.000E+00 8.145E+01 7.857E+01 
2.380E-02 2.317E+00 7.117E-02 4.880E+01 0.000E+00 0.000E+00 5.119E+01 4.887E+01 
2.380E-02 2.317E+00 7.117E-02 6.986E+01 0.000E+00 0.000E+00 7.225E+01 6.993E+01 
2.413E-02 2.277E+00 7.159E-02 6.735E+01 0.000E+00 0.000E+00 6.970E+01 6.743E+01 
2.446E-02 2.237E+00 7.200E-02 6.496E+01 0.000E+00 0.000E+00 6.727E+01 6.503E+01 
2.446E-02 2.237E+00 7.200E-02 7.485E+01 0.000E+00 0.000E+00 7.716E+01 7.493E+01 
3.000E-02 1.698E+00 7.785E-02 4.473E+01 0.000E+00 0.000E+00 4.650E+01 4.480E+01 
4.000E-02 1.140E+00 8.531E-02 2.132E+01 0.000E+00 0.000E+00 2.255E+01 2.141E+01 
5.000E-02 8.258E-01 8.994E-02 1.190E+01 0.000E+00 0.000E+00 1.282E+01 1.199E+01 
6.000E-02 6.235E-01 9.272E-02 7.359E+00 0.000E+00 0.000E+00 8.075E+00 7.451E+00 
8.000E-02 3.919E-01 9.499E-02 3.422E+00 0.000E+00 0.000E+00 3.909E+00 3.517E+00 
1.000E-01 2.720E-01 9.503E-02 1.883E+00 0.000E+00 0.000E+00 2.250E+00 1.978E+00 
1.282E-01 1.792E-01 9.343E-02 9.669E-01 0.000E+00 0.000E+00 1.240E+00 1.060E+00 
1.282E-01 1.792E-01 9.343E-02 3.910E+00 0.000E+00 0.000E+00 4.182E+00 4.003E+00 
1.500E-01 1.367E-01 9.165E-02 2.642E+00 0.000E+00 0.000E+00 2.871E+00 2.734E+00 
2.000E-01 8.202E-02 8.699E-02 1.276E+00 0.000E+00 0.000E+00 1.445E+00 1.362E+00 
3.000E-01 3.944E-02 7.829E-02 4.612E-01 0.000E+00 0.000E+00 5.789E-01 5.394E-01 
4.000E-01 2.327E-02 7.134E-02 2.296E-01 0.000E+00 0.000E+00 3.242E-01 3.009E-01 
5.000E-01 1.535E-02 6.579E-02 1.365E-01 0.000E+00 0.000E+00 2.177E-01 2.023E-01 
6.000E-01 1.088E-02 6.125E-02 9.067E-02 0.000E+00 0.000E+00 1.628E-01 1.519E-01 
8.000E-01 6.276E-03 5.421E-02 4.894E-02 0.000E+00 0.000E+00 1.094E-01 1.032E-01 
1.000E+00 4.080E-03 4.894E-02 3.105E-02 0.000E+00 0.000E+00 8.408E-02 8.000E-02 
1.022E+00 3.912E-03 4.843E-02 2.976E-02 0.000E+00 0.000E+00 8.210E-02 7.819E-02 
1.250E+00 2.645E-03 4.390E-02 2.012E-02 4.763E-04 0.000E+00 6.714E-02 6.450E-02 
1.500E+00 1.851E-03 3.997E-02 1.431E-02 2.388E-03 0.000E+00 5.852E-02 5.667E-02 
2.000E+00 1.051E-03 3.417E-02 8.636E-03 6.927E-03 0.000E+00 5.079E-02 4.974E-02 
2.044E+00 1.007E-03 3.376E-02 8.326E-03 7.303E-03 0.000E+00 5.039E-02 4.939E-02 
3.000E+00 4.712E-04 2.693E-02 4.495E-03 1.415E-02 9.404E-06 4.606E-02 4.558E-02 
4.000E+00 2.659E-04 2.248E-02 2.930E-03 1.963E-02 3.832E-05 4.534E-02 4.507E-02 
5.000E+00 1.705E-04 1.942E-02 2.139E-03 2.420E-02 7.614E-05 4.600E-02 4.583E-02 
6.000E+00 1.185E-04 1.717E-02 1.672E-03 2.805E-02 1.167E-04 4.713E-02 4.701E-02 
7.000E+00 8.714E-05 1.543E-02 1.366E-03 3.154E-02 1.569E-04 4.858E-02 4.849E-02 
8.000E+00 6.674E-05 1.405E-02 1.152E-03 3.468E-02 1.958E-04 5.015E-02 5.008E-02 
9.000E+00 5.275E-05 1.291E-02 9.942E-04 3.758E-02 2.329E-04 5.178E-02 5.173E-02 
1.000E+01 4.273E-05 1.197E-02 8.733E-04 4.024E-02 2.681E-04 5.339E-02 5.335E-02 
1.100E+01 3.532E-05 1.116E-02 7.780E-04 4.273E-02 3.013E-04 5.500E-02 5.497E-02 
1.200E+01 2.969E-05 1.047E-02 7.012E-04 4.504E-02 3.325E-04 5.657E-02 5.654E-02 
1.300E+01 2.530E-05 9.862E-03 6.379E-04 4.719E-02 3.617E-04 5.808E-02 5.805E-02 
1.400E+01 2.181E-05 9.330E-03 5.850E-04 4.924E-02 3.895E-04 5.956E-02 5.954E-02 
1.500E+01 1.900E-05 8.858E-03 5.399E-04 5.114E-02 4.158E-04 6.097E-02 6.095E-02 
1.600E+01 1.670E-05 8.436E-03 5.011E-04 5.289E-02 4.407E-04 6.229E-02 6.227E-02 
1.800E+01 1.320E-05 7.710E-03 4.382E-04 5.613E-02 4.865E-04 6.478E-02 6.477E-02 
2.000E+01 1.069E-05 7.110E-03 3.893E-04 5.901E-02 5.282E-04 6.705E-02 6.704E-02 
2.200E+01 8.836E-06 6.603E-03 3.498E-04 6.162E-02 5.662E-04 6.915E-02 6.914E-02 
2.400E+01 7.424E-06 6.172E-03 3.178E-04 6.403E-02 6.008E-04 7.113E-02 7.112E-02 
2.600E+01 6.328E-06 5.794E-03 2.910E-04 6.622E-02 6.328E-04 7.295E-02 7.294E-02 
2.800E+01 5.455E-06 5.467E-03 2.684E-04 6.822E-02 6.625E-04 7.463E-02 7.462E-02 
3.000E+01 4.753E-06 5.177E-03 2.491E-04 7.008E-02 6.898E-04 7.620E-02 7.619E-02 
4.000E+01 2.674E-06 4.114E-03 1.828E-04 7.763E-02 8.024E-04 8.273E-02 8.273E-02 
5.000E+01 1.711E-06 3.434E-03 1.444E-04 8.324E-02 8.865E-04 8.770E-02 8.770E-02 
6.000E+01 1.188E-06 2.959E-03 1.193E-04 8.760E-02 9.528E-04 9.163E-02 9.163E-02 
8.000E+01 6.683E-07 2.333E-03 8.850E-05 9.401E-02 1.052E-03 9.748E-02 9.748E-02 
1.000E+02 4.278E-07 1.937E-03 7.034E-05 9.852E-02 1.122E-03 1.017E-01 1.016E-01 
1.500E+02 1.901E-07 1.379E-03 4.648E-05 1.056E-01 1.238E-03 1.083E-01 1.083E-01 
2.000E+02 1.069E-07 1.081E-03 3.471E-05 1.099E-01 1.310E-03 1.123E-01 1.123E-01 
3.000E+02 4.753E-08 7.663E-04 2.303E-05 1.148E-01 1.397E-03 1.170E-01 1.170E-01 
4.000E+02 2.674E-08 6.003E-04 1.723E-05 1.176E-01 1.448E-03 1.197E-01 1.197E-01 
5.000E+02 1.711E-08 4.970E-04 1.377E-05 1.195E-01 1.483E-03 1.215E-01 1.215E-01 
6.000E+02 1.188E-08 4.253E-04 1.146E-05 1.208E-01 1.509E-03 1.227E-01 1.227E-01 
8.000E+02 6.683E-09 3.322E-04 8.587E-06 1.225E-01 1.544E-03 1.244E-01 1.244E-01 
1.000E+03 4.278E-09 2.732E-04 6.866E-06 1.237E-01 1.568E-03 1.255E-01 1.255E-01 
1.500E+03 1.901E-09 1.909E-04 4.573E-06 1.253E-01 1.602E-03 1.271E-01 1.271E-01 
2.000E+03 1.069E-09 1.478E-04 3.427E-06 1.262E-01 1.622E-03 1.280E-01 1.280E-01 
3.000E+03 4.753E-10 1.027E-04 2.284E-06 1.271E-01 1.644E-03 1.289E-01 1.289E-01 
4.000E+03 2.674E-10 7.929E-05 1.713E-06 1.277E-01 1.656E-03 1.295E-01 1.295E-01 
5.000E+03 1.711E-10 6.484E-05 1.370E-06 1.280E-01 1.664E-03 1.298E-01 1.298E-01 
6.000E+03 1.188E-10 5.499E-05 1.142E-06 1.283E-01 1.669E-03 1.300E-01 1.300E-01 
8.000E+03 6.683E-11 4.236E-05 8.563E-07 1.286E-01 1.676E-03 1.303E-01 1.303E-01 
1.000E+04 4.278E-11 3.459E-05 6.849E-07 1.288E-01 1.681E-03 1.305E-01 1.305E-01 
1.500E+04 1.901E-11 2.390E-05 4.565E-07 1.290E-01 1.687E-03 1.307E-01 1.307E-01 
2.000E+04 1.069E-11 1.838E-05 3.425E-07 1.292E-01 1.691E-03 1.309E-01 1.309E-01 
3.000E+04 4.753E-12 1.267E-05 2.283E-07 1.293E-01 1.694E-03 1.310E-01 1.310E-01 
4.000E+04 2.674E-12 9.730E-06 1.712E-07 1.294E-01 1.697E-03 1.311E-01 1.311E-01 
5.000E+04 1.711E-12 7.922E-06 1.370E-07 1.295E-01 1.698E-03 1.312E-01 1.312E-01 
6.000E+04 1.188E-12 6.698E-06 1.141E-07 1.295E-01 1.699E-03 1.312E-01 1.312E-01 
8.000E+04 6.683E-13 5.136E-06 8.560E-08 1.295E-01 1.700E-03 1.312E-01 1.312E-01 
1.000E+05 4.278E-13 4.178E-06 6.847E-08 1.295E-01 1.700E-03 1.312E-01 1.312E-01 
