1.000E-03 1.900E+00 5.479E-03 7.407E+03 0.000E+00 0.000E+00 7.409E+03 7.407E+03 
1.500E-03 1.803E+00 1.164E-02 2.664E+03 0.000E+00 0.000E+00 2.666E+03 2.664E+03 
2.000E-03 1.683E+00 1.925E-02 1.241E+03 0.000E+00 0.000E+00 1.243E+03 1.241E+03 
3.000E-03 1.415E+00 3.644E-02 4.038E+02 0.000E+00 0.000E+00 4.052E+02 4.038E+02 
4.000E-03 1.160E+00 5.360E-02 1.772E+02 0.000E+00 0.000E+00 1.784E+02 1.773E+02 
5.000E-03 9.445E-01 6.923E-02 9.236E+01 0.000E+00 0.000E+00 9.338E+01 9.243E+01 
6.000E-03 7.741E-01 8.278E-02 5.384E+01 0.000E+00 0.000E+00 5.469E+01 5.392E+01 
8.000E-03 5.404E-01 1.036E-01 2.264E+01 0.000E+00 0.000E+00 2.328E+01 2.274E+01 
1.000E-02 3.984E-01 1.178E-01 1.145E+01 0.000E+00 0.000E+00 1.197E+01 1.157E+01 
1.500E-02 2.226E-01 1.374E-01 3.253E+00 0.000E+00 0.000E+00 3.613E+00 3.390E+00 
2.000E-02 1.455E-01 1.470E-01 1.313E+00 0.000E+00 0.000E+00 1.606E+00 1.460E+00 
3.000E-02 7.729E-02 1.556E-01 3.593E-01 0.000E+00 0.000E+00 5.922E-01 5.149E-01 
4.000E-02 4.763E-02 1.578E-01 1.418E-01 0.000E+00 0.000E+00 3.472E-01 2.996E-01 
5.000E-02 3.217E-02 1.571E-01 6.867E-02 0.000E+00 0.000E+00 2.579E-01 2.258E-01 
6.000E-02 2.314E-02 1.551E-01 3.787E-02 0.000E+00 0.000E+00 2.161E-01 1.930E-01 
8.000E-02 1.362E-02 1.497E-01 1.478E-02 0.000E+00 0.000E+00 1.781E-01 1.645E-01 
1.000E-01 8.947E-03 1.439E-01 7.120E-03 0.000E+00 0.000E+00 1.600E-01 1.511E-01 
1.500E-01 4.106E-03 1.309E-01 1.903E-03 0.000E+00 0.000E+00 1.370E-01 1.329E-01 
2.000E-01 2.340E-03 1.205E-01 7.568E-04 0.000E+00 0.000E+00 1.236E-01 1.213E-01 
3.000E-01 1.050E-03 1.051E-01 2.149E-04 0.000E+00 0.000E+00 1.064E-01 1.054E-01 
4.000E-01 5.930E-04 9.433E-02 9.248E-05 0.000E+00 0.000E+00 9.502E-02 9.442E-02 
5.000E-01 3.802E-04 8.622E-02 4.996E-05 0.000E+00 0.000E+00 8.665E-02 8.627E-02 
6.000E-01 2.642E-04 7.977E-02 3.113E-05 0.000E+00 0.000E+00 8.006E-02 7.980E-02 
8.000E-01 1.488E-04 7.013E-02 1.573E-05 0.000E+00 0.000E+00 7.029E-02 7.015E-02 
1.000E+00 9.523E-05 6.306E-02 9.779E-06 0.000E+00 0.000E+00 6.316E-02 6.307E-02 
1.022E+00 9.120E-05 6.240E-02 9.174E-06 0.000E+00 0.000E+00 6.250E-02 6.241E-02 
1.250E+00 6.097E-05 5.637E-02 6.225E-06 2.414E-05 0.000E+00 5.646E-02 5.640E-02 
1.500E+00 4.235E-05 5.127E-02 4.512E-06 1.332E-04 0.000E+00 5.145E-02 5.141E-02 
2.000E+00 2.382E-05 4.375E-02 2.829E-06 5.297E-04 0.000E+00 4.431E-02 4.428E-02 
2.044E+00 2.281E-05 4.321E-02 2.736E-06 5.709E-04 0.000E+00 4.381E-02 4.379E-02 
3.000E+00 1.059E-05 3.441E-02 1.574E-06 1.512E-03 1.204E-05 3.595E-02 3.593E-02 
4.000E+00 5.957E-06 2.871E-02 1.078E-06 2.451E-03 4.915E-05 3.122E-02 3.121E-02 
5.000E+00 3.814E-06 2.479E-02 8.156E-07 3.289E-03 9.797E-05 2.818E-02 2.818E-02 
6.000E+00 2.648E-06 2.191E-02 6.550E-07 4.038E-03 1.505E-04 2.610E-02 2.610E-02 
7.000E+00 1.945E-06 1.970E-02 5.467E-07 4.703E-03 2.029E-04 2.460E-02 2.460E-02 
8.000E+00 1.489E-06 1.792E-02 4.688E-07 5.306E-03 2.538E-04 2.349E-02 2.348E-02 
9.000E+00 1.177E-06 1.648E-02 4.100E-07 5.852E-03 3.026E-04 2.263E-02 2.263E-02 
1.000E+01 9.532E-07 1.527E-02 3.644E-07 6.348E-03 3.492E-04 2.197E-02 2.196E-02 
1.100E+01 7.878E-07 1.424E-02 3.280E-07 6.795E-03 3.930E-04 2.143E-02 2.143E-02 
1.200E+01 6.619E-07 1.335E-02 2.980E-07 7.210E-03 4.348E-04 2.100E-02 2.100E-02 
1.300E+01 5.640E-07 1.258E-02 2.730E-07 7.592E-03 4.742E-04 2.065E-02 2.065E-02 
1.400E+01 4.864E-07 1.190E-02 2.519E-07 7.950E-03 5.118E-04 2.036E-02 2.036E-02 
1.500E+01 4.235E-07 1.130E-02 2.338E-07 8.281E-03 5.476E-04 2.013E-02 2.013E-02 
1.600E+01 3.724E-07 1.076E-02 2.182E-07 8.595E-03 5.816E-04 1.994E-02 1.994E-02 
1.800E+01 2.942E-07 9.833E-03 1.924E-07 9.171E-03 6.449E-04 1.965E-02 1.965E-02 
2.000E+01 2.383E-07 9.069E-03 1.720E-07 9.684E-03 7.028E-04 1.946E-02 1.946E-02 
2.200E+01 1.969E-07 8.425E-03 1.555E-07 1.015E-02 7.559E-04 1.933E-02 1.933E-02 
2.400E+01 1.655E-07 7.872E-03 1.419E-07 1.057E-02 8.052E-04 1.925E-02 1.925E-02 
2.600E+01 1.410E-07 7.392E-03 1.305E-07 1.096E-02 8.511E-04 1.920E-02 1.920E-02 
2.800E+01 1.216E-07 6.971E-03 1.208E-07 1.132E-02 8.935E-04 1.918E-02 1.918E-02 
3.000E+01 1.059E-07 6.601E-03 1.124E-07 1.165E-02 9.335E-04 1.919E-02 1.919E-02 
4.000E+01 5.957E-08 5.246E-03 8.350E-08 1.301E-02 1.101E-03 1.936E-02 1.936E-02 
5.000E+01 3.814E-08 4.378E-03 6.640E-08 1.404E-02 1.231E-03 1.965E-02 1.965E-02 
6.000E+01 2.648E-08 3.772E-03 5.512E-08 1.485E-02 1.336E-03 1.996E-02 1.996E-02 
8.000E+01 1.489E-08 2.976E-03 4.112E-08 1.609E-02 1.498E-03 2.056E-02 2.056E-02 
1.000E+02 9.532E-09 2.470E-03 3.280E-08 1.698E-02 1.620E-03 2.107E-02 2.107E-02 
1.500E+02 4.235E-09 1.759E-03 2.178E-08 1.843E-02 1.827E-03 2.202E-02 2.202E-02 
2.000E+02 2.383E-09 1.379E-03 1.630E-08 1.932E-02 1.960E-03 2.266E-02 2.266E-02 
3.000E+02 1.059E-09 9.773E-04 1.084E-08 2.035E-02 2.126E-03 2.346E-02 2.346E-02 
4.000E+02 5.957E-10 7.655E-04 8.126E-09 2.095E-02 2.226E-03 2.394E-02 2.394E-02 
5.000E+02 3.811E-10 6.336E-04 6.497E-09 2.135E-02 2.295E-03 2.428E-02 2.428E-02 
6.000E+02 2.647E-10 5.425E-04 5.410E-09 2.163E-02 2.346E-03 2.452E-02 2.452E-02 
8.000E+02 1.489E-10 4.238E-04 4.056E-09 2.201E-02 2.415E-03 2.485E-02 2.485E-02 
1.000E+03 9.529E-11 3.486E-04 3.244E-09 2.226E-02 2.462E-03 2.507E-02 2.507E-02 
1.500E+03 4.235E-11 2.435E-04 2.162E-09 2.261E-02 2.531E-03 2.539E-02 2.539E-02 
2.000E+03 2.383E-11 1.884E-04 1.621E-09 2.281E-02 2.569E-03 2.557E-02 2.557E-02 
3.000E+03 1.059E-11 1.310E-04 1.081E-09 2.302E-02 2.612E-03 2.576E-02 2.576E-02 
4.000E+03 5.957E-12 1.011E-04 8.102E-10 2.313E-02 2.636E-03 2.587E-02 2.587E-02 
5.000E+03 3.811E-12 8.269E-05 6.482E-10 2.321E-02 2.651E-03 2.594E-02 2.594E-02 
6.000E+03 2.647E-12 7.013E-05 5.402E-10 2.326E-02 2.662E-03 2.599E-02 2.599E-02 
8.000E+03 1.489E-12 5.402E-05 4.053E-10 2.332E-02 2.676E-03 2.605E-02 2.605E-02 
1.000E+04 9.529E-13 4.411E-05 3.241E-10 2.336E-02 2.685E-03 2.609E-02 2.609E-02 
1.500E+04 4.235E-13 3.047E-05 2.161E-10 2.342E-02 2.697E-03 2.614E-02 2.614E-02 
2.000E+04 2.383E-13 2.344E-05 1.620E-10 2.345E-02 2.704E-03 2.617E-02 2.617E-02 
3.000E+04 1.059E-13 1.616E-05 1.080E-10 2.348E-02 2.710E-03 2.621E-02 2.621E-02 
4.000E+04 5.957E-14 1.241E-05 8.102E-11 2.350E-02 2.715E-03 2.623E-02 2.623E-02 
5.000E+04 3.811E-14 1.010E-05 6.482E-11 2.351E-02 2.717E-03 2.623E-02 2.623E-02 
6.000E+04 2.647E-14 8.541E-06 5.402E-11 2.352E-02 2.719E-03 2.624E-02 2.624E-02 
8.000E+04 1.489E-14 6.550E-06 4.050E-11 2.352E-02 2.721E-03 2.625E-02 2.625E-02 
1.000E+05 9.529E-15 5.327E-06 3.241E-11 2.353E-02 2.722E-03 2.626E-02 2.626E-02 
