1.000E-03 3.042E+00 7.079E-03 3.181E+03 0.000E+00 0.000E+00 3.184E+03 3.181E+03 
1.500E-03 2.822E+00 1.420E-02 1.102E+03 0.000E+00 0.000E+00 1.105E+03 1.102E+03 
2.000E-03 2.570E+00 2.204E-02 5.094E+02 0.000E+00 0.000E+00 5.120E+02 5.094E+02 
3.000E-03 2.083E+00 3.717E-02 1.682E+02 0.000E+00 0.000E+00 1.704E+02 1.683E+02 
3.203E-03 1.993E+00 4.001E-02 1.404E+02 0.000E+00 0.000E+00 1.424E+02 1.404E+02 
4.000E-03 1.694E+00 5.023E-02 7.554E+02 0.000E+00 0.000E+00 7.571E+02 7.555E+02 
5.000E-03 1.409E+00 6.099E-02 4.210E+02 0.000E+00 0.000E+00 4.225E+02 4.211E+02 
6.000E-03 1.201E+00 6.971E-02 2.581E+02 0.000E+00 0.000E+00 2.594E+02 2.582E+02 
8.000E-03 9.245E-01 8.293E-02 1.170E+02 0.000E+00 0.000E+00 1.180E+02 1.171E+02 
1.000E-02 7.411E-01 9.288E-02 6.232E+01 0.000E+00 0.000E+00 6.315E+01 6.241E+01 
1.500E-02 4.556E-01 1.105E-01 1.927E+01 0.000E+00 0.000E+00 1.983E+01 1.938E+01 
2.000E-02 3.016E-01 1.213E-01 8.207E+00 0.000E+00 0.000E+00 8.630E+00 8.328E+00 
3.000E-02 1.616E-01 1.316E-01 2.403E+00 0.000E+00 0.000E+00 2.696E+00 2.535E+00 
4.000E-02 1.021E-01 1.351E-01 9.909E-01 0.000E+00 0.000E+00 1.228E+00 1.126E+00 
5.000E-02 7.070E-02 1.359E-01 4.946E-01 0.000E+00 0.000E+00 7.012E-01 6.305E-01 
6.000E-02 5.178E-02 1.353E-01 2.793E-01 0.000E+00 0.000E+00 4.664E-01 4.146E-01 
8.000E-02 3.107E-02 1.322E-01 1.127E-01 0.000E+00 0.000E+00 2.760E-01 2.449E-01 
1.000E-01 2.064E-02 1.280E-01 5.564E-02 0.000E+00 0.000E+00 2.043E-01 1.837E-01 
1.500E-01 9.633E-03 1.176E-01 1.544E-02 0.000E+00 0.000E+00 1.427E-01 1.330E-01 
2.000E-01 5.549E-03 1.087E-01 6.280E-03 0.000E+00 0.000E+00 1.205E-01 1.150E-01 
3.000E-01 2.519E-03 9.518E-02 1.832E-03 0.000E+00 0.000E+00 9.953E-02 9.701E-02 
4.000E-01 1.428E-03 8.554E-02 7.979E-04 0.000E+00 0.000E+00 8.776E-02 8.633E-02 
5.000E-01 9.179E-04 7.822E-02 4.345E-04 0.000E+00 0.000E+00 7.958E-02 7.866E-02 
6.000E-01 6.389E-04 7.244E-02 2.721E-04 0.000E+00 0.000E+00 7.335E-02 7.271E-02 
8.000E-01 3.601E-04 6.369E-02 1.381E-04 0.000E+00 0.000E+00 6.419E-02 6.383E-02 
1.000E+00 2.308E-04 5.730E-02 8.587E-05 0.000E+00 0.000E+00 5.762E-02 5.739E-02 
1.022E+00 2.210E-04 5.670E-02 8.124E-05 0.000E+00 0.000E+00 5.700E-02 5.678E-02 
1.250E+00 1.478E-04 5.125E-02 5.504E-05 4.260E-05 0.000E+00 5.150E-02 5.135E-02 
1.500E+00 1.027E-04 4.658E-02 3.978E-05 2.272E-04 0.000E+00 4.695E-02 4.685E-02 
2.000E+00 5.778E-05 3.977E-02 2.471E-05 8.864E-04 0.000E+00 4.074E-02 4.068E-02 
2.044E+00 5.531E-05 3.927E-02 2.388E-05 9.551E-04 0.000E+00 4.030E-02 4.025E-02 
3.000E+00 2.569E-05 3.130E-02 1.355E-05 2.499E-03 1.095E-05 3.385E-02 3.382E-02 
4.000E+00 1.445E-05 2.609E-02 9.197E-06 4.025E-03 4.470E-05 3.019E-02 3.017E-02 
5.000E+00 9.248E-06 2.254E-02 6.919E-06 5.379E-03 8.906E-05 2.802E-02 2.801E-02 
6.000E+00 6.422E-06 1.993E-02 5.531E-06 6.589E-03 1.368E-04 2.667E-02 2.666E-02 
7.000E+00 4.718E-06 1.791E-02 4.601E-06 7.667E-03 1.844E-04 2.577E-02 2.577E-02 
8.000E+00 3.613E-06 1.630E-02 3.935E-06 8.636E-03 2.306E-04 2.517E-02 2.517E-02 
9.000E+00 2.855E-06 1.498E-02 3.436E-06 9.514E-03 2.748E-04 2.478E-02 2.477E-02 
1.000E+01 2.312E-06 1.388E-02 3.048E-06 1.031E-02 3.170E-04 2.451E-02 2.451E-02 
1.100E+01 1.912E-06 1.295E-02 2.739E-06 1.103E-02 3.570E-04 2.434E-02 2.434E-02 
1.200E+01 1.605E-06 1.214E-02 2.486E-06 1.169E-02 3.947E-04 2.423E-02 2.423E-02 
1.300E+01 1.368E-06 1.144E-02 2.275E-06 1.231E-02 4.304E-04 2.418E-02 2.418E-02 
1.400E+01 1.180E-06 1.082E-02 2.097E-06 1.288E-02 4.643E-04 2.417E-02 2.417E-02 
1.500E+01 1.028E-06 1.027E-02 1.945E-06 1.341E-02 4.966E-04 2.419E-02 2.418E-02 
1.600E+01 9.031E-07 9.784E-03 1.814E-06 1.391E-02 5.272E-04 2.423E-02 2.423E-02 
1.800E+01 7.136E-07 8.942E-03 1.596E-06 1.483E-02 5.843E-04 2.436E-02 2.436E-02 
2.000E+01 5.780E-07 8.246E-03 1.427E-06 1.565E-02 6.363E-04 2.453E-02 2.453E-02 
2.200E+01 4.777E-07 7.660E-03 1.289E-06 1.639E-02 6.843E-04 2.473E-02 2.473E-02 
2.400E+01 4.014E-07 7.158E-03 1.175E-06 1.706E-02 7.284E-04 2.495E-02 2.495E-02 
2.600E+01 3.421E-07 6.720E-03 1.080E-06 1.767E-02 7.693E-04 2.516E-02 2.516E-02 
2.800E+01 2.949E-07 6.339E-03 9.993E-07 1.824E-02 8.074E-04 2.539E-02 2.539E-02 
3.000E+01 2.569E-07 6.003E-03 9.297E-07 1.877E-02 8.428E-04 2.562E-02 2.561E-02 
4.000E+01 1.445E-07 4.770E-03 6.894E-07 2.092E-02 9.915E-04 2.669E-02 2.669E-02 
5.000E+01 9.248E-08 3.983E-03 5.477E-07 2.254E-02 1.106E-03 2.763E-02 2.763E-02 
6.000E+01 6.422E-08 3.431E-03 4.544E-07 2.379E-02 1.198E-03 2.842E-02 2.842E-02 
8.000E+01 3.612E-08 2.706E-03 3.387E-07 2.566E-02 1.339E-03 2.970E-02 2.970E-02 
1.000E+02 2.312E-08 2.246E-03 2.700E-07 2.700E-02 1.443E-03 3.069E-02 3.069E-02 
1.500E+02 1.028E-08 1.599E-03 1.792E-07 2.919E-02 1.621E-03 3.241E-02 3.241E-02 
2.000E+02 5.780E-09 1.254E-03 1.341E-07 3.051E-02 1.734E-03 3.350E-02 3.350E-02 
3.000E+02 2.569E-09 8.888E-04 8.917E-08 3.209E-02 1.877E-03 3.486E-02 3.486E-02 
4.000E+02 1.445E-09 6.960E-04 6.680E-08 3.301E-02 1.963E-03 3.567E-02 3.567E-02 
5.000E+02 9.248E-10 5.762E-04 5.340E-08 3.362E-02 2.023E-03 3.622E-02 3.622E-02 
6.000E+02 6.422E-10 4.934E-04 4.449E-08 3.405E-02 2.068E-03 3.662E-02 3.662E-02 
8.000E+02 3.612E-10 3.853E-04 3.335E-08 3.464E-02 2.129E-03 3.716E-02 3.716E-02 
1.000E+03 2.312E-10 3.170E-04 2.667E-08 3.502E-02 2.171E-03 3.751E-02 3.751E-02 
1.500E+03 1.028E-10 2.215E-04 1.777E-08 3.558E-02 2.231E-03 3.803E-02 3.803E-02 
2.000E+03 5.780E-11 1.714E-04 1.332E-08 3.588E-02 2.266E-03 3.832E-02 3.832E-02 
3.000E+03 2.569E-11 1.191E-04 8.879E-09 3.621E-02 2.305E-03 3.863E-02 3.863E-02 
4.000E+03 1.445E-11 9.196E-05 6.659E-09 3.639E-02 2.328E-03 3.881E-02 3.881E-02 
5.000E+03 9.248E-12 7.519E-05 5.326E-09 3.650E-02 2.341E-03 3.891E-02 3.891E-02 
6.000E+03 6.422E-12 6.375E-05 4.438E-09 3.657E-02 2.350E-03 3.899E-02 3.899E-02 
8.000E+03 3.612E-12 4.913E-05 3.329E-09 3.668E-02 2.364E-03 3.909E-02 3.909E-02 
1.000E+04 2.312E-12 4.010E-05 2.662E-09 3.674E-02 2.371E-03 3.915E-02 3.915E-02 
1.500E+04 1.028E-12 2.772E-05 1.776E-09 3.683E-02 2.382E-03 3.924E-02 3.924E-02 
2.000E+04 5.780E-13 2.132E-05 1.331E-09 3.689E-02 2.389E-03 3.930E-02 3.930E-02 
3.000E+04 2.569E-13 1.470E-05 8.876E-10 3.693E-02 2.395E-03 3.934E-02 3.934E-02 
4.000E+04 1.445E-13 1.128E-05 6.657E-10 3.696E-02 2.398E-03 3.937E-02 3.937E-02 
5.000E+04 9.248E-14 9.188E-06 5.326E-10 3.698E-02 2.401E-03 3.939E-02 3.939E-02 
6.000E+04 6.422E-14 7.767E-06 4.438E-10 3.698E-02 2.403E-03 3.939E-02 3.939E-02 
8.000E+04 3.612E-14 5.955E-06 3.329E-10 3.699E-02 2.404E-03 3.940E-02 3.940E-02 
1.000E+05 2.312E-14 4.845E-06 2.662E-10 3.701E-02 2.406E-03 3.942E-02 3.942E-02 
