1.000E-03 1.078E+01 4.916E-03 2.888E+03 0.000E+00 0.000E+00 2.899E+03 2.888E+03 
1.211E-03 1.059E+01 6.263E-03 1.976E+03 0.000E+00 0.000E+00 1.987E+03 1.976E+03 
1.468E-03 1.035E+01 7.939E-03 1.352E+03 0.000E+00 0.000E+00 1.362E+03 1.352E+03 
1.500E-03 1.032E+01 8.149E-03 3.925E+03 0.000E+00 0.000E+00 3.935E+03 3.925E+03 
1.515E-03 1.031E+01 8.242E-03 4.135E+03 0.000E+00 0.000E+00 4.145E+03 4.135E+03 
1.689E-03 1.014E+01 9.353E-03 4.200E+03 0.000E+00 0.000E+00 4.210E+03 4.200E+03 
1.884E-03 9.946E+00 1.060E-02 3.657E+03 0.000E+00 0.000E+00 3.667E+03 3.657E+03 
2.000E-03 9.828E+00 1.134E-02 3.675E+03 0.000E+00 0.000E+00 3.685E+03 3.675E+03 
2.090E-03 9.735E+00 1.191E-02 3.317E+03 0.000E+00 0.000E+00 3.326E+03 3.317E+03 
2.196E-03 9.627E+00 1.258E-02 3.148E+03 0.000E+00 0.000E+00 3.158E+03 3.148E+03 
2.307E-03 9.514E+00 1.329E-02 2.813E+03 0.000E+00 0.000E+00 2.822E+03 2.813E+03 
3.000E-03 8.834E+00 1.768E-02 1.585E+03 0.000E+00 0.000E+00 1.594E+03 1.585E+03 
4.000E-03 7.867E+00 2.366E-02 7.867E+02 0.000E+00 0.000E+00 7.946E+02 7.868E+02 
5.000E-03 6.987E+00 2.919E-02 4.499E+02 0.000E+00 0.000E+00 4.569E+02 4.499E+02 
6.000E-03 6.217E+00 3.422E-02 2.829E+02 0.000E+00 0.000E+00 2.892E+02 2.830E+02 
8.000E-03 4.980E+00 4.296E-02 1.346E+02 0.000E+00 0.000E+00 1.397E+02 1.347E+02 
8.648E-03 4.652E+00 4.545E-02 1.099E+02 0.000E+00 0.000E+00 1.146E+02 1.099E+02 
9.120E-03 4.433E+00 4.719E-02 2.563E+02 0.000E+00 0.000E+00 2.608E+02 2.564E+02 
9.617E-03 4.217E+00 4.898E-02 2.232E+02 0.000E+00 0.000E+00 2.274E+02 2.232E+02 
1.000E-02 4.060E+00 5.033E-02 2.789E+02 0.000E+00 0.000E+00 2.831E+02 2.790E+02 
1.012E-02 4.014E+00 5.073E-02 2.704E+02 0.000E+00 0.000E+00 2.745E+02 2.705E+02 
1.500E-02 2.617E+00 6.499E-02 1.130E+02 0.000E+00 0.000E+00 1.157E+02 1.131E+02 
2.000E-02 1.855E+00 7.600E-02 5.258E+01 0.000E+00 0.000E+00 5.451E+01 5.266E+01 
3.000E-02 1.095E+00 9.005E-02 1.750E+01 0.000E+00 0.000E+00 1.869E+01 1.759E+01 
4.000E-02 7.169E-01 9.760E-02 7.921E+00 0.000E+00 0.000E+00 8.735E+00 8.019E+00 
5.000E-02 5.069E-01 1.017E-01 4.260E+00 0.000E+00 0.000E+00 4.869E+00 4.362E+00 
5.939E-02 3.864E-01 1.038E-01 2.632E+00 0.000E+00 0.000E+00 3.122E+00 2.736E+00 
6.000E-02 3.804E-01 1.039E-01 1.360E+01 0.000E+00 0.000E+00 1.409E+01 1.371E+01 
8.000E-02 2.386E-01 1.053E-01 6.399E+00 0.000E+00 0.000E+00 6.743E+00 6.504E+00 
1.000E-01 1.631E-01 1.045E-01 3.513E+00 0.000E+00 0.000E+00 3.780E+00 3.617E+00 
1.500E-01 7.960E-02 9.942E-02 1.161E+00 0.000E+00 0.000E+00 1.340E+00 1.261E+00 
2.000E-01 4.738E-02 9.361E-02 5.272E-01 0.000E+00 0.000E+00 6.682E-01 6.208E-01 
3.000E-01 2.242E-02 8.359E-02 1.762E-01 0.000E+00 0.000E+00 2.822E-01 2.598E-01 
4.000E-01 1.300E-02 7.586E-02 8.331E-02 0.000E+00 0.000E+00 1.722E-01 1.592E-01 
5.000E-01 8.473E-03 6.980E-02 4.780E-02 0.000E+00 0.000E+00 1.261E-01 1.176E-01 
6.000E-01 5.953E-03 6.488E-02 3.097E-02 0.000E+00 0.000E+00 1.018E-01 9.585E-02 
8.000E-01 3.399E-03 5.729E-02 1.624E-02 0.000E+00 0.000E+00 7.693E-02 7.353E-02 
1.000E+00 2.193E-03 5.165E-02 1.019E-02 0.000E+00 0.000E+00 6.404E-02 6.184E-02 
1.022E+00 2.101E-03 5.112E-02 9.753E-03 0.000E+00 0.000E+00 6.297E-02 6.087E-02 
1.250E+00 1.413E-03 4.627E-02 6.573E-03 2.902E-04 0.000E+00 5.455E-02 5.313E-02 
1.500E+00 9.846E-04 4.210E-02 4.691E-03 1.347E-03 0.000E+00 4.912E-02 4.814E-02 
2.000E+00 5.561E-04 3.597E-02 2.843E-03 4.253E-03 0.000E+00 4.362E-02 4.306E-02 
2.044E+00 5.322E-04 3.553E-02 2.742E-03 4.520E-03 0.000E+00 4.332E-02 4.279E-02 
3.000E+00 2.478E-04 2.833E-02 1.495E-03 9.942E-03 9.899E-06 4.002E-02 3.978E-02 
4.000E+00 1.396E-04 2.364E-02 9.832E-04 1.473E-02 4.035E-05 3.954E-02 3.940E-02 
5.000E+00 8.937E-05 2.042E-02 7.233E-04 1.879E-02 8.031E-05 4.010E-02 4.001E-02 
6.000E+00 6.206E-05 1.805E-02 5.682E-04 2.227E-02 1.232E-04 4.108E-02 4.102E-02 
7.000E+00 4.563E-05 1.623E-02 4.663E-04 2.535E-02 1.658E-04 4.226E-02 4.221E-02 
8.000E+00 3.493E-05 1.477E-02 3.946E-04 2.812E-02 2.070E-04 4.352E-02 4.349E-02 
9.000E+00 2.760E-05 1.358E-02 3.416E-04 3.063E-02 2.463E-04 4.482E-02 4.479E-02 
1.000E+01 2.235E-05 1.258E-02 3.009E-04 3.294E-02 2.837E-04 4.612E-02 4.610E-02 
1.100E+01 1.848E-05 1.174E-02 2.687E-04 3.507E-02 3.190E-04 4.741E-02 4.739E-02 
1.200E+01 1.552E-05 1.100E-02 2.426E-04 3.704E-02 3.522E-04 4.865E-02 4.864E-02 
1.300E+01 1.323E-05 1.037E-02 2.211E-04 3.889E-02 3.836E-04 4.988E-02 4.986E-02 
1.400E+01 1.141E-05 9.807E-03 2.030E-04 4.064E-02 4.132E-04 5.107E-02 5.106E-02 
1.500E+01 9.939E-06 9.311E-03 1.876E-04 4.221E-02 4.413E-04 5.216E-02 5.215E-02 
1.600E+01 8.734E-06 8.869E-03 1.744E-04 4.370E-02 4.681E-04 5.322E-02 5.322E-02 
1.800E+01 6.901E-06 8.106E-03 1.528E-04 4.641E-02 5.172E-04 5.520E-02 5.519E-02 
2.000E+01 5.590E-06 7.475E-03 1.359E-04 4.880E-02 5.622E-04 5.698E-02 5.698E-02 
2.200E+01 4.620E-06 6.941E-03 1.223E-04 5.098E-02 6.032E-04 5.865E-02 5.864E-02 
2.400E+01 3.882E-06 6.488E-03 1.112E-04 5.297E-02 6.406E-04 6.022E-02 6.021E-02 
2.600E+01 3.308E-06 6.092E-03 1.020E-04 5.476E-02 6.752E-04 6.163E-02 6.162E-02 
2.800E+01 2.852E-06 5.746E-03 9.411E-05 5.643E-02 7.073E-04 6.298E-02 6.298E-02 
3.000E+01 2.485E-06 5.440E-03 8.737E-05 5.796E-02 7.368E-04 6.423E-02 6.423E-02 
4.000E+01 1.398E-06 4.324E-03 6.434E-05 6.420E-02 8.595E-04 6.945E-02 6.945E-02 
5.000E+01 8.944E-07 3.611E-03 5.091E-05 6.884E-02 9.518E-04 7.345E-02 7.345E-02 
6.000E+01 6.210E-07 3.110E-03 4.210E-05 7.244E-02 1.025E-03 7.661E-02 7.661E-02 
8.000E+01 3.494E-07 2.453E-03 3.127E-05 7.775E-02 1.133E-03 8.137E-02 8.136E-02 
1.000E+02 2.236E-07 2.036E-03 2.487E-05 8.149E-02 1.212E-03 8.476E-02 8.476E-02 
1.500E+02 9.939E-08 1.450E-03 1.646E-05 8.741E-02 1.341E-03 9.022E-02 9.022E-02 
2.000E+02 5.590E-08 1.137E-03 1.229E-05 9.090E-02 1.421E-03 9.347E-02 9.347E-02 
3.000E+02 2.485E-08 8.056E-04 8.163E-06 9.500E-02 1.518E-03 9.733E-02 9.733E-02 
4.000E+02 1.397E-08 6.310E-04 6.110E-06 9.732E-02 1.576E-03 9.953E-02 9.953E-02 
5.000E+02 8.944E-09 5.222E-04 4.884E-06 9.885E-02 1.616E-03 1.010E-01 1.010E-01 
6.000E+02 6.210E-09 4.474E-04 4.067E-06 9.996E-02 1.644E-03 1.021E-01 1.021E-01 
8.000E+02 3.494E-09 3.493E-04 3.047E-06 1.014E-01 1.684E-03 1.035E-01 1.035E-01 
1.000E+03 2.236E-09 2.874E-04 2.436E-06 1.023E-01 1.711E-03 1.043E-01 1.043E-01 
1.500E+03 9.939E-10 2.007E-04 1.623E-06 1.037E-01 1.750E-03 1.057E-01 1.057E-01 
2.000E+03 5.590E-10 1.553E-04 1.217E-06 1.044E-01 1.772E-03 1.064E-01 1.064E-01 
3.000E+03 2.485E-10 1.080E-04 8.106E-07 1.052E-01 1.797E-03 1.071E-01 1.071E-01 
4.000E+03 1.397E-10 8.334E-05 6.078E-07 1.057E-01 1.811E-03 1.076E-01 1.076E-01 
5.000E+03 8.944E-11 6.816E-05 4.862E-07 1.059E-01 1.820E-03 1.078E-01 1.078E-01 
6.000E+03 6.210E-11 5.779E-05 4.053E-07 1.061E-01 1.826E-03 1.080E-01 1.080E-01 
8.000E+03 3.494E-11 4.452E-05 3.039E-07 1.064E-01 1.834E-03 1.083E-01 1.083E-01 
1.000E+04 2.236E-11 3.636E-05 2.431E-07 1.065E-01 1.839E-03 1.084E-01 1.084E-01 
1.500E+04 9.939E-12 2.512E-05 1.621E-07 1.068E-01 1.846E-03 1.086E-01 1.086E-01 
2.000E+04 5.590E-12 1.932E-05 1.215E-07 1.069E-01 1.850E-03 1.087E-01 1.087E-01 
3.000E+04 2.485E-12 1.332E-05 8.103E-08 1.070E-01 1.854E-03 1.088E-01 1.088E-01 
4.000E+04 1.397E-12 1.023E-05 6.074E-08 1.071E-01 1.857E-03 1.089E-01 1.089E-01 
5.000E+04 8.944E-13 8.327E-06 4.862E-08 1.071E-01 1.858E-03 1.090E-01 1.090E-01 
6.000E+04 6.210E-13 7.040E-06 4.050E-08 1.071E-01 1.859E-03 1.090E-01 1.090E-01 
8.000E+04 3.494E-13 5.397E-06 3.038E-08 1.072E-01 1.860E-03 1.090E-01 1.090E-01 
1.000E+05 2.236E-13 4.392E-06 2.430E-08 1.072E-01 1.861E-03 1.090E-01 1.090E-01 
