1.000E-03 1.423E+01 4.328E-03 7.354E+03 0.000E+00 0.000E+00 7.368E+03 7.354E+03 
1.066E-03 1.416E+01 4.706E-03 6.578E+03 0.000E+00 0.000E+00 6.592E+03 6.578E+03 
1.136E-03 1.408E+01 5.109E-03 5.887E+03 0.000E+00 0.000E+00 5.901E+03 5.887E+03 
1.266E-03 1.393E+01 5.844E-03 5.087E+03 0.000E+00 0.000E+00 5.101E+03 5.087E+03 
1.412E-03 1.375E+01 6.660E-03 4.138E+03 0.000E+00 0.000E+00 4.151E+03 4.138E+03 
1.500E-03 1.364E+01 7.163E-03 3.711E+03 0.000E+00 0.000E+00 3.725E+03 3.711E+03 
1.617E-03 1.348E+01 7.832E-03 3.186E+03 0.000E+00 0.000E+00 3.200E+03 3.186E+03 
2.000E-03 1.299E+01 1.000E-02 2.082E+03 0.000E+00 0.000E+00 2.095E+03 2.082E+03 
3.000E-03 1.167E+01 1.548E-02 8.521E+02 0.000E+00 0.000E+00 8.637E+02 8.521E+02 
3.887E-03 1.057E+01 1.997E-02 4.703E+02 0.000E+00 0.000E+00 4.808E+02 4.703E+02 
4.000E-03 1.044E+01 2.051E-02 1.039E+03 0.000E+00 0.000E+00 1.049E+03 1.039E+03 
4.092E-03 1.033E+01 2.096E-02 9.747E+02 0.000E+00 0.000E+00 9.850E+02 9.747E+02 
4.370E-03 1.001E+01 2.227E-02 1.172E+03 0.000E+00 0.000E+00 1.182E+03 1.172E+03 
4.667E-03 9.687E+00 2.363E-02 9.982E+02 0.000E+00 0.000E+00 1.008E+03 9.983E+02 
5.000E-03 9.341E+00 2.512E-02 9.804E+02 0.000E+00 0.000E+00 9.898E+02 9.804E+02 
5.710E-03 8.659E+00 2.812E-02 6.982E+02 0.000E+00 0.000E+00 7.069E+02 6.982E+02 
6.000E-03 8.402E+00 2.929E-02 6.556E+02 0.000E+00 0.000E+00 6.640E+02 6.556E+02 
6.121E-03 8.298E+00 2.978E-02 6.236E+02 0.000E+00 0.000E+00 6.319E+02 6.236E+02 
8.000E-03 6.905E+00 3.672E-02 3.360E+02 0.000E+00 0.000E+00 3.429E+02 3.360E+02 
1.000E-02 5.780E+00 4.328E-02 1.922E+02 0.000E+00 0.000E+00 1.980E+02 1.923E+02 
1.500E-02 3.939E+00 5.664E-02 6.838E+01 0.000E+00 0.000E+00 7.238E+01 6.844E+01 
1.850E-02 3.124E+00 6.367E-02 3.979E+01 0.000E+00 0.000E+00 4.298E+01 3.985E+01 
2.000E-02 2.849E+00 6.623E-02 7.643E+01 0.000E+00 0.000E+00 7.935E+01 7.650E+01 
2.294E-02 2.406E+00 7.061E-02 5.250E+01 0.000E+00 0.000E+00 5.498E+01 5.257E+01 
2.335E-02 2.352E+00 7.116E-02 7.157E+01 0.000E+00 0.000E+00 7.399E+01 7.164E+01 
2.377E-02 2.299E+00 7.170E-02 6.833E+01 0.000E+00 0.000E+00 7.070E+01 6.840E+01 
3.000E-02 1.682E+00 7.849E-02 4.375E+01 0.000E+00 0.000E+00 4.552E+01 4.383E+01 
4.000E-02 1.130E+00 8.600E-02 2.079E+01 0.000E+00 0.000E+00 2.201E+01 2.088E+01 
5.000E-02 8.176E-01 9.068E-02 1.159E+01 0.000E+00 0.000E+00 1.249E+01 1.168E+01 
6.000E-02 6.167E-01 9.346E-02 7.150E+00 0.000E+00 0.000E+00 7.861E+00 7.244E+00 
8.000E-02 3.875E-01 9.571E-02 3.318E+00 0.000E+00 0.000E+00 3.801E+00 3.413E+00 
1.000E-01 2.688E-01 9.574E-02 1.824E+00 0.000E+00 0.000E+00 2.188E+00 1.920E+00 
1.250E-01 1.847E-01 9.437E-02 1.001E+00 0.000E+00 0.000E+00 1.280E+00 1.095E+00 
1.500E-01 1.350E-01 9.229E-02 2.592E+00 0.000E+00 0.000E+00 2.819E+00 2.684E+00 
2.000E-01 8.097E-02 8.758E-02 1.249E+00 0.000E+00 0.000E+00 1.418E+00 1.337E+00 
3.000E-01 3.892E-02 7.879E-02 4.499E-01 0.000E+00 0.000E+00 5.676E-01 5.287E-01 
4.000E-01 2.294E-02 7.178E-02 2.235E-01 0.000E+00 0.000E+00 3.183E-01 2.953E-01 
5.000E-01 1.512E-02 6.620E-02 1.327E-01 0.000E+00 0.000E+00 2.140E-01 1.989E-01 
6.000E-01 1.071E-02 6.164E-02 8.803E-02 0.000E+00 0.000E+00 1.604E-01 1.497E-01 
8.000E-01 6.179E-03 5.453E-02 4.745E-02 0.000E+00 0.000E+00 1.082E-01 1.020E-01 
1.000E+00 4.014E-03 4.923E-02 3.010E-02 0.000E+00 0.000E+00 8.335E-02 7.933E-02 
1.022E+00 3.848E-03 4.873E-02 2.881E-02 0.000E+00 0.000E+00 8.140E-02 7.755E-02 
1.250E+00 2.602E-03 4.415E-02 1.949E-02 4.720E-04 0.000E+00 6.672E-02 6.412E-02 
1.500E+00 1.821E-03 4.019E-02 1.386E-02 2.357E-03 0.000E+00 5.822E-02 5.640E-02 
2.000E+00 1.034E-03 3.436E-02 8.369E-03 6.853E-03 0.000E+00 5.062E-02 4.959E-02 
2.044E+00 9.903E-04 3.394E-02 8.067E-03 7.230E-03 0.000E+00 5.023E-02 4.924E-02 
3.000E+00 4.631E-04 2.708E-02 4.356E-03 1.406E-02 9.460E-06 4.597E-02 4.550E-02 
4.000E+00 2.614E-04 2.261E-02 2.839E-03 1.955E-02 3.853E-05 4.530E-02 4.504E-02 
5.000E+00 1.676E-04 1.953E-02 2.075E-03 2.413E-02 7.661E-05 4.599E-02 4.582E-02 
6.000E+00 1.165E-04 1.727E-02 1.622E-03 2.802E-02 1.174E-04 4.715E-02 4.703E-02 
7.000E+00 8.563E-05 1.552E-02 1.325E-03 3.152E-02 1.579E-04 4.861E-02 4.852E-02 
8.000E+00 6.558E-05 1.413E-02 1.118E-03 3.466E-02 1.970E-04 5.017E-02 5.011E-02 
9.000E+00 5.183E-05 1.299E-02 9.645E-04 3.756E-02 2.343E-04 5.180E-02 5.175E-02 
1.000E+01 4.200E-05 1.204E-02 8.473E-04 4.024E-02 2.698E-04 5.343E-02 5.339E-02 
1.100E+01 3.471E-05 1.123E-02 7.552E-04 4.271E-02 3.030E-04 5.503E-02 5.500E-02 
1.200E+01 2.916E-05 1.053E-02 6.806E-04 4.502E-02 3.345E-04 5.659E-02 5.656E-02 
1.300E+01 2.485E-05 9.920E-03 6.192E-04 4.717E-02 3.640E-04 5.810E-02 5.808E-02 
1.400E+01 2.143E-05 9.385E-03 5.676E-04 4.921E-02 3.920E-04 5.957E-02 5.955E-02 
1.500E+01 1.867E-05 8.910E-03 5.240E-04 5.111E-02 4.185E-04 6.098E-02 6.097E-02 
1.600E+01 1.641E-05 8.486E-03 4.866E-04 5.287E-02 4.435E-04 6.230E-02 6.229E-02 
1.800E+01 1.297E-05 7.755E-03 4.254E-04 5.609E-02 4.896E-04 6.478E-02 6.476E-02 
2.000E+01 1.050E-05 7.153E-03 3.778E-04 5.897E-02 5.317E-04 6.704E-02 6.703E-02 
2.200E+01 8.682E-06 6.642E-03 3.397E-04 6.159E-02 5.699E-04 6.915E-02 6.915E-02 
2.400E+01 7.294E-06 6.206E-03 3.085E-04 6.400E-02 6.048E-04 7.112E-02 7.112E-02 
2.600E+01 6.216E-06 5.830E-03 2.824E-04 6.618E-02 6.370E-04 7.293E-02 7.293E-02 
2.800E+01 5.359E-06 5.498E-03 2.606E-04 6.818E-02 6.667E-04 7.461E-02 7.461E-02 
3.000E+01 4.668E-06 5.208E-03 2.418E-04 7.002E-02 6.942E-04 7.617E-02 7.616E-02 
4.000E+01 2.626E-06 4.138E-03 1.775E-04 7.757E-02 8.075E-04 8.270E-02 8.270E-02 
5.000E+01 1.681E-06 3.454E-03 1.402E-04 8.317E-02 8.924E-04 8.766E-02 8.766E-02 
6.000E+01 1.167E-06 2.976E-03 1.159E-04 8.751E-02 9.591E-04 9.156E-02 9.156E-02 
8.000E+01 6.566E-07 2.347E-03 8.595E-05 9.390E-02 1.058E-03 9.739E-02 9.739E-02 
1.000E+02 4.202E-07 1.948E-03 6.831E-05 9.841E-02 1.130E-03 1.016E-01 1.016E-01 
1.500E+02 1.868E-07 1.387E-03 4.514E-05 1.055E-01 1.247E-03 1.082E-01 1.082E-01 
2.000E+02 1.051E-07 1.088E-03 3.370E-05 1.097E-01 1.319E-03 1.121E-01 1.121E-01 
3.000E+02 4.670E-08 7.710E-04 2.237E-05 1.146E-01 1.406E-03 1.168E-01 1.168E-01 
4.000E+02 2.626E-08 6.038E-04 1.674E-05 1.174E-01 1.458E-03 1.195E-01 1.195E-01 
5.000E+02 1.681E-08 4.997E-04 1.337E-05 1.193E-01 1.494E-03 1.213E-01 1.213E-01 
6.000E+02 1.167E-08 4.279E-04 1.113E-05 1.206E-01 1.520E-03 1.226E-01 1.226E-01 
8.000E+02 6.566E-09 3.342E-04 8.342E-06 1.224E-01 1.555E-03 1.243E-01 1.243E-01 
1.000E+03 4.202E-09 2.750E-04 6.670E-06 1.235E-01 1.578E-03 1.253E-01 1.253E-01 
1.500E+03 1.868E-09 1.920E-04 4.442E-06 1.251E-01 1.613E-03 1.269E-01 1.269E-01 
2.000E+03 1.051E-09 1.486E-04 3.330E-06 1.260E-01 1.633E-03 1.278E-01 1.278E-01 
3.000E+03 4.670E-10 1.033E-04 2.219E-06 1.269E-01 1.655E-03 1.287E-01 1.287E-01 
4.000E+03 2.626E-10 7.978E-05 1.664E-06 1.275E-01 1.668E-03 1.293E-01 1.293E-01 
5.000E+03 1.681E-10 6.521E-05 1.331E-06 1.279E-01 1.676E-03 1.296E-01 1.296E-01 
6.000E+03 1.167E-10 5.530E-05 1.109E-06 1.281E-01 1.681E-03 1.298E-01 1.298E-01 
8.000E+03 6.566E-11 4.262E-05 8.317E-07 1.284E-01 1.688E-03 1.301E-01 1.301E-01 
1.000E+04 4.202E-11 3.479E-05 6.652E-07 1.286E-01 1.693E-03 1.303E-01 1.303E-01 
1.500E+04 1.868E-11 2.404E-05 4.435E-07 1.288E-01 1.699E-03 1.305E-01 1.305E-01 
2.000E+04 1.051E-11 1.848E-05 3.325E-07 1.290E-01 1.703E-03 1.307E-01 1.307E-01 
3.000E+04 4.670E-12 1.275E-05 2.217E-07 1.291E-01 1.707E-03 1.308E-01 1.308E-01 
4.000E+04 2.626E-12 9.787E-06 1.663E-07 1.292E-01 1.709E-03 1.309E-01 1.309E-01 
5.000E+04 1.681E-12 7.971E-06 1.330E-07 1.293E-01 1.710E-03 1.310E-01 1.310E-01 
6.000E+04 1.167E-12 6.737E-06 1.108E-07 1.293E-01 1.711E-03 1.310E-01 1.310E-01 
8.000E+04 6.566E-13 5.166E-06 8.315E-08 1.293E-01 1.712E-03 1.310E-01 1.310E-01 
1.000E+05 4.202E-13 4.202E-06 6.652E-08 1.293E-01 1.713E-03 1.310E-01 1.310E-01 
