1.000E-03 5.996E+00 6.965E-03 3.168E+03 0.000E+00 0.000E+00 3.174E+03 3.168E+03 
1.500E-03 5.652E+00 1.149E-02 1.213E+03 0.000E+00 0.000E+00 1.219E+03 1.213E+03 
1.804E-03 5.439E+00 1.432E-02 7.730E+02 0.000E+00 0.000E+00 7.784E+02 7.730E+02 
1.834E-03 5.417E+00 1.460E-02 2.971E+03 0.000E+00 0.000E+00 2.976E+03 2.971E+03 
1.864E-03 5.395E+00 1.488E-02 2.856E+03 0.000E+00 0.000E+00 2.861E+03 2.856E+03 
2.000E-03 5.296E+00 1.614E-02 3.405E+03 0.000E+00 0.000E+00 3.410E+03 3.405E+03 
2.065E-03 5.249E+00 1.675E-02 3.148E+03 0.000E+00 0.000E+00 3.153E+03 3.148E+03 
3.000E-03 4.599E+00 2.523E-02 1.413E+03 0.000E+00 0.000E+00 1.418E+03 1.413E+03 
4.000E-03 3.985E+00 3.360E-02 6.708E+02 0.000E+00 0.000E+00 6.748E+02 6.708E+02 
5.000E-03 3.481E+00 4.111E-02 3.709E+02 0.000E+00 0.000E+00 3.744E+02 3.709E+02 
6.000E-03 3.069E+00 4.770E-02 2.269E+02 0.000E+00 0.000E+00 2.300E+02 2.269E+02 
8.000E-03 2.431E+00 5.869E-02 1.033E+02 0.000E+00 0.000E+00 1.058E+02 1.034E+02 
1.000E-02 1.954E+00 6.775E-02 5.564E+01 0.000E+00 0.000E+00 5.766E+01 5.571E+01 
1.500E-02 1.202E+00 8.505E-02 1.781E+01 0.000E+00 0.000E+00 1.909E+01 1.789E+01 
1.520E-02 1.182E+00 8.561E-02 1.715E+01 0.000E+00 0.000E+00 1.842E+01 1.724E+01 
2.000E-02 8.173E-01 9.681E-02 5.888E+01 0.000E+00 0.000E+00 5.980E+01 5.898E+01 
3.000E-02 4.630E-01 1.104E-01 1.951E+01 0.000E+00 0.000E+00 2.008E+01 1.962E+01 
4.000E-02 2.979E-01 1.170E-01 8.695E+00 0.000E+00 0.000E+00 9.110E+00 8.812E+00 
5.000E-02 2.065E-01 1.200E-01 4.592E+00 0.000E+00 0.000E+00 4.918E+00 4.712E+00 
6.000E-02 1.517E-01 1.211E-01 2.706E+00 0.000E+00 0.000E+00 2.978E+00 2.827E+00 
8.000E-02 9.252E-02 1.201E-01 1.163E+00 0.000E+00 0.000E+00 1.375E+00 1.283E+00 
1.000E-01 6.260E-02 1.176E-01 5.998E-01 0.000E+00 0.000E+00 7.800E-01 7.174E-01 
1.500E-01 3.010E-02 1.097E-01 1.790E-01 0.000E+00 0.000E+00 3.188E-01 2.887E-01 
2.000E-01 1.757E-02 1.023E-01 7.617E-02 0.000E+00 0.000E+00 1.961E-01 1.785E-01 
3.000E-01 8.096E-03 9.040E-02 2.344E-02 0.000E+00 0.000E+00 1.219E-01 1.138E-01 
4.000E-01 4.636E-03 8.152E-02 1.054E-02 0.000E+00 0.000E+00 9.670E-02 9.206E-02 
5.000E-01 2.996E-03 7.476E-02 5.850E-03 0.000E+00 0.000E+00 8.360E-02 8.061E-02 
6.000E-01 2.093E-03 6.931E-02 3.708E-03 0.000E+00 0.000E+00 7.511E-02 7.301E-02 
8.000E-01 1.185E-03 6.103E-02 1.901E-03 0.000E+00 0.000E+00 6.412E-02 6.293E-02 
1.000E+00 7.610E-04 5.495E-02 1.184E-03 0.000E+00 0.000E+00 5.689E-02 5.613E-02 
1.022E+00 7.286E-04 5.437E-02 1.126E-03 0.000E+00 0.000E+00 5.622E-02 5.549E-02 
1.250E+00 4.879E-04 4.917E-02 7.603E-04 1.085E-04 0.000E+00 5.052E-02 5.004E-02 
1.500E+00 3.392E-04 4.471E-02 5.464E-04 5.270E-04 0.000E+00 4.613E-02 4.579E-02 
2.000E+00 1.910E-04 3.818E-02 3.347E-04 1.911E-03 0.000E+00 4.061E-02 4.042E-02 
2.044E+00 1.829E-04 3.771E-02 3.231E-04 2.049E-03 0.000E+00 4.027E-02 4.008E-02 
3.000E+00 8.498E-05 3.005E-02 1.797E-04 5.128E-03 1.051E-05 3.545E-02 3.537E-02 
4.000E+00 4.781E-05 2.507E-02 1.201E-04 8.068E-03 4.291E-05 3.335E-02 3.330E-02 
5.000E+00 3.061E-05 2.165E-02 8.934E-05 1.065E-02 8.547E-05 3.250E-02 3.247E-02 
6.000E+00 2.126E-05 1.914E-02 7.088E-05 1.291E-02 1.311E-04 3.227E-02 3.225E-02 
7.000E+00 1.561E-05 1.720E-02 5.858E-05 1.492E-02 1.767E-04 3.237E-02 3.236E-02 
8.000E+00 1.196E-05 1.566E-02 4.987E-05 1.673E-02 2.208E-04 3.267E-02 3.266E-02 
9.000E+00 9.449E-06 1.440E-02 4.337E-05 1.838E-02 2.630E-04 3.309E-02 3.308E-02 
1.000E+01 7.652E-06 1.334E-02 3.834E-05 1.988E-02 3.032E-04 3.357E-02 3.356E-02 
1.100E+01 6.325E-06 1.244E-02 3.436E-05 2.126E-02 3.412E-04 3.408E-02 3.407E-02 
1.200E+01 5.314E-06 1.167E-02 3.111E-05 2.251E-02 3.771E-04 3.459E-02 3.459E-02 
1.300E+01 4.529E-06 1.099E-02 2.842E-05 2.367E-02 4.109E-04 3.510E-02 3.510E-02 
1.400E+01 3.904E-06 1.039E-02 2.615E-05 2.474E-02 4.431E-04 3.560E-02 3.560E-02 
1.500E+01 3.401E-06 9.872E-03 2.421E-05 2.573E-02 4.736E-04 3.611E-02 3.610E-02 
1.600E+01 2.990E-06 9.399E-03 2.254E-05 2.667E-02 5.026E-04 3.660E-02 3.659E-02 
1.800E+01 2.362E-06 8.589E-03 1.981E-05 2.837E-02 5.564E-04 3.754E-02 3.754E-02 
2.000E+01 1.913E-06 7.920E-03 1.766E-05 2.991E-02 6.053E-04 3.846E-02 3.845E-02 
2.200E+01 1.581E-06 7.356E-03 1.593E-05 3.130E-02 6.502E-04 3.932E-02 3.932E-02 
2.400E+01 1.329E-06 6.876E-03 1.451E-05 3.256E-02 6.915E-04 4.014E-02 4.014E-02 
2.600E+01 1.132E-06 6.457E-03 1.332E-05 3.372E-02 7.300E-04 4.092E-02 4.092E-02 
2.800E+01 9.759E-07 6.091E-03 1.231E-05 3.477E-02 7.652E-04 4.164E-02 4.164E-02 
3.000E+01 8.505E-07 5.767E-03 1.144E-05 3.574E-02 7.983E-04 4.232E-02 4.232E-02 
4.000E+01 4.783E-07 4.583E-03 8.455E-06 3.971E-02 9.350E-04 4.524E-02 4.524E-02 
5.000E+01 3.062E-07 3.826E-03 6.707E-06 4.266E-02 1.039E-03 4.753E-02 4.753E-02 
6.000E+01 2.126E-07 3.296E-03 5.557E-06 4.495E-02 1.122E-03 4.938E-02 4.938E-02 
8.000E+01 1.196E-07 2.599E-03 4.137E-06 4.835E-02 1.246E-03 5.220E-02 5.220E-02 
1.000E+02 7.652E-08 2.158E-03 3.295E-06 5.076E-02 1.338E-03 5.426E-02 5.426E-02 
1.500E+02 3.401E-08 1.537E-03 2.184E-06 5.459E-02 1.490E-03 5.762E-02 5.762E-02 
2.000E+02 1.913E-08 1.205E-03 1.633E-06 5.688E-02 1.585E-03 5.967E-02 5.967E-02 
3.000E+02 8.505E-09 8.540E-04 1.085E-06 5.955E-02 1.703E-03 6.211E-02 6.211E-02 
4.000E+02 4.783E-09 6.687E-04 8.124E-07 6.109E-02 1.774E-03 6.353E-02 6.353E-02 
5.000E+02 3.061E-09 5.536E-04 6.495E-07 6.210E-02 1.822E-03 6.447E-02 6.447E-02 
6.000E+02 2.126E-09 4.740E-04 5.409E-07 6.282E-02 1.858E-03 6.516E-02 6.516E-02 
8.000E+02 1.196E-09 3.702E-04 4.054E-07 6.378E-02 1.907E-03 6.606E-02 6.606E-02 
1.000E+03 7.652E-10 3.045E-04 3.242E-07 6.441E-02 1.940E-03 6.665E-02 6.665E-02 
1.500E+03 3.401E-10 2.127E-04 2.160E-07 6.531E-02 1.990E-03 6.751E-02 6.751E-02 
2.000E+03 1.913E-10 1.646E-04 1.619E-07 6.580E-02 2.018E-03 6.799E-02 6.799E-02 
3.000E+03 8.505E-11 1.144E-04 1.079E-07 6.633E-02 2.049E-03 6.850E-02 6.850E-02 
4.000E+03 4.783E-11 8.836E-05 8.096E-08 6.662E-02 2.067E-03 6.878E-02 6.878E-02 
5.000E+03 3.061E-11 7.222E-05 6.474E-08 6.680E-02 2.079E-03 6.895E-02 6.895E-02 
6.000E+03 2.126E-11 6.126E-05 5.394E-08 6.692E-02 2.086E-03 6.907E-02 6.907E-02 
8.000E+03 1.196E-11 4.719E-05 4.046E-08 6.709E-02 2.097E-03 6.923E-02 6.923E-02 
1.000E+04 7.652E-12 3.854E-05 3.236E-08 6.719E-02 2.103E-03 6.933E-02 6.933E-02 
1.500E+04 3.401E-12 2.663E-05 2.158E-08 6.734E-02 2.112E-03 6.948E-02 6.948E-02 
2.000E+04 1.913E-12 2.048E-05 1.618E-08 6.741E-02 2.118E-03 6.955E-02 6.955E-02 
3.000E+04 8.505E-13 1.412E-05 1.079E-08 6.749E-02 2.123E-03 6.963E-02 6.963E-02 
4.000E+04 4.783E-13 1.084E-05 8.089E-09 6.754E-02 2.127E-03 6.967E-02 6.967E-02 
5.000E+04 3.061E-13 8.829E-06 6.472E-09 6.756E-02 2.128E-03 6.970E-02 6.970E-02 
6.000E+04 2.126E-13 7.462E-06 5.393E-09 6.758E-02 2.129E-03 6.972E-02 6.972E-02 
8.000E+04 1.196E-13 5.721E-06 4.044E-09 6.761E-02 2.131E-03 6.974E-02 6.974E-02 
1.000E+05 7.652E-14 4.655E-06 3.236E-09 6.762E-02 2.131E-03 6.976E-02 6.976E-02 
