1.000E-03 3.787E-01 1.017E-02 6.044E+01 0.000E+00 0.000E+00 6.083E+01 6.045E+01 
1.500E-03 3.546E-01 2.135E-02 1.638E+01 0.000E+00 0.000E+00 1.676E+01 1.641E+01 
2.000E-03 3.254E-01 3.486E-02 6.504E+00 0.000E+00 0.000E+00 6.864E+00 6.539E+00 
3.000E-03 2.627E-01 6.364E-02 1.681E+00 0.000E+00 0.000E+00 2.007E+00 1.744E+00 
4.000E-03 2.064E-01 8.949E-02 6.370E-01 0.000E+00 0.000E+00 9.329E-01 7.265E-01 
5.000E-03 1.616E-01 1.103E-01 3.048E-01 0.000E+00 0.000E+00 5.767E-01 4.151E-01 
6.000E-03 1.280E-01 1.262E-01 1.654E-01 0.000E+00 0.000E+00 4.195E-01 2.915E-01 
8.000E-03 8.426E-02 1.472E-01 6.184E-02 0.000E+00 0.000E+00 2.933E-01 2.091E-01 
1.000E-02 5.905E-02 1.593E-01 2.920E-02 0.000E+00 0.000E+00 2.476E-01 1.885E-01 
1.500E-02 2.955E-02 1.723E-01 7.335E-03 0.000E+00 0.000E+00 2.092E-01 1.796E-01 
2.000E-02 1.756E-02 1.757E-01 2.752E-03 0.000E+00 0.000E+00 1.960E-01 1.785E-01 
3.000E-02 8.177E-03 1.750E-01 6.873E-04 0.000E+00 0.000E+00 1.838E-01 1.757E-01 
4.000E-02 4.685E-03 1.714E-01 2.565E-04 0.000E+00 0.000E+00 1.763E-01 1.716E-01 
5.000E-02 3.026E-03 1.672E-01 1.195E-04 0.000E+00 0.000E+00 1.703E-01 1.673E-01 
6.000E-02 2.111E-03 1.629E-01 6.408E-05 0.000E+00 0.000E+00 1.651E-01 1.630E-01 
8.000E-02 1.194E-03 1.550E-01 2.401E-05 0.000E+00 0.000E+00 1.562E-01 1.550E-01 
1.000E-01 7.658E-04 1.478E-01 1.126E-05 0.000E+00 0.000E+00 1.486E-01 1.478E-01 
1.500E-01 3.412E-04 1.333E-01 2.883E-06 0.000E+00 0.000E+00 1.336E-01 1.333E-01 
2.000E-01 1.921E-04 1.222E-01 1.118E-06 0.000E+00 0.000E+00 1.224E-01 1.222E-01 
3.000E-01 8.543E-05 1.063E-01 3.083E-07 0.000E+00 0.000E+00 1.064E-01 1.063E-01 
4.000E-01 4.806E-05 9.530E-02 1.303E-07 0.000E+00 0.000E+00 9.535E-02 9.530E-02 
5.000E-01 3.077E-05 8.704E-02 6.974E-08 0.000E+00 0.000E+00 8.707E-02 8.704E-02 
6.000E-01 2.136E-05 8.052E-02 4.327E-08 0.000E+00 0.000E+00 8.055E-02 8.052E-02 
8.000E-01 1.202E-05 7.074E-02 2.180E-08 0.000E+00 0.000E+00 7.076E-02 7.074E-02 
1.000E+00 7.691E-06 6.361E-02 1.358E-08 0.000E+00 0.000E+00 6.362E-02 6.361E-02 
1.022E+00 7.363E-06 6.294E-02 1.248E-08 0.000E+00 0.000E+00 6.294E-02 6.294E-02 
1.250E+00 4.923E-06 5.687E-02 8.519E-09 4.705E-06 0.000E+00 5.688E-02 5.688E-02 
1.500E+00 3.418E-06 5.170E-02 6.229E-09 2.640E-05 0.000E+00 5.173E-02 5.172E-02 
2.000E+00 1.923E-06 4.411E-02 3.960E-09 1.058E-04 0.000E+00 4.422E-02 4.422E-02 
2.044E+00 1.842E-06 4.357E-02 3.835E-09 1.141E-04 0.000E+00 4.369E-02 4.369E-02 
3.000E+00 8.546E-07 3.471E-02 2.245E-09 3.039E-04 1.214E-05 3.503E-02 3.503E-02 
4.000E+00 4.807E-07 2.895E-02 1.554E-09 4.936E-04 4.958E-05 2.949E-02 2.949E-02 
5.000E+00 3.077E-07 2.501E-02 1.185E-09 6.628E-04 9.877E-05 2.577E-02 2.577E-02 
6.000E+00 2.136E-07 2.210E-02 9.570E-10 8.153E-04 1.517E-04 2.307E-02 2.307E-02 
7.000E+00 1.569E-07 1.986E-02 8.019E-10 9.510E-04 2.046E-04 2.102E-02 2.102E-02 
8.000E+00 1.202E-07 1.807E-02 6.898E-10 1.074E-03 2.559E-04 1.940E-02 1.940E-02 
9.000E+00 9.497E-08 1.661E-02 6.051E-10 1.185E-03 3.051E-04 1.810E-02 1.810E-02 
1.000E+01 7.691E-08 1.539E-02 5.388E-10 1.287E-03 3.519E-04 1.703E-02 1.703E-02 
1.100E+01 6.357E-08 1.436E-02 4.857E-10 1.379E-03 3.965E-04 1.613E-02 1.613E-02 
1.200E+01 5.341E-08 1.347E-02 4.419E-10 1.464E-03 4.386E-04 1.537E-02 1.537E-02 
1.300E+01 4.551E-08 1.268E-02 4.055E-10 1.544E-03 4.784E-04 1.471E-02 1.471E-02 
1.400E+01 3.924E-08 1.200E-02 3.745E-10 1.617E-03 5.164E-04 1.413E-02 1.413E-02 
1.500E+01 3.418E-08 1.139E-02 3.479E-10 1.687E-03 5.525E-04 1.363E-02 1.363E-02 
1.600E+01 3.005E-08 1.085E-02 3.248E-10 1.751E-03 5.869E-04 1.319E-02 1.319E-02 
1.800E+01 2.374E-08 9.917E-03 2.868E-10 1.872E-03 6.512E-04 1.244E-02 1.244E-02 
2.000E+01 1.923E-08 9.145E-03 2.568E-10 1.980E-03 7.098E-04 1.183E-02 1.183E-02 
2.200E+01 1.589E-08 8.493E-03 2.325E-10 2.079E-03 7.642E-04 1.134E-02 1.134E-02 
2.400E+01 1.335E-08 7.937E-03 2.123E-10 2.170E-03 8.144E-04 1.092E-02 1.092E-02 
2.600E+01 1.138E-08 7.454E-03 1.953E-10 2.254E-03 8.611E-04 1.057E-02 1.057E-02 
2.800E+01 9.811E-09 7.031E-03 1.808E-10 2.331E-03 9.047E-04 1.027E-02 1.027E-02 
3.000E+01 8.546E-09 6.658E-03 1.684E-10 2.403E-03 9.456E-04 1.001E-02 1.001E-02 
4.000E+01 4.807E-09 5.290E-03 1.253E-10 2.705E-03 1.119E-03 9.114E-03 9.114E-03 
5.000E+01 3.077E-09 4.416E-03 9.974E-11 2.937E-03 1.255E-03 8.608E-03 8.608E-03 
6.000E+01 2.136E-09 3.805E-03 8.284E-11 3.123E-03 1.367E-03 8.296E-03 8.296E-03 
8.000E+01 1.202E-09 3.000E-03 6.188E-11 3.408E-03 1.542E-03 7.950E-03 7.950E-03 
1.000E+02 7.688E-10 2.490E-03 4.938E-11 3.617E-03 1.678E-03 7.785E-03 7.785E-03 
1.500E+02 3.417E-10 1.774E-03 3.281E-11 3.961E-03 1.912E-03 7.648E-03 7.648E-03 
2.000E+02 1.923E-10 1.391E-03 2.457E-11 4.175E-03 2.069E-03 7.634E-03 7.634E-03 
3.000E+02 8.543E-11 9.856E-04 1.635E-11 4.428E-03 2.270E-03 7.684E-03 7.684E-03 
4.000E+02 4.806E-11 7.718E-04 1.225E-11 4.575E-03 2.395E-03 7.742E-03 7.742E-03 
5.000E+02 3.075E-11 6.390E-04 9.798E-12 4.673E-03 2.483E-03 7.795E-03 7.795E-03 
6.000E+02 2.136E-11 5.471E-04 8.162E-12 4.742E-03 2.547E-03 7.837E-03 7.837E-03 
8.000E+02 1.201E-11 4.273E-04 6.119E-12 4.837E-03 2.637E-03 7.902E-03 7.902E-03 
1.000E+03 7.688E-12 3.515E-04 4.894E-12 4.897E-03 2.698E-03 7.946E-03 7.946E-03 
1.500E+03 3.417E-12 2.455E-04 3.262E-12 4.986E-03 2.789E-03 8.021E-03 8.021E-03 
2.000E+03 1.923E-12 1.900E-04 2.446E-12 5.034E-03 2.841E-03 8.065E-03 8.065E-03 
3.000E+03 8.543E-13 1.321E-04 1.629E-12 5.085E-03 2.898E-03 8.115E-03 8.115E-03 
4.000E+03 4.806E-13 1.020E-04 1.223E-12 5.117E-03 2.931E-03 8.150E-03 8.150E-03 
5.000E+03 3.075E-13 8.338E-05 9.780E-13 5.135E-03 2.950E-03 8.169E-03 8.169E-03 
6.000E+03 2.136E-13 7.070E-05 8.150E-13 5.147E-03 2.965E-03 8.183E-03 8.183E-03 
8.000E+03 1.201E-13 5.448E-05 6.112E-13 5.164E-03 2.985E-03 8.203E-03 8.203E-03 
1.000E+04 7.688E-14 4.447E-05 4.890E-13 5.174E-03 2.997E-03 8.216E-03 8.216E-03 
1.500E+04 3.417E-14 3.074E-05 3.259E-13 5.186E-03 3.014E-03 8.231E-03 8.231E-03 
2.000E+04 1.923E-14 2.364E-05 2.445E-13 5.195E-03 3.023E-03 8.242E-03 8.242E-03 
3.000E+04 8.543E-15 1.629E-05 1.629E-13 5.203E-03 3.032E-03 8.251E-03 8.251E-03 
4.000E+04 4.806E-15 1.251E-05 1.222E-13 5.207E-03 3.038E-03 8.257E-03 8.257E-03 
5.000E+04 3.075E-15 1.019E-05 9.778E-14 5.210E-03 3.042E-03 8.263E-03 8.263E-03 
6.000E+04 2.136E-15 8.612E-06 8.149E-14 5.212E-03 3.044E-03 8.264E-03 8.264E-03 
8.000E+04 1.201E-15 6.603E-06 6.112E-14 5.213E-03 3.047E-03 8.267E-03 8.267E-03 
1.000E+05 7.688E-16 5.373E-06 4.888E-14 5.215E-03 3.048E-03 8.268E-03 8.268E-03 
