1.000E-03 9.895E+00 5.810E-03 2.206E+03 0.000E+00 0.000E+00 2.216E+03 2.206E+03 
1.063E-03 9.836E+00 6.295E-03 1.966E+03 0.000E+00 0.000E+00 1.976E+03 1.966E+03 
1.131E-03 9.768E+00 6.808E-03 1.753E+03 0.000E+00 0.000E+00 1.763E+03 1.753E+03 
1.146E-03 9.753E+00 6.919E-03 3.528E+03 0.000E+00 0.000E+00 3.537E+03 3.528E+03 
1.161E-03 9.737E+00 7.030E-03 5.346E+03 0.000E+00 0.000E+00 5.356E+03 5.346E+03 
1.311E-03 9.588E+00 8.124E-03 5.700E+03 0.000E+00 0.000E+00 5.709E+03 5.700E+03 
1.481E-03 9.424E+00 9.352E-03 5.021E+03 0.000E+00 0.000E+00 5.030E+03 5.021E+03 
1.500E-03 9.404E+00 9.495E-03 5.615E+03 0.000E+00 0.000E+00 5.625E+03 5.615E+03 
1.614E-03 9.285E+00 1.033E-02 4.763E+03 0.000E+00 0.000E+00 4.773E+03 4.763E+03 
1.704E-03 9.196E+00 1.098E-02 4.480E+03 0.000E+00 0.000E+00 4.490E+03 4.480E+03 
1.800E-03 9.103E+00 1.167E-02 3.971E+03 0.000E+00 0.000E+00 3.980E+03 3.971E+03 
2.000E-03 8.893E+00 1.311E-02 3.269E+03 0.000E+00 0.000E+00 3.278E+03 3.269E+03 
3.000E-03 7.882E+00 2.015E-02 1.248E+03 0.000E+00 0.000E+00 1.256E+03 1.248E+03 
4.000E-03 6.943E+00 2.667E-02 6.123E+02 0.000E+00 0.000E+00 6.192E+02 6.123E+02 
5.000E-03 6.119E+00 3.263E-02 3.481E+02 0.000E+00 0.000E+00 3.542E+02 3.481E+02 
6.000E-03 5.421E+00 3.796E-02 2.179E+02 0.000E+00 0.000E+00 2.234E+02 2.180E+02 
6.977E-03 4.839E+00 4.264E-02 1.473E+02 0.000E+00 0.000E+00 1.522E+02 1.473E+02 
7.290E-03 4.671E+00 4.406E-02 3.644E+02 0.000E+00 0.000E+00 3.691E+02 3.645E+02 
7.617E-03 4.506E+00 4.545E-02 3.257E+02 0.000E+00 0.000E+00 3.302E+02 3.257E+02 
8.000E-03 4.323E+00 4.704E-02 3.946E+02 0.000E+00 0.000E+00 3.990E+02 3.946E+02 
8.052E-03 4.300E+00 4.728E-02 3.878E+02 0.000E+00 0.000E+00 3.921E+02 3.878E+02 
1.000E-02 3.519E+00 5.473E-02 2.594E+02 0.000E+00 0.000E+00 2.629E+02 2.594E+02 
1.500E-02 2.284E+00 6.994E-02 8.853E+01 0.000E+00 0.000E+00 9.088E+01 8.860E+01 
2.000E-02 1.634E+00 8.104E-02 4.070E+01 0.000E+00 0.000E+00 4.241E+01 4.078E+01 
3.000E-02 9.594E-01 9.443E-02 1.335E+01 0.000E+00 0.000E+00 1.441E+01 1.345E+01 
4.000E-02 6.245E-01 1.015E-01 5.992E+00 0.000E+00 0.000E+00 6.718E+00 6.093E+00 
4.852E-02 4.640E-01 1.049E-01 3.483E+00 0.000E+00 0.000E+00 4.051E+00 3.587E+00 
5.000E-02 4.426E-01 1.053E-01 1.795E+01 0.000E+00 0.000E+00 1.850E+01 1.806E+01 
6.000E-02 3.327E-01 1.073E-01 1.111E+01 0.000E+00 0.000E+00 1.155E+01 1.122E+01 
8.000E-02 2.077E-01 1.083E-01 5.140E+00 0.000E+00 0.000E+00 5.456E+00 5.248E+00 
1.000E-01 1.413E-01 1.073E-01 2.792E+00 0.000E+00 0.000E+00 3.040E+00 2.899E+00 
1.500E-01 6.883E-02 1.016E-01 9.055E-01 0.000E+00 0.000E+00 1.076E+00 1.007E+00 
2.000E-01 4.094E-02 9.550E-02 4.062E-01 0.000E+00 0.000E+00 5.426E-01 5.017E-01 
3.000E-01 1.928E-02 8.512E-02 1.336E-01 0.000E+00 0.000E+00 2.380E-01 2.187E-01 
4.000E-01 1.115E-02 7.720E-02 6.257E-02 0.000E+00 0.000E+00 1.509E-01 1.398E-01 
5.000E-01 7.252E-03 7.097E-02 3.567E-02 0.000E+00 0.000E+00 1.139E-01 1.066E-01 
6.000E-01 5.092E-03 6.594E-02 2.300E-02 0.000E+00 0.000E+00 9.404E-02 8.895E-02 
8.000E-01 2.902E-03 5.821E-02 1.201E-02 0.000E+00 0.000E+00 7.312E-02 7.022E-02 
1.000E+00 1.870E-03 5.247E-02 7.518E-03 0.000E+00 0.000E+00 6.186E-02 5.999E-02 
1.022E+00 1.792E-03 5.191E-02 7.197E-03 0.000E+00 0.000E+00 6.090E-02 5.911E-02 
1.250E+00 1.204E-03 4.700E-02 4.851E-03 2.515E-04 0.000E+00 5.330E-02 5.210E-02 
1.500E+00 8.381E-04 4.276E-02 3.464E-03 1.163E-03 0.000E+00 4.822E-02 4.739E-02 
2.000E+00 4.728E-04 3.652E-02 2.103E-03 3.754E-03 0.000E+00 4.285E-02 4.237E-02 
2.044E+00 4.530E-04 3.607E-02 2.028E-03 3.999E-03 0.000E+00 4.255E-02 4.210E-02 
3.000E+00 2.107E-04 2.876E-02 1.109E-03 9.039E-03 1.005E-05 3.913E-02 3.892E-02 
4.000E+00 1.186E-04 2.400E-02 7.311E-04 1.356E-02 4.098E-05 3.845E-02 3.833E-02 
5.000E+00 7.597E-05 2.073E-02 5.386E-04 1.742E-02 8.156E-05 3.885E-02 3.877E-02 
6.000E+00 5.275E-05 1.832E-02 4.240E-04 2.075E-02 1.251E-04 3.967E-02 3.962E-02 
7.000E+00 3.877E-05 1.647E-02 3.483E-04 2.369E-02 1.684E-04 4.071E-02 4.067E-02 
8.000E+00 2.969E-05 1.499E-02 2.950E-04 2.633E-02 2.103E-04 4.185E-02 4.182E-02 
9.000E+00 2.346E-05 1.378E-02 2.556E-04 2.872E-02 2.504E-04 4.303E-02 4.301E-02 
1.000E+01 1.900E-05 1.277E-02 2.252E-04 3.092E-02 2.884E-04 4.422E-02 4.420E-02 
1.100E+01 1.570E-05 1.191E-02 2.012E-04 3.296E-02 3.243E-04 4.540E-02 4.539E-02 
1.200E+01 1.320E-05 1.117E-02 1.818E-04 3.484E-02 3.581E-04 4.656E-02 4.655E-02 
1.300E+01 1.124E-05 1.052E-02 1.657E-04 3.660E-02 3.900E-04 4.769E-02 4.768E-02 
1.400E+01 9.693E-06 9.955E-03 1.522E-04 3.823E-02 4.205E-04 4.877E-02 4.876E-02 
1.500E+01 8.445E-06 9.451E-03 1.407E-04 3.975E-02 4.490E-04 4.980E-02 4.979E-02 
1.600E+01 7.422E-06 9.000E-03 1.308E-04 4.117E-02 4.759E-04 5.079E-02 5.078E-02 
1.800E+01 5.865E-06 8.227E-03 1.146E-04 4.371E-02 5.263E-04 5.258E-02 5.258E-02 
2.000E+01 4.751E-06 7.585E-03 1.020E-04 4.597E-02 5.722E-04 5.423E-02 5.423E-02 
2.200E+01 3.926E-06 7.046E-03 9.190E-05 4.803E-02 6.138E-04 5.579E-02 5.578E-02 
2.400E+01 3.299E-06 6.586E-03 8.358E-05 4.993E-02 6.523E-04 5.726E-02 5.725E-02 
2.600E+01 2.811E-06 6.182E-03 7.664E-05 5.164E-02 6.876E-04 5.858E-02 5.858E-02 
2.800E+01 2.424E-06 5.833E-03 7.074E-05 5.318E-02 7.204E-04 5.981E-02 5.981E-02 
3.000E+01 2.111E-06 5.524E-03 6.570E-05 5.465E-02 7.506E-04 6.099E-02 6.099E-02 
4.000E+01 1.188E-06 4.391E-03 4.839E-05 6.051E-02 8.762E-04 6.583E-02 6.583E-02 
5.000E+01 7.601E-07 3.664E-03 3.831E-05 6.491E-02 9.713E-04 6.959E-02 6.958E-02 
6.000E+01 5.279E-07 3.156E-03 3.169E-05 6.832E-02 1.046E-03 7.255E-02 7.255E-02 
8.000E+01 2.969E-07 2.489E-03 2.355E-05 7.331E-02 1.158E-03 7.698E-02 7.698E-02 
1.000E+02 1.900E-07 2.066E-03 1.874E-05 7.688E-02 1.240E-03 8.020E-02 8.020E-02 
1.500E+02 8.445E-08 1.471E-03 1.240E-05 8.255E-02 1.374E-03 8.540E-02 8.540E-02 
2.000E+02 4.751E-08 1.154E-03 9.265E-06 8.591E-02 1.458E-03 8.854E-02 8.854E-02 
3.000E+02 2.111E-08 8.179E-04 6.154E-06 8.980E-02 1.560E-03 9.218E-02 9.218E-02 
4.000E+02 1.188E-08 6.404E-04 4.609E-06 9.206E-02 1.622E-03 9.432E-02 9.432E-02 
5.000E+02 7.601E-09 5.302E-04 3.681E-06 9.352E-02 1.663E-03 9.572E-02 9.572E-02 
6.000E+02 5.279E-09 4.537E-04 3.066E-06 9.459E-02 1.694E-03 9.674E-02 9.674E-02 
8.000E+02 2.969E-09 3.545E-04 2.297E-06 9.602E-02 1.737E-03 9.811E-02 9.811E-02 
1.000E+03 1.900E-09 2.917E-04 1.836E-06 9.693E-02 1.765E-03 9.899E-02 9.899E-02 
1.500E+03 8.445E-10 2.037E-04 1.223E-06 9.824E-02 1.807E-03 1.003E-01 1.003E-01 
2.000E+03 4.751E-10 1.576E-04 9.174E-07 9.895E-02 1.831E-03 1.009E-01 1.009E-01 
3.000E+03 2.111E-10 1.096E-04 6.115E-07 9.971E-02 1.857E-03 1.017E-01 1.017E-01 
4.000E+03 1.188E-10 8.461E-05 4.585E-07 1.001E-01 1.872E-03 1.021E-01 1.021E-01 
5.000E+03 7.601E-11 6.919E-05 3.666E-07 1.004E-01 1.882E-03 1.024E-01 1.024E-01 
6.000E+03 5.279E-11 5.865E-05 3.055E-07 1.006E-01 1.889E-03 1.025E-01 1.025E-01 
8.000E+03 2.969E-11 4.518E-05 2.291E-07 1.008E-01 1.897E-03 1.028E-01 1.028E-01 
1.000E+04 1.900E-11 3.690E-05 1.833E-07 1.010E-01 1.903E-03 1.029E-01 1.029E-01 
1.500E+04 8.445E-12 2.550E-05 1.222E-07 1.012E-01 1.911E-03 1.031E-01 1.031E-01 
2.000E+04 4.751E-12 1.960E-05 9.162E-08 1.013E-01 1.915E-03 1.032E-01 1.032E-01 
3.000E+04 2.111E-12 1.352E-05 6.107E-08 1.014E-01 1.920E-03 1.033E-01 1.033E-01 
4.000E+04 1.188E-12 1.038E-05 4.581E-08 1.015E-01 1.922E-03 1.034E-01 1.034E-01 
5.000E+04 7.601E-13 8.453E-06 3.665E-08 1.015E-01 1.924E-03 1.035E-01 1.035E-01 
6.000E+04 5.279E-13 7.145E-06 3.054E-08 1.015E-01 1.925E-03 1.035E-01 1.035E-01 
8.000E+04 2.969E-13 5.481E-06 2.291E-08 1.016E-01 1.926E-03 1.035E-01 1.035E-01 
1.000E+05 1.900E-13 4.458E-06 1.832E-08 1.016E-01 1.927E-03 1.035E-01 1.035E-01 
