1.000E-03 9.691E+00 6.225E-03 2.047E+03 0.000E+00 0.000E+00 2.056E+03 2.047E+03 
1.013E-03 9.679E+00 6.332E-03 1.997E+03 0.000E+00 0.000E+00 2.007E+03 1.997E+03 
1.027E-03 9.666E+00 6.441E-03 1.949E+03 0.000E+00 0.000E+00 1.959E+03 1.949E+03 
1.039E-03 9.654E+00 6.540E-03 3.848E+03 0.000E+00 0.000E+00 3.857E+03 3.848E+03 
1.051E-03 9.641E+00 6.641E-03 5.793E+03 0.000E+00 0.000E+00 5.803E+03 5.793E+03 
1.194E-03 9.496E+00 7.762E-03 6.392E+03 0.000E+00 0.000E+00 6.401E+03 6.392E+03 
1.357E-03 9.334E+00 9.005E-03 5.681E+03 0.000E+00 0.000E+00 5.690E+03 5.681E+03 
1.413E-03 9.277E+00 9.441E-03 5.977E+03 0.000E+00 0.000E+00 5.986E+03 5.977E+03 
1.471E-03 9.213E+00 9.895E-03 5.456E+03 0.000E+00 0.000E+00 5.466E+03 5.456E+03 
1.500E-03 9.180E+00 1.011E-02 5.544E+03 0.000E+00 0.000E+00 5.553E+03 5.544E+03 
1.653E-03 9.018E+00 1.129E-02 4.488E+03 0.000E+00 0.000E+00 4.497E+03 4.488E+03 
2.000E-03 8.660E+00 1.392E-02 3.039E+03 0.000E+00 0.000E+00 3.048E+03 3.039E+03 
3.000E-03 7.642E+00 2.130E-02 1.154E+03 0.000E+00 0.000E+00 1.162E+03 1.154E+03 
4.000E-03 6.707E+00 2.812E-02 5.643E+02 0.000E+00 0.000E+00 5.711E+02 5.644E+02 
5.000E-03 5.901E+00 3.431E-02 3.201E+02 0.000E+00 0.000E+00 3.260E+02 3.201E+02 
6.000E-03 5.224E+00 3.982E-02 2.001E+02 0.000E+00 0.000E+00 2.053E+02 2.001E+02 
6.459E-03 4.945E+00 4.214E-02 1.651E+02 0.000E+00 0.000E+00 1.701E+02 1.652E+02 
6.730E-03 4.792E+00 4.346E-02 4.171E+02 0.000E+00 0.000E+00 4.219E+02 4.171E+02 
7.013E-03 4.642E+00 4.480E-02 3.758E+02 0.000E+00 0.000E+00 3.805E+02 3.758E+02 
7.217E-03 4.538E+00 4.573E-02 4.776E+02 0.000E+00 0.000E+00 4.822E+02 4.777E+02 
7.428E-03 4.434E+00 4.667E-02 4.451E+02 0.000E+00 0.000E+00 4.496E+02 4.451E+02 
8.000E-03 4.164E+00 4.916E-02 4.272E+02 0.000E+00 0.000E+00 4.314E+02 4.273E+02 
1.000E-02 3.391E+00 5.702E-02 2.406E+02 0.000E+00 0.000E+00 2.440E+02 2.406E+02 
1.500E-02 2.208E+00 7.256E-02 8.183E+01 0.000E+00 0.000E+00 8.411E+01 8.190E+01 
2.000E-02 1.584E+00 8.365E-02 3.749E+01 0.000E+00 0.000E+00 3.916E+01 3.758E+01 
3.000E-02 9.255E-01 9.695E-02 1.224E+01 0.000E+00 0.000E+00 1.327E+01 1.234E+01 
4.000E-02 6.022E-01 1.039E-01 5.473E+00 0.000E+00 0.000E+00 6.179E+00 5.577E+00 
4.518E-02 4.999E-01 1.061E-01 3.885E+00 0.000E+00 0.000E+00 4.491E+00 3.991E+00 
5.000E-02 4.276E-01 1.076E-01 1.681E+01 0.000E+00 0.000E+00 1.735E+01 1.692E+01 
6.000E-02 3.212E-01 1.096E-01 1.044E+01 0.000E+00 0.000E+00 1.087E+01 1.055E+01 
8.000E-02 1.999E-01 1.105E-01 4.796E+00 0.000E+00 0.000E+00 5.106E+00 4.906E+00 
1.000E-01 1.359E-01 1.093E-01 2.594E+00 0.000E+00 0.000E+00 2.840E+00 2.704E+00 
1.500E-01 6.620E-02 1.034E-01 8.357E-01 0.000E+00 0.000E+00 1.005E+00 9.391E-01 
2.000E-01 3.933E-02 9.716E-02 3.733E-01 0.000E+00 0.000E+00 5.098E-01 4.705E-01 
3.000E-01 1.849E-02 8.656E-02 1.222E-01 0.000E+00 0.000E+00 2.273E-01 2.088E-01 
4.000E-01 1.068E-02 7.846E-02 5.706E-02 0.000E+00 0.000E+00 1.462E-01 1.355E-01 
5.000E-01 6.944E-03 7.214E-02 3.246E-02 0.000E+00 0.000E+00 1.115E-01 1.046E-01 
6.000E-01 4.875E-03 6.699E-02 2.090E-02 0.000E+00 0.000E+00 9.277E-02 8.789E-02 
8.000E-01 2.776E-03 5.914E-02 1.089E-02 0.000E+00 0.000E+00 7.280E-02 7.003E-02 
1.000E+00 1.789E-03 5.328E-02 6.815E-03 0.000E+00 0.000E+00 6.188E-02 6.009E-02 
1.022E+00 1.714E-03 5.274E-02 6.524E-03 0.000E+00 0.000E+00 6.097E-02 5.926E-02 
1.250E+00 1.151E-03 4.771E-02 4.397E-03 2.414E-04 0.000E+00 5.350E-02 5.235E-02 
1.500E+00 8.012E-04 4.343E-02 3.143E-03 1.116E-03 0.000E+00 4.849E-02 4.769E-02 
2.000E+00 4.521E-04 3.709E-02 1.908E-03 3.632E-03 0.000E+00 4.308E-02 4.263E-02 
2.044E+00 4.330E-04 3.663E-02 1.841E-03 3.870E-03 0.000E+00 4.277E-02 4.234E-02 
3.000E+00 2.013E-04 2.920E-02 1.007E-03 8.827E-03 1.021E-05 3.925E-02 3.905E-02 
4.000E+00 1.134E-04 2.437E-02 6.645E-04 1.330E-02 4.164E-05 3.849E-02 3.837E-02 
5.000E+00 7.256E-05 2.105E-02 4.900E-04 1.713E-02 8.286E-05 3.882E-02 3.875E-02 
6.000E+00 5.041E-05 1.861E-02 3.859E-04 2.043E-02 1.271E-04 3.959E-02 3.954E-02 
7.000E+00 3.704E-05 1.672E-02 3.172E-04 2.334E-02 1.711E-04 4.059E-02 4.055E-02 
8.000E+00 2.836E-05 1.522E-02 2.687E-04 2.596E-02 2.136E-04 4.169E-02 4.167E-02 
9.000E+00 2.241E-05 1.399E-02 2.329E-04 2.834E-02 2.543E-04 4.284E-02 4.282E-02 
1.000E+01 1.815E-05 1.297E-02 2.053E-04 3.053E-02 2.930E-04 4.401E-02 4.399E-02 
1.100E+01 1.500E-05 1.209E-02 1.834E-04 3.254E-02 3.295E-04 4.516E-02 4.515E-02 
1.200E+01 1.261E-05 1.134E-02 1.657E-04 3.441E-02 3.639E-04 4.630E-02 4.628E-02 
1.300E+01 1.074E-05 1.068E-02 1.511E-04 3.616E-02 3.962E-04 4.740E-02 4.739E-02 
1.400E+01 9.263E-06 1.011E-02 1.388E-04 3.778E-02 4.272E-04 4.846E-02 4.845E-02 
1.500E+01 8.070E-06 9.596E-03 1.283E-04 3.928E-02 4.563E-04 4.946E-02 4.946E-02 
1.600E+01 7.094E-06 9.138E-03 1.193E-04 4.067E-02 4.837E-04 5.042E-02 5.041E-02 
1.800E+01 5.602E-06 8.353E-03 1.046E-04 4.318E-02 5.348E-04 5.218E-02 5.217E-02 
2.000E+01 4.538E-06 7.705E-03 9.309E-05 4.542E-02 5.814E-04 5.381E-02 5.380E-02 
2.200E+01 3.751E-06 7.156E-03 8.386E-05 4.750E-02 6.238E-04 5.537E-02 5.536E-02 
2.400E+01 3.152E-06 6.687E-03 7.626E-05 4.933E-02 6.628E-04 5.676E-02 5.675E-02 
2.600E+01 2.686E-06 6.279E-03 6.994E-05 5.103E-02 6.990E-04 5.808E-02 5.808E-02 
2.800E+01 2.316E-06 5.922E-03 6.458E-05 5.257E-02 7.322E-04 5.929E-02 5.929E-02 
3.000E+01 2.017E-06 5.610E-03 5.997E-05 5.402E-02 7.634E-04 6.046E-02 6.046E-02 
4.000E+01 1.135E-06 4.455E-03 4.418E-05 5.984E-02 8.914E-04 6.523E-02 6.523E-02 
5.000E+01 7.264E-07 3.720E-03 3.498E-05 6.416E-02 9.878E-04 6.891E-02 6.891E-02 
6.000E+01 5.045E-07 3.205E-03 2.894E-05 6.753E-02 1.064E-03 7.183E-02 7.183E-02 
8.000E+01 2.837E-07 2.528E-03 2.151E-05 7.252E-02 1.179E-03 7.625E-02 7.625E-02 
1.000E+02 1.816E-07 2.098E-03 1.712E-05 7.605E-02 1.263E-03 7.943E-02 7.943E-02 
1.500E+02 8.070E-08 1.494E-03 1.133E-05 8.162E-02 1.400E-03 8.452E-02 8.452E-02 
2.000E+02 4.538E-08 1.171E-03 8.465E-06 8.498E-02 1.486E-03 8.765E-02 8.765E-02 
3.000E+02 2.017E-08 8.303E-04 5.623E-06 8.885E-02 1.591E-03 9.128E-02 9.128E-02 
4.000E+02 1.135E-08 6.504E-04 4.210E-06 9.109E-02 1.654E-03 9.340E-02 9.340E-02 
5.000E+02 7.264E-09 5.382E-04 3.364E-06 9.259E-02 1.698E-03 9.483E-02 9.483E-02 
6.000E+02 5.045E-09 4.609E-04 2.801E-06 9.363E-02 1.729E-03 9.582E-02 9.582E-02 
8.000E+02 2.837E-09 3.600E-04 2.099E-06 9.504E-02 1.773E-03 9.718E-02 9.718E-02 
1.000E+03 1.816E-09 2.961E-04 1.678E-06 9.596E-02 1.802E-03 9.805E-02 9.805E-02 
1.500E+03 8.070E-10 2.068E-04 1.118E-06 9.724E-02 1.846E-03 9.930E-02 9.930E-02 
2.000E+03 4.538E-10 1.601E-04 8.382E-07 9.799E-02 1.870E-03 1.000E-01 1.000E-01 
3.000E+03 2.017E-10 1.113E-04 5.585E-07 9.874E-02 1.898E-03 1.007E-01 1.007E-01 
4.000E+03 1.135E-10 8.590E-05 4.189E-07 9.915E-02 1.914E-03 1.012E-01 1.012E-01 
5.000E+03 7.264E-11 7.023E-05 3.350E-07 9.945E-02 1.924E-03 1.014E-01 1.014E-01 
6.000E+03 5.045E-11 5.955E-05 2.791E-07 9.961E-02 1.931E-03 1.016E-01 1.016E-01 
8.000E+03 2.837E-11 4.588E-05 2.093E-07 9.986E-02 1.940E-03 1.018E-01 1.018E-01 
1.000E+04 1.816E-11 3.747E-05 1.675E-07 9.999E-02 1.946E-03 1.020E-01 1.020E-01 
1.500E+04 8.070E-12 2.589E-05 1.116E-07 1.002E-01 1.954E-03 1.022E-01 1.022E-01 
2.000E+04 4.538E-12 1.991E-05 8.374E-08 1.003E-01 1.959E-03 1.023E-01 1.023E-01 
3.000E+04 2.017E-12 1.373E-05 5.581E-08 1.004E-01 1.963E-03 1.024E-01 1.024E-01 
4.000E+04 1.135E-12 1.054E-05 4.185E-08 1.005E-01 1.966E-03 1.025E-01 1.025E-01 
5.000E+04 7.264E-13 8.582E-06 3.349E-08 1.005E-01 1.968E-03 1.025E-01 1.025E-01 
6.000E+04 5.045E-13 7.256E-06 2.791E-08 1.006E-01 1.969E-03 1.025E-01 1.025E-01 
8.000E+04 2.837E-13 5.564E-06 2.093E-08 1.006E-01 1.970E-03 1.026E-01 1.026E-01 
1.000E+05 1.816E-13 4.526E-06 1.674E-08 1.006E-01 1.971E-03 1.026E-01 1.026E-01 
