1.000E-03 9.402E+00 6.317E-03 6.618E+03 0.000E+00 0.000E+00 6.627E+03 6.618E+03 
1.002E-03 9.398E+00 6.338E-03 6.772E+03 0.000E+00 0.000E+00 6.781E+03 6.772E+03 
1.005E-03 9.394E+00 6.359E-03 6.922E+03 0.000E+00 0.000E+00 6.932E+03 6.922E+03 
1.142E-03 9.236E+00 7.456E-03 7.102E+03 0.000E+00 0.000E+00 7.111E+03 7.102E+03 
1.297E-03 9.106E+00 8.655E-03 5.924E+03 0.000E+00 0.000E+00 5.934E+03 5.924E+03 
1.349E-03 9.054E+00 9.057E-03 6.256E+03 0.000E+00 0.000E+00 6.265E+03 6.256E+03 
1.403E-03 8.997E+00 9.477E-03 5.737E+03 0.000E+00 0.000E+00 5.746E+03 5.737E+03 
1.500E-03 8.893E+00 1.024E-02 5.265E+03 0.000E+00 0.000E+00 5.274E+03 5.265E+03 
1.575E-03 8.814E+00 1.082E-02 4.730E+03 0.000E+00 0.000E+00 4.739E+03 4.730E+03 
2.000E-03 8.375E+00 1.407E-02 2.870E+03 0.000E+00 0.000E+00 2.878E+03 2.870E+03 
3.000E-03 7.373E+00 2.146E-02 1.086E+03 0.000E+00 0.000E+00 1.093E+03 1.086E+03 
4.000E-03 6.463E+00 2.830E-02 5.302E+02 0.000E+00 0.000E+00 5.367E+02 5.303E+02 
5.000E-03 5.682E+00 3.448E-02 3.004E+02 0.000E+00 0.000E+00 3.062E+02 3.005E+02 
6.000E-03 5.027E+00 3.996E-02 1.876E+02 0.000E+00 0.000E+00 1.927E+02 1.877E+02 
6.208E-03 4.906E+00 4.102E-02 1.717E+02 0.000E+00 0.000E+00 1.767E+02 1.718E+02 
6.460E-03 4.761E+00 4.228E-02 4.383E+02 0.000E+00 0.000E+00 4.431E+02 4.383E+02 
6.722E-03 4.618E+00 4.355E-02 3.967E+02 0.000E+00 0.000E+00 4.013E+02 3.967E+02 
6.921E-03 4.515E+00 4.446E-02 5.031E+02 0.000E+00 0.000E+00 5.076E+02 5.031E+02 
7.126E-03 4.413E+00 4.538E-02 4.680E+02 0.000E+00 0.000E+00 4.725E+02 4.681E+02 
8.000E-03 4.008E+00 4.922E-02 4.054E+02 0.000E+00 0.000E+00 4.094E+02 4.054E+02 
1.000E-02 3.264E+00 5.699E-02 2.267E+02 0.000E+00 0.000E+00 2.300E+02 2.267E+02 
1.500E-02 2.130E+00 7.244E-02 7.703E+01 0.000E+00 0.000E+00 7.923E+01 7.710E+01 
2.000E-02 1.529E+00 8.333E-02 3.523E+01 0.000E+00 0.000E+00 3.684E+01 3.531E+01 
3.000E-02 8.914E-01 9.628E-02 1.148E+01 0.000E+00 0.000E+00 1.246E+01 1.157E+01 
4.000E-02 5.799E-01 1.030E-01 5.127E+00 0.000E+00 0.000E+00 5.810E+00 5.230E+00 
4.357E-02 5.094E-01 1.046E-01 4.029E+00 0.000E+00 0.000E+00 4.643E+00 4.134E+00 
5.000E-02 4.119E-01 1.067E-01 1.598E+01 0.000E+00 0.000E+00 1.650E+01 1.608E+01 
6.000E-02 3.093E-01 1.086E-01 9.907E+00 0.000E+00 0.000E+00 1.033E+01 1.002E+01 
8.000E-02 1.923E-01 1.094E-01 4.538E+00 0.000E+00 0.000E+00 4.840E+00 4.648E+00 
1.000E-01 1.306E-01 1.082E-01 2.449E+00 0.000E+00 0.000E+00 2.688E+00 2.557E+00 
1.500E-01 6.363E-02 1.024E-01 7.862E-01 0.000E+00 0.000E+00 9.522E-01 8.885E-01 
2.000E-01 3.778E-02 9.611E-02 3.506E-01 0.000E+00 0.000E+00 4.845E-01 4.467E-01 
3.000E-01 1.774E-02 8.559E-02 1.145E-01 0.000E+00 0.000E+00 2.178E-01 2.001E-01 
4.000E-01 1.025E-02 7.757E-02 5.336E-02 0.000E+00 0.000E+00 1.412E-01 1.309E-01 
5.000E-01 6.663E-03 7.131E-02 3.032E-02 0.000E+00 0.000E+00 1.083E-01 1.016E-01 
6.000E-01 4.672E-03 6.622E-02 1.951E-02 0.000E+00 0.000E+00 9.040E-02 8.573E-02 
8.000E-01 2.662E-03 5.845E-02 1.016E-02 0.000E+00 0.000E+00 7.127E-02 6.861E-02 
1.000E+00 1.715E-03 5.265E-02 6.354E-03 0.000E+00 0.000E+00 6.072E-02 5.900E-02 
1.022E+00 1.642E-03 5.211E-02 6.083E-03 0.000E+00 0.000E+00 5.983E-02 5.819E-02 
1.250E+00 1.103E-03 4.718E-02 4.100E-03 2.318E-04 0.000E+00 5.261E-02 5.151E-02 
1.500E+00 7.678E-04 4.292E-02 2.931E-03 1.071E-03 0.000E+00 4.769E-02 4.692E-02 
2.000E+00 4.330E-04 3.665E-02 1.780E-03 3.502E-03 0.000E+00 4.236E-02 4.193E-02 
2.044E+00 4.148E-04 3.620E-02 1.717E-03 3.733E-03 0.000E+00 4.206E-02 4.165E-02 
3.000E+00 1.929E-04 2.886E-02 9.402E-04 8.555E-03 1.009E-05 3.856E-02 3.836E-02 
4.000E+00 1.086E-04 2.408E-02 6.204E-04 1.291E-02 4.115E-05 3.776E-02 3.765E-02 
5.000E+00 6.956E-05 2.080E-02 4.576E-04 1.665E-02 8.187E-05 3.806E-02 3.799E-02 
6.000E+00 4.831E-05 1.839E-02 3.605E-04 1.987E-02 1.256E-04 3.879E-02 3.874E-02 
7.000E+00 3.549E-05 1.652E-02 2.964E-04 2.272E-02 1.691E-04 3.974E-02 3.971E-02 
8.000E+00 2.718E-05 1.504E-02 2.512E-04 2.528E-02 2.112E-04 4.081E-02 4.078E-02 
9.000E+00 2.147E-05 1.383E-02 2.177E-04 2.760E-02 2.514E-04 4.192E-02 4.189E-02 
1.000E+01 1.739E-05 1.281E-02 1.919E-04 2.973E-02 2.896E-04 4.304E-02 4.303E-02 
1.100E+01 1.437E-05 1.195E-02 1.715E-04 3.170E-02 3.257E-04 4.416E-02 4.415E-02 
1.200E+01 1.208E-05 1.121E-02 1.550E-04 3.352E-02 3.597E-04 4.525E-02 4.524E-02 
1.300E+01 1.029E-05 1.056E-02 1.413E-04 3.523E-02 3.917E-04 4.633E-02 4.632E-02 
1.400E+01 8.876E-06 9.987E-03 1.298E-04 3.680E-02 4.221E-04 4.735E-02 4.734E-02 
1.500E+01 7.732E-06 9.482E-03 1.200E-04 3.826E-02 4.509E-04 4.832E-02 4.832E-02 
1.600E+01 6.797E-06 9.031E-03 1.116E-04 3.962E-02 4.785E-04 4.925E-02 4.924E-02 
1.800E+01 5.369E-06 8.254E-03 9.786E-05 4.208E-02 5.290E-04 5.097E-02 5.097E-02 
2.000E+01 4.350E-06 7.611E-03 8.709E-05 4.430E-02 5.749E-04 5.258E-02 5.257E-02 
2.200E+01 3.594E-06 7.068E-03 7.845E-05 4.626E-02 6.171E-04 5.403E-02 5.402E-02 
2.400E+01 3.020E-06 6.605E-03 7.135E-05 4.810E-02 6.555E-04 5.543E-02 5.543E-02 
2.600E+01 2.574E-06 6.204E-03 6.542E-05 4.973E-02 6.910E-04 5.669E-02 5.669E-02 
2.800E+01 2.219E-06 5.853E-03 6.041E-05 5.127E-02 7.240E-04 5.791E-02 5.791E-02 
3.000E+01 1.933E-06 5.540E-03 5.611E-05 5.265E-02 7.549E-04 5.900E-02 5.900E-02 
4.000E+01 1.087E-06 4.405E-03 4.135E-05 5.833E-02 8.814E-04 6.365E-02 6.365E-02 
5.000E+01 6.960E-07 3.676E-03 3.274E-05 6.254E-02 9.770E-04 6.723E-02 6.723E-02 
6.000E+01 4.831E-07 3.167E-03 2.708E-05 6.584E-02 1.053E-03 7.009E-02 7.009E-02 
8.000E+01 2.718E-07 2.498E-03 2.013E-05 7.068E-02 1.167E-03 7.437E-02 7.437E-02 
1.000E+02 1.740E-07 2.073E-03 1.602E-05 7.411E-02 1.249E-03 7.745E-02 7.745E-02 
1.500E+02 7.732E-08 1.476E-03 1.060E-05 7.958E-02 1.386E-03 8.245E-02 8.245E-02 
2.000E+02 4.350E-08 1.158E-03 7.924E-06 8.283E-02 1.471E-03 8.547E-02 8.547E-02 
3.000E+02 1.933E-08 8.204E-04 5.265E-06 8.663E-02 1.576E-03 8.903E-02 8.903E-02 
4.000E+02 1.087E-08 6.425E-04 3.940E-06 8.885E-02 1.639E-03 9.113E-02 9.113E-02 
5.000E+02 6.960E-09 5.319E-04 3.148E-06 9.027E-02 1.682E-03 9.248E-02 9.248E-02 
6.000E+02 4.831E-09 4.555E-04 2.622E-06 9.131E-02 1.713E-03 9.348E-02 9.348E-02 
8.000E+02 2.718E-09 3.557E-04 1.964E-06 9.269E-02 1.757E-03 9.480E-02 9.480E-02 
1.000E+03 1.740E-09 2.926E-04 1.571E-06 9.356E-02 1.786E-03 9.564E-02 9.564E-02 
1.500E+03 7.732E-10 2.044E-04 1.046E-06 9.486E-02 1.829E-03 9.689E-02 9.689E-02 
2.000E+03 4.350E-10 1.582E-04 7.845E-07 9.557E-02 1.854E-03 9.758E-02 9.758E-02 
3.000E+03 1.933E-10 1.100E-04 5.227E-07 9.632E-02 1.881E-03 9.831E-02 9.831E-02 
4.000E+03 1.087E-10 8.488E-05 3.920E-07 9.674E-02 1.898E-03 9.872E-02 9.872E-02 
5.000E+03 6.960E-11 6.943E-05 3.136E-07 9.699E-02 1.907E-03 9.896E-02 9.896E-02 
6.000E+03 4.831E-11 5.887E-05 2.613E-07 9.715E-02 1.914E-03 9.913E-02 9.913E-02 
8.000E+03 2.718E-11 4.534E-05 1.960E-07 9.740E-02 1.923E-03 9.937E-02 9.937E-02 
1.000E+04 1.740E-11 3.702E-05 1.568E-07 9.753E-02 1.929E-03 9.950E-02 9.950E-02 
1.500E+04 7.732E-12 2.559E-05 1.045E-07 9.774E-02 1.937E-03 9.970E-02 9.970E-02 
2.000E+04 4.350E-12 1.967E-05 7.837E-08 9.786E-02 1.942E-03 9.983E-02 9.983E-02 
3.000E+04 1.933E-12 1.356E-05 5.223E-08 9.799E-02 1.946E-03 9.995E-02 9.995E-02 
4.000E+04 1.087E-12 1.042E-05 3.918E-08 9.803E-02 1.949E-03 9.999E-02 9.999E-02 
5.000E+04 6.960E-13 8.484E-06 3.135E-08 9.807E-02 1.951E-03 1.000E-01 1.000E-01 
6.000E+04 4.831E-13 7.169E-06 2.612E-08 9.811E-02 1.952E-03 1.001E-01 1.001E-01 
8.000E+04 2.718E-13 5.499E-06 1.959E-08 9.816E-02 1.954E-03 1.001E-01 1.001E-01 
1.000E+05 1.740E-13 4.472E-06 1.567E-08 9.816E-02 1.954E-03 1.001E-01 1.001E-01 
