1.000E-03 3.553E+00 1.301E-02 5.234E+03 0.000E+00 0.000E+00 5.237E+03 5.234E+03 
1.500E-03 3.244E+00 2.103E-02 1.854E+03 0.000E+00 0.000E+00 1.857E+03 1.854E+03 
2.000E-03 2.952E+00 2.796E-02 8.675E+02 0.000E+00 0.000E+00 8.705E+02 8.675E+02 
3.000E-03 2.455E+00 4.062E-02 2.897E+02 0.000E+00 0.000E+00 2.922E+02 2.898E+02 
4.000E-03 2.050E+00 5.199E-02 1.311E+02 0.000E+00 0.000E+00 1.332E+02 1.312E+02 
4.493E-03 1.877E+00 5.709E-02 9.495E+01 0.000E+00 0.000E+00 9.688E+01 9.501E+01 
5.000E-03 1.720E+00 6.198E-02 6.288E+02 0.000E+00 0.000E+00 6.306E+02 6.289E+02 
6.000E-03 1.463E+00 7.069E-02 3.918E+02 0.000E+00 0.000E+00 3.934E+02 3.919E+02 
8.000E-03 1.107E+00 8.458E-02 1.816E+02 0.000E+00 0.000E+00 1.828E+02 1.817E+02 
1.000E-02 8.837E-01 9.480E-02 9.854E+01 0.000E+00 0.000E+00 9.952E+01 9.863E+01 
1.500E-02 5.622E-01 1.119E-01 3.135E+01 0.000E+00 0.000E+00 3.202E+01 3.146E+01 
2.000E-02 3.820E-01 1.227E-01 1.358E+01 0.000E+00 0.000E+00 1.409E+01 1.371E+01 
3.000E-02 2.063E-01 1.338E-01 4.068E+00 0.000E+00 0.000E+00 4.408E+00 4.202E+00 
4.000E-02 1.304E-01 1.378E-01 1.701E+00 0.000E+00 0.000E+00 1.970E+00 1.839E+00 
5.000E-02 9.062E-02 1.389E-01 8.577E-01 0.000E+00 0.000E+00 1.087E+00 9.966E-01 
6.000E-02 6.675E-02 1.385E-01 4.880E-01 0.000E+00 0.000E+00 6.933E-01 6.265E-01 
8.000E-02 4.041E-02 1.357E-01 1.991E-01 0.000E+00 0.000E+00 3.752E-01 3.348E-01 
1.000E-01 2.697E-02 1.317E-01 9.906E-02 0.000E+00 0.000E+00 2.577E-01 2.308E-01 
1.500E-01 1.266E-02 1.214E-01 2.785E-02 0.000E+00 0.000E+00 1.619E-01 1.492E-01 
2.000E-01 7.314E-03 1.123E-01 1.141E-02 0.000E+00 0.000E+00 1.311E-01 1.237E-01 
3.000E-01 3.331E-03 9.850E-02 3.360E-03 0.000E+00 0.000E+00 1.052E-01 1.019E-01 
4.000E-01 1.893E-03 8.857E-02 1.471E-03 0.000E+00 0.000E+00 9.194E-02 9.004E-02 
5.000E-01 1.218E-03 8.103E-02 8.037E-04 0.000E+00 0.000E+00 8.305E-02 8.183E-02 
6.000E-01 8.481E-04 7.504E-02 5.043E-04 0.000E+00 0.000E+00 7.639E-02 7.555E-02 
8.000E-01 4.784E-04 6.601E-02 2.563E-04 0.000E+00 0.000E+00 6.675E-02 6.627E-02 
1.000E+00 3.066E-04 5.938E-02 1.594E-04 0.000E+00 0.000E+00 5.985E-02 5.954E-02 
1.022E+00 2.936E-04 5.875E-02 1.510E-04 0.000E+00 0.000E+00 5.920E-02 5.890E-02 
1.250E+00 1.964E-04 5.311E-02 1.022E-04 5.335E-05 0.000E+00 5.347E-02 5.327E-02 
1.500E+00 1.365E-04 4.829E-02 7.382E-05 2.790E-04 0.000E+00 4.878E-02 4.864E-02 
2.000E+00 7.680E-05 4.122E-02 4.572E-05 1.086E-03 0.000E+00 4.243E-02 4.235E-02 
2.044E+00 7.353E-05 4.071E-02 4.417E-05 1.170E-03 0.000E+00 4.200E-02 4.192E-02 
3.000E+00 3.415E-05 3.243E-02 2.497E-05 3.037E-03 1.135E-05 3.554E-02 3.550E-02 
4.000E+00 1.921E-05 2.706E-02 1.689E-05 4.876E-03 4.634E-05 3.202E-02 3.200E-02 
5.000E+00 1.229E-05 2.336E-02 1.269E-05 6.506E-03 9.232E-05 2.999E-02 2.997E-02 
6.000E+00 8.537E-06 2.066E-02 1.013E-05 7.962E-03 1.417E-04 2.878E-02 2.877E-02 
7.000E+00 6.273E-06 1.857E-02 8.415E-06 9.256E-03 1.912E-04 2.803E-02 2.802E-02 
8.000E+00 4.802E-06 1.689E-02 7.191E-06 1.042E-02 2.390E-04 2.756E-02 2.756E-02 
9.000E+00 3.795E-06 1.553E-02 6.275E-06 1.148E-02 2.848E-04 2.730E-02 2.729E-02 
1.000E+01 3.073E-06 1.439E-02 5.563E-06 1.243E-02 3.285E-04 2.716E-02 2.715E-02 
1.100E+01 2.540E-06 1.342E-02 4.995E-06 1.330E-02 3.697E-04 2.710E-02 2.710E-02 
1.200E+01 2.134E-06 1.259E-02 4.532E-06 1.409E-02 4.088E-04 2.709E-02 2.709E-02 
1.300E+01 1.819E-06 1.186E-02 4.146E-06 1.483E-02 4.457E-04 2.714E-02 2.714E-02 
1.400E+01 1.569E-06 1.122E-02 3.822E-06 1.551E-02 4.809E-04 2.722E-02 2.722E-02 
1.500E+01 1.366E-06 1.065E-02 3.543E-06 1.616E-02 5.141E-04 2.733E-02 2.732E-02 
1.600E+01 1.201E-06 1.014E-02 3.302E-06 1.676E-02 5.459E-04 2.745E-02 2.745E-02 
1.800E+01 9.487E-07 9.270E-03 2.907E-06 1.786E-02 6.048E-04 2.773E-02 2.773E-02 
2.000E+01 7.684E-07 8.549E-03 2.596E-06 1.883E-02 6.587E-04 2.805E-02 2.804E-02 
2.200E+01 6.351E-07 7.941E-03 2.346E-06 1.972E-02 7.081E-04 2.837E-02 2.837E-02 
2.400E+01 5.337E-07 7.420E-03 2.138E-06 2.052E-02 7.536E-04 2.870E-02 2.870E-02 
2.600E+01 4.546E-07 6.967E-03 1.965E-06 2.126E-02 7.958E-04 2.902E-02 2.902E-02 
2.800E+01 3.921E-07 6.572E-03 1.816E-06 2.194E-02 8.351E-04 2.935E-02 2.935E-02 
3.000E+01 3.416E-07 6.224E-03 1.691E-06 2.257E-02 8.717E-04 2.967E-02 2.967E-02 
4.000E+01 1.921E-07 4.946E-03 1.252E-06 2.514E-02 1.025E-03 3.112E-02 3.112E-02 
5.000E+01 1.229E-07 4.129E-03 9.948E-07 2.706E-02 1.142E-03 3.233E-02 3.233E-02 
6.000E+01 8.538E-08 3.557E-03 8.250E-07 2.856E-02 1.237E-03 3.335E-02 3.335E-02 
8.000E+01 4.802E-08 2.805E-03 6.150E-07 3.078E-02 1.381E-03 3.497E-02 3.497E-02 
1.000E+02 3.073E-08 2.328E-03 4.901E-07 3.239E-02 1.488E-03 3.621E-02 3.621E-02 
1.500E+02 1.366E-08 1.658E-03 3.252E-07 3.499E-02 1.669E-03 3.832E-02 3.832E-02 
2.000E+02 7.684E-09 1.300E-03 2.433E-07 3.658E-02 1.786E-03 3.967E-02 3.967E-02 
3.000E+02 3.415E-09 9.214E-04 1.618E-07 3.846E-02 1.930E-03 4.131E-02 4.131E-02 
4.000E+02 1.921E-09 7.216E-04 1.212E-07 3.954E-02 2.020E-03 4.229E-02 4.229E-02 
5.000E+02 1.229E-09 5.973E-04 9.688E-08 4.028E-02 2.083E-03 4.296E-02 4.296E-02 
6.000E+02 8.537E-10 5.114E-04 8.070E-08 4.080E-02 2.129E-03 4.344E-02 4.344E-02 
8.000E+02 4.802E-10 3.995E-04 6.048E-08 4.151E-02 2.194E-03 4.411E-02 4.411E-02 
1.000E+03 3.073E-10 3.286E-04 4.837E-08 4.197E-02 2.237E-03 4.453E-02 4.453E-02 
1.500E+03 1.366E-10 2.295E-04 3.223E-08 4.264E-02 2.304E-03 4.517E-02 4.517E-02 
2.000E+03 7.684E-11 1.776E-04 2.417E-08 4.300E-02 2.343E-03 4.552E-02 4.552E-02 
3.000E+03 3.415E-11 1.235E-04 1.610E-08 4.339E-02 2.384E-03 4.590E-02 4.590E-02 
4.000E+03 1.921E-11 9.534E-05 1.208E-08 4.360E-02 2.410E-03 4.611E-02 4.611E-02 
5.000E+03 1.229E-11 7.795E-05 9.662E-09 4.375E-02 2.425E-03 4.625E-02 4.625E-02 
6.000E+03 8.537E-12 6.609E-05 8.052E-09 4.384E-02 2.437E-03 4.635E-02 4.635E-02 
8.000E+03 4.802E-12 5.093E-05 6.039E-09 4.396E-02 2.451E-03 4.647E-02 4.647E-02 
1.000E+04 3.073E-12 4.158E-05 4.830E-09 4.404E-02 2.461E-03 4.655E-02 4.655E-02 
1.500E+04 1.366E-12 2.873E-05 3.220E-09 4.415E-02 2.473E-03 4.665E-02 4.665E-02 
2.000E+04 7.684E-13 2.209E-05 2.415E-09 4.421E-02 2.481E-03 4.671E-02 4.671E-02 
3.000E+04 3.415E-13 1.523E-05 1.610E-09 4.427E-02 2.488E-03 4.678E-02 4.678E-02 
4.000E+04 1.921E-13 1.170E-05 1.207E-09 4.430E-02 2.493E-03 4.680E-02 4.680E-02 
5.000E+04 1.229E-13 9.524E-06 9.660E-10 4.433E-02 2.496E-03 4.683E-02 4.683E-02 
6.000E+04 8.537E-14 8.051E-06 8.049E-10 4.434E-02 2.497E-03 4.684E-02 4.684E-02 
8.000E+04 4.802E-14 6.174E-06 6.037E-10 4.435E-02 2.498E-03 4.686E-02 4.686E-02 
1.000E+05 3.073E-14 5.022E-06 4.829E-10 4.437E-02 2.501E-03 4.687E-02 4.687E-02 
