1.000E-03 6.813E+00 6.838E-03 4.592E+03 0.000E+00 0.000E+00 4.599E+03 4.592E+03 
1.500E-03 6.403E+00 1.178E-02 1.780E+03 0.000E+00 0.000E+00 1.786E+03 1.780E+03 
2.000E-03 5.973E+00 1.650E-02 8.835E+02 0.000E+00 0.000E+00 8.895E+02 8.835E+02 
2.370E-03 5.657E+00 1.989E-02 5.788E+02 0.000E+00 0.000E+00 5.844E+02 5.788E+02 
2.417E-03 5.622E+00 2.030E-02 2.048E+03 0.000E+00 0.000E+00 2.054E+03 2.048E+03 
2.465E-03 5.587E+00 2.072E-02 1.930E+03 0.000E+00 0.000E+00 1.935E+03 1.930E+03 
2.579E-03 5.496E+00 2.173E-02 2.407E+03 0.000E+00 0.000E+00 2.413E+03 2.407E+03 
2.698E-03 5.398E+00 2.278E-02 2.156E+03 0.000E+00 0.000E+00 2.161E+03 2.156E+03 
3.000E-03 5.161E+00 2.539E-02 1.901E+03 0.000E+00 0.000E+00 1.906E+03 1.901E+03 
4.000E-03 4.464E+00 3.352E-02 9.120E+02 0.000E+00 0.000E+00 9.165E+02 9.120E+02 
5.000E-03 3.890E+00 4.096E-02 5.094E+02 0.000E+00 0.000E+00 5.133E+02 5.095E+02 
6.000E-03 3.424E+00 4.773E-02 3.137E+02 0.000E+00 0.000E+00 3.172E+02 3.138E+02 
8.000E-03 2.728E+00 5.917E-02 1.441E+02 0.000E+00 0.000E+00 1.469E+02 1.442E+02 
1.000E-02 2.226E+00 6.825E-02 7.811E+01 0.000E+00 0.000E+00 8.040E+01 7.818E+01 
1.500E-02 1.411E+00 8.491E-02 2.522E+01 0.000E+00 0.000E+00 2.672E+01 2.531E+01 
1.899E-02 1.033E+00 9.444E-02 1.296E+01 0.000E+00 0.000E+00 1.409E+01 1.306E+01 
2.000E-02 9.619E-01 9.645E-02 7.603E+01 0.000E+00 0.000E+00 7.709E+01 7.613E+01 
3.000E-02 5.436E-01 1.101E-01 2.600E+01 0.000E+00 0.000E+00 2.665E+01 2.611E+01 
4.000E-02 3.535E-01 1.171E-01 1.176E+01 0.000E+00 0.000E+00 1.224E+01 1.188E+01 
5.000E-02 2.468E-01 1.204E-01 6.276E+00 0.000E+00 0.000E+00 6.644E+00 6.397E+00 
6.000E-02 1.816E-01 1.217E-01 3.729E+00 0.000E+00 0.000E+00 4.032E+00 3.851E+00 
8.000E-02 1.107E-01 1.212E-01 1.620E+00 0.000E+00 0.000E+00 1.852E+00 1.742E+00 
1.000E-01 7.500E-02 1.189E-01 8.427E-01 0.000E+00 0.000E+00 1.037E+00 9.615E-01 
1.500E-01 3.623E-02 1.112E-01 2.549E-01 0.000E+00 0.000E+00 4.023E-01 3.661E-01 
2.000E-01 2.122E-02 1.038E-01 1.094E-01 0.000E+00 0.000E+00 2.344E-01 2.132E-01 
3.000E-01 9.807E-03 9.191E-02 3.402E-02 0.000E+00 0.000E+00 1.357E-01 1.259E-01 
4.000E-01 5.623E-03 8.297E-02 1.539E-02 0.000E+00 0.000E+00 1.040E-01 9.836E-02 
5.000E-01 3.638E-03 7.610E-02 8.582E-03 0.000E+00 0.000E+00 8.832E-02 8.468E-02 
6.000E-01 2.544E-03 7.059E-02 5.452E-03 0.000E+00 0.000E+00 7.858E-02 7.604E-02 
8.000E-01 1.442E-03 6.218E-02 2.802E-03 0.000E+00 0.000E+00 6.642E-02 6.498E-02 
1.000E+00 9.256E-04 5.598E-02 1.746E-03 0.000E+00 0.000E+00 5.866E-02 5.773E-02 
1.022E+00 8.867E-04 5.539E-02 1.661E-03 0.000E+00 0.000E+00 5.794E-02 5.706E-02 
1.250E+00 5.941E-04 5.011E-02 1.121E-03 1.300E-04 0.000E+00 5.195E-02 5.136E-02 
1.500E+00 4.131E-04 4.557E-02 8.051E-04 6.206E-04 0.000E+00 4.741E-02 4.699E-02 
2.000E+00 2.327E-04 3.891E-02 4.921E-04 2.212E-03 0.000E+00 4.185E-02 4.161E-02 
2.044E+00 2.228E-04 3.843E-02 4.749E-04 2.369E-03 0.000E+00 4.150E-02 4.128E-02 
3.000E+00 1.035E-04 3.063E-02 2.632E-04 5.854E-03 1.071E-05 3.686E-02 3.676E-02 
4.000E+00 5.825E-05 2.555E-02 1.755E-04 9.153E-03 4.373E-05 3.498E-02 3.492E-02 
5.000E+00 3.729E-05 2.207E-02 1.304E-04 1.204E-02 8.705E-05 3.436E-02 3.433E-02 
6.000E+00 2.590E-05 1.951E-02 1.033E-04 1.455E-02 1.336E-04 3.432E-02 3.429E-02 
7.000E+00 1.902E-05 1.753E-02 8.524E-05 1.679E-02 1.800E-04 3.461E-02 3.459E-02 
8.000E+00 1.457E-05 1.596E-02 7.253E-05 1.881E-02 2.249E-04 3.508E-02 3.507E-02 
9.000E+00 1.151E-05 1.467E-02 6.301E-05 2.064E-02 2.679E-04 3.565E-02 3.564E-02 
1.000E+01 9.321E-06 1.359E-02 5.569E-05 2.232E-02 3.087E-04 3.628E-02 3.627E-02 
1.100E+01 7.707E-06 1.268E-02 4.987E-05 2.385E-02 3.474E-04 3.693E-02 3.692E-02 
1.200E+01 6.475E-06 1.189E-02 4.513E-05 2.526E-02 3.839E-04 3.759E-02 3.758E-02 
1.300E+01 5.517E-06 1.120E-02 4.121E-05 2.656E-02 4.183E-04 3.822E-02 3.822E-02 
1.400E+01 4.758E-06 1.060E-02 3.791E-05 2.775E-02 4.510E-04 3.884E-02 3.884E-02 
1.500E+01 4.145E-06 1.006E-02 3.510E-05 2.886E-02 4.820E-04 3.945E-02 3.944E-02 
1.600E+01 3.642E-06 9.580E-03 3.267E-05 2.991E-02 5.115E-04 4.004E-02 4.003E-02 
1.800E+01 2.878E-06 8.757E-03 2.869E-05 3.181E-02 5.661E-04 4.117E-02 4.117E-02 
2.000E+01 2.332E-06 8.076E-03 2.557E-05 3.352E-02 6.158E-04 4.224E-02 4.224E-02 
2.200E+01 1.926E-06 7.500E-03 2.306E-05 3.507E-02 6.612E-04 4.326E-02 4.326E-02 
2.400E+01 1.619E-06 7.007E-03 2.100E-05 3.649E-02 7.033E-04 4.422E-02 4.422E-02 
2.600E+01 1.379E-06 6.579E-03 1.927E-05 3.777E-02 7.415E-04 4.511E-02 4.511E-02 
2.800E+01 1.189E-06 6.209E-03 1.781E-05 3.895E-02 7.778E-04 4.596E-02 4.595E-02 
3.000E+01 1.036E-06 5.879E-03 1.655E-05 4.004E-02 8.109E-04 4.675E-02 4.675E-02 
4.000E+01 5.828E-07 4.672E-03 1.222E-05 4.445E-02 9.496E-04 5.008E-02 5.008E-02 
5.000E+01 3.730E-07 3.900E-03 9.691E-06 4.771E-02 1.055E-03 5.268E-02 5.268E-02 
6.000E+01 2.590E-07 3.360E-03 8.031E-06 5.026E-02 1.138E-03 5.477E-02 5.477E-02 
8.000E+01 1.457E-07 2.650E-03 5.975E-06 5.403E-02 1.264E-03 5.795E-02 5.795E-02 
1.000E+02 9.328E-08 2.199E-03 4.758E-06 5.670E-02 1.356E-03 6.026E-02 6.026E-02 
1.500E+02 4.144E-08 1.567E-03 3.152E-06 6.096E-02 1.509E-03 6.404E-02 6.404E-02 
2.000E+02 2.331E-08 1.228E-03 2.357E-06 6.350E-02 1.606E-03 6.634E-02 6.634E-02 
3.000E+02 1.036E-08 8.705E-04 1.566E-06 6.644E-02 1.724E-03 6.904E-02 6.904E-02 
4.000E+02 5.828E-09 6.819E-04 1.173E-06 6.819E-02 1.795E-03 7.067E-02 7.067E-02 
5.000E+02 3.730E-09 5.643E-04 9.373E-07 6.929E-02 1.844E-03 7.170E-02 7.170E-02 
6.000E+02 2.590E-09 4.832E-04 7.804E-07 7.013E-02 1.880E-03 7.250E-02 7.250E-02 
8.000E+02 1.457E-09 3.774E-04 5.851E-07 7.117E-02 1.930E-03 7.348E-02 7.348E-02 
1.000E+03 9.321E-10 3.105E-04 4.679E-07 7.188E-02 1.963E-03 7.416E-02 7.416E-02 
1.500E+03 4.144E-10 2.168E-04 3.117E-07 7.286E-02 2.013E-03 7.509E-02 7.509E-02 
2.000E+03 2.331E-10 1.678E-04 2.337E-07 7.344E-02 2.041E-03 7.565E-02 7.565E-02 
3.000E+03 1.036E-10 1.167E-04 1.558E-07 7.402E-02 2.072E-03 7.621E-02 7.621E-02 
4.000E+03 5.828E-11 9.010E-05 1.168E-07 7.435E-02 2.090E-03 7.653E-02 7.653E-02 
5.000E+03 3.730E-11 7.363E-05 9.340E-08 7.454E-02 2.101E-03 7.672E-02 7.672E-02 
6.000E+03 2.590E-11 6.245E-05 7.785E-08 7.467E-02 2.109E-03 7.684E-02 7.684E-02 
8.000E+03 1.457E-11 4.811E-05 5.838E-08 7.487E-02 2.120E-03 7.703E-02 7.703E-02 
1.000E+04 9.321E-12 3.928E-05 4.670E-08 7.500E-02 2.126E-03 7.716E-02 7.716E-02 
1.500E+04 4.144E-12 2.715E-05 3.113E-08 7.513E-02 2.135E-03 7.729E-02 7.729E-02 
2.000E+04 2.331E-12 2.087E-05 2.335E-08 7.526E-02 2.140E-03 7.742E-02 7.742E-02 
3.000E+04 1.036E-12 1.439E-05 1.556E-08 7.532E-02 2.146E-03 7.748E-02 7.748E-02 
4.000E+04 5.828E-13 1.105E-05 1.167E-08 7.538E-02 2.149E-03 7.754E-02 7.754E-02 
5.000E+04 3.730E-13 8.997E-06 9.340E-09 7.538E-02 2.151E-03 7.754E-02 7.754E-02 
6.000E+04 2.590E-13 7.603E-06 7.785E-09 7.538E-02 2.151E-03 7.754E-02 7.754E-02 
8.000E+04 1.457E-13 5.832E-06 5.837E-09 7.545E-02 2.153E-03 7.761E-02 7.761E-02 
1.000E+05 9.321E-14 4.745E-06 4.670E-09 7.545E-02 2.154E-03 7.761E-02 7.761E-02 
