1.000E-03 1.103E+01 4.743E-03 3.176E+03 0.000E+00 0.000E+00 3.187E+03 3.176E+03 
1.500E-03 1.056E+01 7.954E-03 1.414E+03 0.000E+00 0.000E+00 1.424E+03 1.414E+03 
1.588E-03 1.047E+01 8.515E-03 1.254E+03 0.000E+00 0.000E+00 1.264E+03 1.254E+03 
1.614E-03 1.045E+01 8.673E-03 2.304E+03 0.000E+00 0.000E+00 2.314E+03 2.304E+03 
1.639E-03 1.042E+01 8.832E-03 3.395E+03 0.000E+00 0.000E+00 3.406E+03 3.395E+03 
2.000E-03 1.006E+01 1.104E-02 3.442E+03 0.000E+00 0.000E+00 3.452E+03 3.442E+03 
2.024E-03 1.004E+01 1.119E-02 3.342E+03 0.000E+00 0.000E+00 3.352E+03 3.342E+03 
2.140E-03 9.909E+00 1.191E-02 3.388E+03 0.000E+00 0.000E+00 3.398E+03 3.388E+03 
2.263E-03 9.789E+00 1.267E-02 2.960E+03 0.000E+00 0.000E+00 2.969E+03 2.960E+03 
2.375E-03 9.687E+00 1.335E-02 2.816E+03 0.000E+00 0.000E+00 2.825E+03 2.816E+03 
2.491E-03 9.579E+00 1.407E-02 2.522E+03 0.000E+00 0.000E+00 2.531E+03 2.522E+03 
3.000E-03 9.059E+00 1.714E-02 1.701E+03 0.000E+00 0.000E+00 1.710E+03 1.701E+03 
4.000E-03 8.099E+00 2.291E-02 8.477E+02 0.000E+00 0.000E+00 8.559E+02 8.478E+02 
5.000E-03 7.218E+00 2.829E-02 4.863E+02 0.000E+00 0.000E+00 4.936E+02 4.864E+02 
6.000E-03 6.440E+00 3.323E-02 3.064E+02 0.000E+00 0.000E+00 3.129E+02 3.064E+02 
8.000E-03 5.177E+00 4.182E-02 1.461E+02 0.000E+00 0.000E+00 1.514E+02 1.462E+02 
9.244E-03 4.557E+00 4.647E-02 1.003E+02 0.000E+00 0.000E+00 1.049E+02 1.003E+02 
1.000E-02 4.230E+00 4.908E-02 2.168E+02 0.000E+00 0.000E+00 2.211E+02 2.169E+02 
1.035E-02 4.089E+00 5.025E-02 1.978E+02 0.000E+00 0.000E+00 2.019E+02 1.978E+02 
1.061E-02 3.990E+00 5.109E-02 2.558E+02 0.000E+00 0.000E+00 2.599E+02 2.559E+02 
1.087E-02 3.893E+00 5.194E-02 2.410E+02 0.000E+00 0.000E+00 2.449E+02 2.411E+02 
1.500E-02 2.728E+00 6.350E-02 1.219E+02 0.000E+00 0.000E+00 1.247E+02 1.219E+02 
2.000E-02 1.928E+00 7.431E-02 5.683E+01 0.000E+00 0.000E+00 5.883E+01 5.690E+01 
3.000E-02 1.139E+00 8.842E-02 1.901E+01 0.000E+00 0.000E+00 2.023E+01 1.909E+01 
4.000E-02 7.479E-01 9.613E-02 8.629E+00 0.000E+00 0.000E+00 9.473E+00 8.725E+00 
5.000E-02 5.287E-01 1.004E-01 4.650E+00 0.000E+00 0.000E+00 5.279E+00 4.750E+00 
6.000E-02 3.962E-01 1.027E-01 2.798E+00 0.000E+00 0.000E+00 3.296E+00 2.900E+00 
6.331E-02 3.635E-01 1.031E-01 2.407E+00 0.000E+00 0.000E+00 2.874E+00 2.510E+00 
8.000E-02 2.487E-01 1.041E-01 6.808E+00 0.000E+00 0.000E+00 7.161E+00 6.912E+00 
1.000E-01 1.704E-01 1.034E-01 3.759E+00 0.000E+00 0.000E+00 4.032E+00 3.862E+00 
1.500E-01 8.319E-02 9.854E-02 1.252E+00 0.000E+00 0.000E+00 1.434E+00 1.350E+00 
2.000E-01 4.956E-02 9.283E-02 5.707E-01 0.000E+00 0.000E+00 7.131E-01 6.635E-01 
3.000E-01 2.348E-02 8.295E-02 1.916E-01 0.000E+00 0.000E+00 2.981E-01 2.746E-01 
4.000E-01 1.363E-02 7.531E-02 9.093E-02 0.000E+00 0.000E+00 1.799E-01 1.662E-01 
5.000E-01 8.887E-03 6.928E-02 5.228E-02 0.000E+00 0.000E+00 1.305E-01 1.216E-01 
6.000E-01 6.250E-03 6.443E-02 3.393E-02 0.000E+00 0.000E+00 1.046E-01 9.836E-02 
8.000E-01 3.569E-03 5.689E-02 1.783E-02 0.000E+00 0.000E+00 7.829E-02 7.472E-02 
1.000E+00 2.304E-03 5.128E-02 1.119E-02 0.000E+00 0.000E+00 6.478E-02 6.247E-02 
1.022E+00 2.208E-03 5.077E-02 1.071E-02 0.000E+00 0.000E+00 6.368E-02 6.148E-02 
1.250E+00 1.484E-03 4.595E-02 7.221E-03 3.030E-04 0.000E+00 5.496E-02 5.347E-02 
1.500E+00 1.035E-03 4.182E-02 5.149E-03 1.410E-03 0.000E+00 4.941E-02 4.838E-02 
2.000E+00 5.844E-04 3.573E-02 3.120E-03 4.419E-03 0.000E+00 4.385E-02 4.327E-02 
2.044E+00 5.596E-04 3.528E-02 3.009E-03 4.695E-03 0.000E+00 4.354E-02 4.298E-02 
3.000E+00 2.606E-04 2.814E-02 1.639E-03 1.023E-02 9.837E-06 4.028E-02 4.002E-02 
4.000E+00 1.468E-04 2.349E-02 1.077E-03 1.510E-02 4.010E-05 3.985E-02 3.970E-02 
5.000E+00 9.396E-05 2.029E-02 7.916E-04 1.920E-02 7.978E-05 4.045E-02 4.036E-02 
6.000E+00 6.529E-05 1.794E-02 6.219E-04 2.273E-02 1.223E-04 4.147E-02 4.141E-02 
7.000E+00 4.798E-05 1.612E-02 5.104E-04 2.584E-02 1.646E-04 4.268E-02 4.263E-02 
8.000E+00 3.672E-05 1.467E-02 4.316E-04 2.864E-02 2.055E-04 4.398E-02 4.395E-02 
9.000E+00 2.903E-05 1.349E-02 3.734E-04 3.118E-02 2.446E-04 4.532E-02 4.529E-02 
1.000E+01 2.351E-05 1.250E-02 3.289E-04 3.351E-02 2.817E-04 4.665E-02 4.662E-02 
1.100E+01 1.943E-05 1.166E-02 2.937E-04 3.566E-02 3.168E-04 4.795E-02 4.793E-02 
1.200E+01 1.633E-05 1.093E-02 2.651E-04 3.769E-02 3.497E-04 4.925E-02 4.923E-02 
1.300E+01 1.392E-05 1.030E-02 2.415E-04 3.955E-02 3.807E-04 5.048E-02 5.047E-02 
1.400E+01 1.200E-05 9.744E-03 2.218E-04 4.130E-02 4.103E-04 5.169E-02 5.168E-02 
1.500E+01 1.045E-05 9.252E-03 2.049E-04 4.292E-02 4.382E-04 5.283E-02 5.281E-02 
1.600E+01 9.186E-06 8.811E-03 1.904E-04 4.443E-02 4.647E-04 5.391E-02 5.390E-02 
1.800E+01 7.259E-06 8.051E-03 1.668E-04 4.719E-02 5.135E-04 5.593E-02 5.592E-02 
2.000E+01 5.879E-06 7.424E-03 1.483E-04 4.960E-02 5.579E-04 5.773E-02 5.773E-02 
2.200E+01 4.860E-06 6.898E-03 1.335E-04 5.180E-02 5.985E-04 5.943E-02 5.943E-02 
2.400E+01 4.082E-06 6.443E-03 1.214E-04 5.383E-02 6.357E-04 6.104E-02 6.103E-02 
2.600E+01 3.480E-06 6.051E-03 1.113E-04 5.566E-02 6.701E-04 6.249E-02 6.249E-02 
2.800E+01 3.000E-06 5.710E-03 1.027E-04 5.734E-02 7.018E-04 6.386E-02 6.386E-02 
3.000E+01 2.613E-06 5.407E-03 9.537E-05 5.889E-02 7.311E-04 6.513E-02 6.512E-02 
4.000E+01 1.470E-06 4.295E-03 7.021E-05 6.522E-02 8.526E-04 7.044E-02 7.044E-02 
5.000E+01 9.407E-07 3.586E-03 5.552E-05 6.994E-02 9.438E-04 7.453E-02 7.452E-02 
6.000E+01 6.533E-07 3.090E-03 4.591E-05 7.359E-02 1.016E-03 7.774E-02 7.774E-02 
8.000E+01 3.676E-07 2.437E-03 3.411E-05 7.899E-02 1.123E-03 8.259E-02 8.258E-02 
1.000E+02 2.352E-07 2.022E-03 2.713E-05 8.278E-02 1.201E-03 8.603E-02 8.603E-02 
1.500E+02 1.045E-07 1.440E-03 1.795E-05 8.877E-02 1.328E-03 9.155E-02 9.155E-02 
2.000E+02 5.879E-08 1.129E-03 1.341E-05 9.231E-02 1.407E-03 9.486E-02 9.486E-02 
3.000E+02 2.613E-08 8.006E-04 8.904E-06 9.644E-02 1.502E-03 9.875E-02 9.875E-02 
4.000E+02 1.470E-08 6.268E-04 6.663E-06 9.882E-02 1.559E-03 1.010E-01 1.010E-01 
5.000E+02 9.407E-09 5.190E-04 5.325E-06 1.004E-01 1.598E-03 1.025E-01 1.025E-01 
6.000E+02 6.533E-09 4.443E-04 4.433E-06 1.015E-01 1.627E-03 1.035E-01 1.035E-01 
8.000E+02 3.676E-09 3.469E-04 3.323E-06 1.029E-01 1.666E-03 1.050E-01 1.050E-01 
1.000E+03 2.352E-09 2.855E-04 2.656E-06 1.039E-01 1.691E-03 1.059E-01 1.059E-01 
1.500E+03 1.045E-09 1.994E-04 1.770E-06 1.053E-01 1.730E-03 1.072E-01 1.072E-01 
2.000E+03 5.879E-10 1.543E-04 1.327E-06 1.060E-01 1.752E-03 1.079E-01 1.079E-01 
3.000E+03 2.613E-10 1.073E-04 8.842E-07 1.068E-01 1.776E-03 1.087E-01 1.087E-01 
4.000E+03 1.470E-10 8.281E-05 6.629E-07 1.072E-01 1.790E-03 1.091E-01 1.091E-01 
5.000E+03 9.407E-11 6.770E-05 5.304E-07 1.075E-01 1.798E-03 1.094E-01 1.094E-01 
6.000E+03 6.533E-11 5.741E-05 4.419E-07 1.077E-01 1.804E-03 1.096E-01 1.096E-01 
8.000E+03 3.676E-11 4.423E-05 3.314E-07 1.080E-01 1.812E-03 1.098E-01 1.098E-01 
1.000E+04 2.352E-11 3.611E-05 2.651E-07 1.081E-01 1.817E-03 1.100E-01 1.100E-01 
1.500E+04 1.045E-11 2.496E-05 1.767E-07 1.084E-01 1.824E-03 1.102E-01 1.102E-01 
2.000E+04 5.879E-12 1.919E-05 1.325E-07 1.085E-01 1.828E-03 1.103E-01 1.103E-01 
3.000E+04 2.613E-12 1.323E-05 8.835E-08 1.086E-01 1.832E-03 1.104E-01 1.104E-01 
4.000E+04 1.470E-12 1.016E-05 6.626E-08 1.086E-01 1.835E-03 1.105E-01 1.105E-01 
5.000E+04 9.407E-13 8.274E-06 5.300E-08 1.087E-01 1.836E-03 1.105E-01 1.105E-01 
6.000E+04 6.533E-13 6.994E-06 4.416E-08 1.087E-01 1.837E-03 1.105E-01 1.105E-01 
8.000E+04 3.676E-13 5.362E-06 3.313E-08 1.088E-01 1.838E-03 1.106E-01 1.106E-01 
1.000E+05 2.352E-13 4.364E-06 2.650E-08 1.088E-01 1.839E-03 1.106E-01 1.106E-01 
