1.000E-03 8.736E+00 6.885E-03 9.078E+03 0.000E+00 0.000E+00 9.087E+03 9.078E+03 
1.060E-03 8.672E+00 7.413E-03 7.967E+03 0.000E+00 0.000E+00 7.975E+03 7.967E+03 
1.123E-03 8.606E+00 7.973E-03 6.993E+03 0.000E+00 0.000E+00 7.002E+03 6.993E+03 
1.163E-03 8.563E+00 8.320E-03 7.439E+03 0.000E+00 0.000E+00 7.447E+03 7.439E+03 
1.204E-03 8.519E+00 8.671E-03 6.902E+03 0.000E+00 0.000E+00 6.911E+03 6.902E+03 
1.280E-03 8.440E+00 9.295E-03 6.424E+03 0.000E+00 0.000E+00 6.432E+03 6.424E+03 
1.361E-03 8.354E+00 9.950E-03 5.645E+03 0.000E+00 0.000E+00 5.653E+03 5.645E+03 
1.500E-03 8.203E+00 1.110E-02 4.765E+03 0.000E+00 0.000E+00 4.773E+03 4.765E+03 
2.000E-03 7.674E+00 1.512E-02 2.456E+03 0.000E+00 0.000E+00 2.464E+03 2.456E+03 
3.000E-03 6.690E+00 2.278E-02 9.200E+02 0.000E+00 0.000E+00 9.267E+02 9.200E+02 
4.000E-03 5.844E+00 2.983E-02 4.470E+02 0.000E+00 0.000E+00 4.529E+02 4.470E+02 
5.000E-03 5.133E+00 3.615E-02 2.527E+02 0.000E+00 0.000E+00 2.578E+02 2.527E+02 
5.483E-03 4.838E+00 3.890E-02 1.990E+02 0.000E+00 0.000E+00 2.039E+02 1.991E+02 
5.683E-03 4.725E+00 3.998E-02 5.238E+02 0.000E+00 0.000E+00 5.286E+02 5.238E+02 
5.891E-03 4.609E+00 4.108E-02 4.799E+02 0.000E+00 0.000E+00 4.846E+02 4.800E+02 
6.000E-03 4.548E+00 4.165E-02 6.273E+02 0.000E+00 0.000E+00 6.319E+02 6.274E+02 
6.266E-03 4.409E+00 4.301E-02 5.610E+02 0.000E+00 0.000E+00 5.655E+02 5.610E+02 
8.000E-03 3.638E+00 5.081E-02 3.492E+02 0.000E+00 0.000E+00 3.529E+02 3.492E+02 
1.000E-02 2.970E+00 5.853E-02 1.937E+02 0.000E+00 0.000E+00 1.967E+02 1.938E+02 
1.500E-02 1.953E+00 7.370E-02 6.529E+01 0.000E+00 0.000E+00 6.732E+01 6.537E+01 
2.000E-02 1.404E+00 8.411E-02 2.970E+01 0.000E+00 0.000E+00 3.119E+01 2.978E+01 
3.000E-02 8.116E-01 9.633E-02 9.616E+00 0.000E+00 0.000E+00 1.052E+01 9.712E+00 
3.892E-02 5.502E-01 1.023E-01 4.617E+00 0.000E+00 0.000E+00 5.270E+00 4.719E+00 
4.000E-02 5.281E-01 1.028E-01 2.515E+01 0.000E+00 0.000E+00 2.578E+01 2.526E+01 
5.000E-02 3.757E-01 1.063E-01 1.399E+01 0.000E+00 0.000E+00 1.447E+01 1.410E+01 
6.000E-02 2.817E-01 1.080E-01 8.571E+00 0.000E+00 0.000E+00 8.961E+00 8.679E+00 
8.000E-02 1.744E-01 1.087E-01 3.894E+00 0.000E+00 0.000E+00 4.177E+00 4.002E+00 
1.000E-01 1.183E-01 1.073E-01 2.090E+00 0.000E+00 0.000E+00 2.315E+00 2.197E+00 
1.500E-01 5.762E-02 1.013E-01 6.651E-01 0.000E+00 0.000E+00 8.240E-01 7.664E-01 
2.000E-01 3.416E-02 9.503E-02 2.947E-01 0.000E+00 0.000E+00 4.239E-01 3.898E-01 
3.000E-01 1.600E-02 8.458E-02 9.551E-02 0.000E+00 0.000E+00 1.961E-01 1.801E-01 
4.000E-01 9.226E-03 7.661E-02 4.431E-02 0.000E+00 0.000E+00 1.301E-01 1.209E-01 
5.000E-01 5.996E-03 7.041E-02 2.510E-02 0.000E+00 0.000E+00 1.015E-01 9.550E-02 
6.000E-01 4.203E-03 6.538E-02 1.612E-02 0.000E+00 0.000E+00 8.570E-02 8.150E-02 
8.000E-01 2.392E-03 5.766E-02 8.376E-03 0.000E+00 0.000E+00 6.843E-02 6.604E-02 
1.000E+00 1.540E-03 5.198E-02 5.237E-03 0.000E+00 0.000E+00 5.876E-02 5.722E-02 
1.022E+00 1.475E-03 5.142E-02 5.007E-03 0.000E+00 0.000E+00 5.790E-02 5.643E-02 
1.250E+00 9.902E-04 4.652E-02 3.378E-03 2.094E-04 0.000E+00 5.110E-02 5.011E-02 
1.500E+00 6.893E-04 4.233E-02 2.416E-03 9.677E-04 0.000E+00 4.640E-02 4.571E-02 
2.000E+00 3.887E-04 3.616E-02 1.468E-03 3.204E-03 0.000E+00 4.122E-02 4.083E-02 
2.044E+00 3.722E-04 3.572E-02 1.416E-03 3.419E-03 0.000E+00 4.092E-02 4.055E-02 
3.000E+00 1.731E-04 2.847E-02 7.769E-04 7.938E-03 9.954E-06 3.737E-02 3.720E-02 
4.000E+00 9.742E-05 2.375E-02 5.133E-04 1.206E-02 4.060E-05 3.646E-02 3.636E-02 
5.000E+00 6.239E-05 2.052E-02 3.791E-04 1.560E-02 8.081E-05 3.665E-02 3.658E-02 
6.000E+00 4.332E-05 1.814E-02 2.988E-04 1.866E-02 1.239E-04 3.726E-02 3.722E-02 
7.000E+00 3.183E-05 1.631E-02 2.459E-04 2.136E-02 1.669E-04 3.811E-02 3.808E-02 
8.000E+00 2.437E-05 1.484E-02 2.084E-04 2.379E-02 2.084E-04 3.907E-02 3.905E-02 
9.000E+00 1.926E-05 1.364E-02 1.807E-04 2.600E-02 2.482E-04 4.009E-02 4.007E-02 
1.000E+01 1.560E-05 1.264E-02 1.594E-04 2.803E-02 2.859E-04 4.113E-02 4.111E-02 
1.100E+01 1.289E-05 1.179E-02 1.425E-04 2.990E-02 3.216E-04 4.216E-02 4.215E-02 
1.200E+01 1.083E-05 1.106E-02 1.288E-04 3.163E-02 3.552E-04 4.318E-02 4.317E-02 
1.300E+01 9.230E-06 1.041E-02 1.174E-04 3.325E-02 3.868E-04 4.418E-02 4.417E-02 
1.400E+01 7.960E-06 9.854E-03 1.079E-04 3.474E-02 4.169E-04 4.513E-02 4.512E-02 
1.500E+01 6.932E-06 9.356E-03 9.980E-05 3.612E-02 4.452E-04 4.603E-02 4.602E-02 
1.600E+01 6.096E-06 8.909E-03 9.282E-05 3.740E-02 4.726E-04 4.688E-02 4.688E-02 
1.800E+01 4.817E-06 8.142E-03 8.138E-05 3.973E-02 5.224E-04 4.848E-02 4.847E-02 
2.000E+01 3.901E-06 7.509E-03 7.244E-05 4.181E-02 5.679E-04 4.996E-02 4.996E-02 
2.200E+01 3.224E-06 6.976E-03 6.525E-05 4.370E-02 6.096E-04 5.135E-02 5.135E-02 
2.400E+01 2.709E-06 6.516E-03 5.940E-05 4.544E-02 6.477E-04 5.266E-02 5.266E-02 
2.600E+01 2.308E-06 6.122E-03 5.445E-05 4.700E-02 6.828E-04 5.386E-02 5.385E-02 
2.800E+01 1.990E-06 5.775E-03 5.029E-05 4.843E-02 7.153E-04 5.497E-02 5.497E-02 
3.000E+01 1.734E-06 5.467E-03 4.669E-05 4.973E-02 7.457E-04 5.599E-02 5.599E-02 
4.000E+01 9.750E-07 4.344E-03 3.444E-05 5.510E-02 8.714E-04 6.035E-02 6.035E-02 
5.000E+01 6.239E-07 3.626E-03 2.727E-05 5.909E-02 9.664E-04 6.371E-02 6.371E-02 
6.000E+01 4.334E-07 3.125E-03 2.256E-05 6.221E-02 1.042E-03 6.640E-02 6.640E-02 
8.000E+01 2.438E-07 2.464E-03 1.677E-05 6.681E-02 1.155E-03 7.045E-02 7.044E-02 
1.000E+02 1.560E-07 2.045E-03 1.335E-05 7.006E-02 1.237E-03 7.336E-02 7.336E-02 
1.500E+02 6.932E-08 1.457E-03 8.836E-06 7.522E-02 1.374E-03 7.806E-02 7.806E-02 
2.000E+02 3.901E-08 1.142E-03 6.603E-06 7.834E-02 1.460E-03 8.095E-02 8.095E-02 
3.000E+02 1.734E-08 8.094E-04 4.387E-06 8.194E-02 1.565E-03 8.432E-02 8.432E-02 
4.000E+02 9.750E-09 6.338E-04 3.284E-06 8.402E-02 1.628E-03 8.629E-02 8.629E-02 
5.000E+02 6.239E-09 5.246E-04 2.625E-06 8.541E-02 1.672E-03 8.761E-02 8.761E-02 
6.000E+02 4.334E-09 4.491E-04 2.185E-06 8.636E-02 1.704E-03 8.852E-02 8.852E-02 
8.000E+02 2.438E-09 3.509E-04 1.637E-06 8.766E-02 1.748E-03 8.976E-02 8.976E-02 
1.000E+03 1.560E-09 2.887E-04 1.309E-06 8.853E-02 1.778E-03 9.060E-02 9.060E-02 
1.500E+03 6.932E-10 2.016E-04 8.723E-07 8.974E-02 1.822E-03 9.177E-02 9.177E-02 
2.000E+03 3.901E-10 1.560E-04 6.542E-07 9.039E-02 1.847E-03 9.240E-02 9.240E-02 
3.000E+03 1.734E-10 1.085E-04 4.357E-07 9.113E-02 1.876E-03 9.311E-02 9.311E-02 
4.000E+03 9.750E-11 8.376E-05 3.268E-07 9.152E-02 1.892E-03 9.350E-02 9.350E-02 
5.000E+03 6.239E-11 6.846E-05 2.614E-07 9.178E-02 1.902E-03 9.375E-02 9.375E-02 
6.000E+03 4.334E-11 5.805E-05 2.179E-07 9.195E-02 1.909E-03 9.392E-02 9.392E-02 
8.000E+03 2.438E-11 4.474E-05 1.634E-07 9.217E-02 1.919E-03 9.413E-02 9.413E-02 
1.000E+04 1.560E-11 3.653E-05 1.307E-07 9.230E-02 1.925E-03 9.426E-02 9.426E-02 
1.500E+04 6.932E-12 2.524E-05 8.710E-08 9.252E-02 1.933E-03 9.448E-02 9.448E-02 
2.000E+04 3.901E-12 1.941E-05 6.533E-08 9.260E-02 1.938E-03 9.456E-02 9.456E-02 
3.000E+04 1.734E-12 1.338E-05 4.357E-08 9.273E-02 1.942E-03 9.469E-02 9.469E-02 
4.000E+04 9.750E-13 1.027E-05 3.267E-08 9.278E-02 1.945E-03 9.473E-02 9.473E-02 
5.000E+04 6.239E-13 8.367E-06 2.613E-08 9.282E-02 1.947E-03 9.478E-02 9.478E-02 
6.000E+04 4.334E-13 7.071E-06 2.178E-08 9.282E-02 1.948E-03 9.478E-02 9.478E-02 
8.000E+04 2.438E-13 5.424E-06 1.633E-08 9.286E-02 1.950E-03 9.482E-02 9.482E-02 
1.000E+05 1.560E-13 4.413E-06 1.307E-08 9.286E-02 1.951E-03 9.482E-02 9.482E-02 
