1.000E-03 8.000E+00 5.271E-03 8.147E+03 0.000E+00 0.000E+00 8.155E+03 8.147E+03 
1.500E-03 7.569E+00 9.684E-03 3.288E+03 0.000E+00 0.000E+00 3.296E+03 3.288E+03 
2.000E-03 7.102E+00 1.405E-02 1.658E+03 0.000E+00 0.000E+00 1.665E+03 1.658E+03 
3.000E-03 6.204E+00 2.202E-02 6.077E+02 0.000E+00 0.000E+00 6.140E+02 6.078E+02 
3.929E-03 5.464E+00 2.858E-02 3.060E+02 0.000E+00 0.000E+00 3.114E+02 3.060E+02 
4.000E-03 5.408E+00 2.906E-02 9.339E+02 0.000E+00 0.000E+00 9.394E+02 9.340E+02 
4.156E-03 5.296E+00 3.009E-02 8.416E+02 0.000E+00 0.000E+00 8.469E+02 8.416E+02 
4.308E-03 5.189E+00 3.108E-02 1.049E+03 0.000E+00 0.000E+00 1.055E+03 1.049E+03 
4.465E-03 5.078E+00 3.208E-02 9.659E+02 0.000E+00 0.000E+00 9.710E+02 9.659E+02 
5.000E-03 4.722E+00 3.540E-02 8.421E+02 0.000E+00 0.000E+00 8.469E+02 8.422E+02 
6.000E-03 4.142E+00 4.122E-02 5.251E+02 0.000E+00 0.000E+00 5.292E+02 5.251E+02 
8.000E-03 3.256E+00 5.164E-02 2.467E+02 0.000E+00 0.000E+00 2.501E+02 2.468E+02 
1.000E-02 2.647E+00 6.067E-02 1.357E+02 0.000E+00 0.000E+00 1.384E+02 1.358E+02 
1.500E-02 1.744E+00 7.731E-02 4.482E+01 0.000E+00 0.000E+00 4.664E+01 4.490E+01 
2.000E-02 1.227E+00 8.807E-02 2.014E+01 0.000E+00 0.000E+00 2.146E+01 2.023E+01 
2.920E-02 7.193E-01 1.001E-01 6.940E+00 0.000E+00 0.000E+00 7.759E+00 7.040E+00 
3.000E-02 6.914E-01 1.009E-01 4.042E+01 0.000E+00 0.000E+00 4.121E+01 4.052E+01 
4.000E-02 4.513E-01 1.077E-01 1.887E+01 0.000E+00 0.000E+00 1.943E+01 1.897E+01 
5.000E-02 3.199E-01 1.113E-01 1.027E+01 0.000E+00 0.000E+00 1.070E+01 1.038E+01 
6.000E-02 2.378E-01 1.129E-01 6.214E+00 0.000E+00 0.000E+00 6.565E+00 6.327E+00 
8.000E-02 1.456E-01 1.132E-01 2.770E+00 0.000E+00 0.000E+00 3.029E+00 2.883E+00 
1.000E-01 9.862E-02 1.115E-01 1.467E+00 0.000E+00 0.000E+00 1.677E+00 1.578E+00 
1.500E-01 4.790E-02 1.049E-01 4.564E-01 0.000E+00 0.000E+00 6.091E-01 5.612E-01 
2.000E-01 2.827E-02 9.821E-02 1.995E-01 0.000E+00 0.000E+00 3.260E-01 2.977E-01 
3.000E-01 1.315E-02 8.720E-02 6.351E-02 0.000E+00 0.000E+00 1.639E-01 1.507E-01 
4.000E-01 7.564E-03 7.888E-02 2.915E-02 0.000E+00 0.000E+00 1.156E-01 1.080E-01 
5.000E-01 4.906E-03 7.244E-02 1.639E-02 0.000E+00 0.000E+00 9.374E-02 8.883E-02 
6.000E-01 3.435E-03 6.722E-02 1.048E-02 0.000E+00 0.000E+00 8.113E-02 7.770E-02 
8.000E-01 1.951E-03 5.925E-02 5.418E-03 0.000E+00 0.000E+00 6.662E-02 6.467E-02 
1.000E+00 1.255E-03 5.337E-02 3.381E-03 0.000E+00 0.000E+00 5.800E-02 5.675E-02 
1.022E+00 1.202E-03 5.281E-02 3.217E-03 0.000E+00 0.000E+00 5.723E-02 5.603E-02 
1.250E+00 8.061E-04 4.779E-02 2.170E-03 1.721E-04 0.000E+00 5.094E-02 5.013E-02 
1.500E+00 5.606E-04 4.347E-02 1.554E-03 7.995E-04 0.000E+00 4.638E-02 4.582E-02 
2.000E+00 3.161E-04 3.712E-02 9.466E-04 2.734E-03 0.000E+00 4.112E-02 4.080E-02 
2.044E+00 3.027E-04 3.667E-02 9.136E-04 2.923E-03 0.000E+00 4.081E-02 4.050E-02 
3.000E+00 1.407E-04 2.923E-02 5.031E-04 6.985E-03 1.022E-05 3.686E-02 3.672E-02 
4.000E+00 7.919E-05 2.439E-02 3.337E-04 1.077E-02 4.170E-05 3.561E-02 3.553E-02 
5.000E+00 5.069E-05 2.106E-02 2.471E-04 1.404E-02 8.299E-05 3.548E-02 3.543E-02 
6.000E+00 3.521E-05 1.862E-02 1.951E-04 1.686E-02 1.273E-04 3.583E-02 3.580E-02 
7.000E+00 2.587E-05 1.674E-02 1.608E-04 1.937E-02 1.715E-04 3.647E-02 3.644E-02 
8.000E+00 1.980E-05 1.523E-02 1.365E-04 2.163E-02 2.143E-04 3.724E-02 3.722E-02 
9.000E+00 1.565E-05 1.400E-02 1.185E-04 2.369E-02 2.552E-04 3.808E-02 3.806E-02 
1.000E+01 1.268E-05 1.297E-02 1.046E-04 2.557E-02 2.940E-04 3.895E-02 3.894E-02 
1.100E+01 1.048E-05 1.210E-02 9.350E-05 2.730E-02 3.307E-04 3.984E-02 3.983E-02 
1.200E+01 8.802E-06 1.135E-02 8.457E-05 2.890E-02 3.654E-04 4.071E-02 4.070E-02 
1.300E+01 7.503E-06 1.069E-02 7.716E-05 3.039E-02 3.980E-04 4.156E-02 4.155E-02 
1.400E+01 6.468E-06 1.012E-02 7.092E-05 3.176E-02 4.290E-04 4.238E-02 4.237E-02 
1.500E+01 5.636E-06 9.603E-03 6.564E-05 3.302E-02 4.584E-04 4.315E-02 4.315E-02 
1.600E+01 4.952E-06 9.147E-03 6.108E-05 3.420E-02 4.863E-04 4.390E-02 4.389E-02 
1.800E+01 3.913E-06 8.360E-03 5.357E-05 3.635E-02 5.377E-04 4.530E-02 4.530E-02 
2.000E+01 3.169E-06 7.706E-03 4.772E-05 3.828E-02 5.849E-04 4.662E-02 4.661E-02 
2.200E+01 2.619E-06 7.158E-03 4.301E-05 4.002E-02 6.280E-04 4.785E-02 4.785E-02 
2.400E+01 2.201E-06 6.691E-03 3.914E-05 4.161E-02 6.676E-04 4.901E-02 4.901E-02 
2.600E+01 1.875E-06 6.280E-03 3.591E-05 4.306E-02 7.036E-04 5.008E-02 5.008E-02 
2.800E+01 1.617E-06 5.925E-03 3.317E-05 4.438E-02 7.376E-04 5.108E-02 5.108E-02 
3.000E+01 1.409E-06 5.611E-03 3.081E-05 4.561E-02 7.691E-04 5.202E-02 5.202E-02 
4.000E+01 7.924E-07 4.459E-03 2.274E-05 5.057E-02 8.989E-04 5.595E-02 5.595E-02 
5.000E+01 5.071E-07 3.722E-03 1.801E-05 5.423E-02 9.979E-04 5.897E-02 5.897E-02 
6.000E+01 3.522E-07 3.207E-03 1.491E-05 5.712E-02 1.076E-03 6.142E-02 6.142E-02 
8.000E+01 1.981E-07 2.529E-03 1.109E-05 6.133E-02 1.194E-03 6.507E-02 6.507E-02 
1.000E+02 1.268E-07 2.099E-03 8.827E-06 6.438E-02 1.279E-03 6.776E-02 6.776E-02 
1.500E+02 5.636E-08 1.495E-03 5.844E-06 6.914E-02 1.421E-03 7.207E-02 7.207E-02 
2.000E+02 3.169E-08 1.172E-03 4.370E-06 7.199E-02 1.510E-03 7.467E-02 7.467E-02 
3.000E+02 1.409E-08 8.310E-04 2.903E-06 7.533E-02 1.618E-03 7.779E-02 7.779E-02 
4.000E+02 7.924E-09 6.509E-04 2.174E-06 7.721E-02 1.683E-03 7.955E-02 7.955E-02 
5.000E+02 5.071E-09 5.388E-04 1.737E-06 7.848E-02 1.728E-03 8.075E-02 8.075E-02 
6.000E+02 3.521E-09 4.612E-04 1.447E-06 7.939E-02 1.760E-03 8.162E-02 8.162E-02 
8.000E+02 1.981E-09 3.602E-04 1.084E-06 8.061E-02 1.805E-03 8.278E-02 8.278E-02 
1.000E+03 1.268E-09 2.963E-04 8.670E-07 8.137E-02 1.835E-03 8.350E-02 8.350E-02 
1.500E+03 5.636E-10 2.069E-04 5.773E-07 8.249E-02 1.880E-03 8.457E-02 8.457E-02 
2.000E+03 3.169E-10 1.602E-04 4.330E-07 8.310E-02 1.905E-03 8.516E-02 8.516E-02 
3.000E+03 1.409E-10 1.114E-04 2.886E-07 8.375E-02 1.933E-03 8.580E-02 8.580E-02 
4.000E+03 7.924E-11 8.599E-05 2.164E-07 8.411E-02 1.949E-03 8.615E-02 8.615E-02 
5.000E+03 5.071E-11 7.026E-05 1.731E-07 8.431E-02 1.959E-03 8.634E-02 8.634E-02 
6.000E+03 3.521E-11 5.961E-05 1.442E-07 8.452E-02 1.966E-03 8.654E-02 8.654E-02 
8.000E+03 1.981E-11 4.592E-05 1.082E-07 8.472E-02 1.975E-03 8.674E-02 8.674E-02 
1.000E+04 1.268E-11 3.749E-05 8.655E-08 8.482E-02 1.981E-03 8.684E-02 8.684E-02 
1.500E+04 5.636E-12 2.591E-05 5.768E-08 8.502E-02 1.989E-03 8.704E-02 8.704E-02 
2.000E+04 3.169E-12 1.992E-05 4.326E-08 8.512E-02 1.994E-03 8.714E-02 8.714E-02 
3.000E+04 1.409E-12 1.374E-05 2.884E-08 8.523E-02 1.998E-03 8.724E-02 8.724E-02 
4.000E+04 7.924E-13 1.055E-05 2.163E-08 8.528E-02 2.001E-03 8.729E-02 8.729E-02 
5.000E+04 5.071E-13 8.589E-06 1.730E-08 8.528E-02 2.003E-03 8.729E-02 8.729E-02 
6.000E+04 3.521E-13 7.259E-06 1.442E-08 8.533E-02 2.004E-03 8.734E-02 8.734E-02 
8.000E+04 1.981E-13 5.565E-06 1.082E-08 8.533E-02 2.005E-03 8.734E-02 8.734E-02 
1.000E+05 1.268E-13 4.529E-06 8.649E-09 8.538E-02 2.006E-03 8.739E-02 8.739E-02 
