1.000E-03 1.296E+01 4.094E-03 6.070E+03 0.000E+00 0.000E+00 6.083E+03 6.070E+03 
1.074E-03 1.288E+01 4.501E-03 5.320E+03 0.000E+00 0.000E+00 5.333E+03 5.320E+03 
1.153E-03 1.279E+01 4.950E-03 4.663E+03 0.000E+00 0.000E+00 4.676E+03 4.663E+03 
1.500E-03 1.240E+01 6.950E-03 2.833E+03 0.000E+00 0.000E+00 2.845E+03 2.833E+03 
2.000E-03 1.179E+01 9.932E-03 1.550E+03 0.000E+00 0.000E+00 1.562E+03 1.550E+03 
3.000E-03 1.056E+01 1.580E-02 6.308E+02 0.000E+00 0.000E+00 6.414E+02 6.308E+02 
3.136E-03 1.040E+01 1.657E-02 1.439E+03 0.000E+00 0.000E+00 1.449E+03 1.439E+03 
3.389E-03 1.007E+01 1.816E-02 1.776E+03 0.000E+00 0.000E+00 1.786E+03 1.776E+03 
3.663E-03 9.802E+00 1.947E-02 1.406E+03 0.000E+00 0.000E+00 1.416E+03 1.406E+03 
4.000E-03 9.443E+00 2.122E-02 1.312E+03 0.000E+00 0.000E+00 1.322E+03 1.312E+03 
4.327E-03 9.113E+00 2.283E-02 1.077E+03 0.000E+00 0.000E+00 1.086E+03 1.077E+03 
4.487E-03 8.957E+00 2.360E-02 1.047E+03 0.000E+00 0.000E+00 1.056E+03 1.047E+03 
4.652E-03 8.797E+00 2.438E-02 9.578E+02 0.000E+00 0.000E+00 9.666E+02 9.578E+02 
5.000E-03 8.476E+00 2.598E-02 8.403E+02 0.000E+00 0.000E+00 8.488E+02 8.404E+02 
6.000E-03 7.639E+00 3.024E-02 5.374E+02 0.000E+00 0.000E+00 5.450E+02 5.374E+02 
8.000E-03 6.275E+00 3.794E-02 2.621E+02 0.000E+00 0.000E+00 2.685E+02 2.622E+02 
1.000E-02 5.230E+00 4.477E-02 1.486E+02 0.000E+00 0.000E+00 1.539E+02 1.487E+02 
1.500E-02 3.518E+00 5.814E-02 5.217E+01 0.000E+00 0.000E+00 5.575E+01 5.223E+01 
1.503E-02 3.510E+00 5.819E-02 5.187E+01 0.000E+00 0.000E+00 5.544E+01 5.193E+01 
1.641E-02 3.179E+00 6.087E-02 1.000E+02 0.000E+00 0.000E+00 1.032E+02 1.001E+02 
1.791E-02 2.868E+00 6.386E-02 7.890E+01 0.000E+00 0.000E+00 8.183E+01 7.897E+01 
1.827E-02 2.799E+00 6.451E-02 1.054E+02 0.000E+00 0.000E+00 1.083E+02 1.055E+02 
1.864E-02 2.733E+00 6.516E-02 1.003E+02 0.000E+00 0.000E+00 1.031E+02 1.004E+02 
2.000E-02 2.509E+00 6.745E-02 9.675E+01 0.000E+00 0.000E+00 9.933E+01 9.682E+01 
3.000E-02 1.476E+00 7.998E-02 3.394E+01 0.000E+00 0.000E+00 3.550E+01 3.402E+01 
4.000E-02 9.910E-01 8.768E-02 1.586E+01 0.000E+00 0.000E+00 1.693E+01 1.594E+01 
5.000E-02 7.096E-01 9.227E-02 8.722E+00 0.000E+00 0.000E+00 9.524E+00 8.814E+00 
6.000E-02 5.322E-01 9.489E-02 5.333E+00 0.000E+00 0.000E+00 5.960E+00 5.428E+00 
8.000E-02 3.343E-01 9.689E-02 2.440E+00 0.000E+00 0.000E+00 2.871E+00 2.537E+00 
1.000E-01 2.316E-01 9.672E-02 1.327E+00 0.000E+00 0.000E+00 1.655E+00 1.424E+00 
1.011E-01 2.272E-01 9.670E-02 1.286E+00 0.000E+00 0.000E+00 1.610E+00 1.383E+00 
1.500E-01 1.150E-01 9.294E-02 2.086E+00 0.000E+00 0.000E+00 2.294E+00 2.179E+00 
2.000E-01 6.869E-02 8.800E-02 9.845E-01 0.000E+00 0.000E+00 1.141E+00 1.073E+00 
3.000E-01 3.289E-02 7.898E-02 3.459E-01 0.000E+00 0.000E+00 4.578E-01 4.249E-01 
4.000E-01 1.929E-02 7.188E-02 1.689E-01 0.000E+00 0.000E+00 2.601E-01 2.408E-01 
5.000E-01 1.266E-02 6.626E-02 9.910E-02 0.000E+00 0.000E+00 1.780E-01 1.654E-01 
6.000E-01 8.938E-03 6.165E-02 6.518E-02 0.000E+00 0.000E+00 1.358E-01 1.268E-01 
8.000E-01 5.136E-03 5.452E-02 3.478E-02 0.000E+00 0.000E+00 9.443E-02 8.930E-02 
1.000E+00 3.327E-03 4.920E-02 2.198E-02 0.000E+00 0.000E+00 7.451E-02 7.118E-02 
1.022E+00 3.189E-03 4.869E-02 2.105E-02 0.000E+00 0.000E+00 7.292E-02 6.973E-02 
1.250E+00 2.151E-03 4.410E-02 1.421E-02 4.118E-04 0.000E+00 6.087E-02 5.872E-02 
1.500E+00 1.503E-03 4.015E-02 1.011E-02 1.996E-03 0.000E+00 5.376E-02 5.226E-02 
2.000E+00 8.514E-04 3.432E-02 6.111E-03 5.930E-03 0.000E+00 4.721E-02 4.636E-02 
2.044E+00 8.155E-04 3.389E-02 5.892E-03 6.267E-03 0.000E+00 4.686E-02 4.605E-02 
3.000E+00 3.807E-04 2.703E-02 3.189E-03 1.263E-02 9.446E-06 4.324E-02 4.286E-02 
4.000E+00 2.146E-04 2.257E-02 2.084E-03 1.792E-02 3.848E-05 4.283E-02 4.261E-02 
5.000E+00 1.375E-04 1.950E-02 1.526E-03 2.234E-02 7.653E-05 4.358E-02 4.344E-02 
6.000E+00 9.556E-05 1.724E-02 1.194E-03 2.614E-02 1.173E-04 4.479E-02 4.469E-02 
7.000E+00 7.023E-05 1.549E-02 9.772E-04 2.949E-02 1.578E-04 4.619E-02 4.612E-02 
8.000E+00 5.379E-05 1.410E-02 8.249E-04 3.251E-02 1.970E-04 4.769E-02 4.764E-02 
9.000E+00 4.250E-05 1.296E-02 7.126E-04 3.529E-02 2.343E-04 4.925E-02 4.920E-02 
1.000E+01 3.443E-05 1.201E-02 6.265E-04 3.783E-02 2.697E-04 5.077E-02 5.074E-02 
1.100E+01 2.846E-05 1.121E-02 5.587E-04 4.018E-02 3.032E-04 5.228E-02 5.225E-02 
1.200E+01 2.391E-05 1.051E-02 5.036E-04 4.237E-02 3.346E-04 5.374E-02 5.371E-02 
1.300E+01 2.038E-05 9.902E-03 4.585E-04 4.442E-02 3.643E-04 5.516E-02 5.514E-02 
1.400E+01 1.757E-05 9.367E-03 4.204E-04 4.634E-02 3.923E-04 5.653E-02 5.652E-02 
1.500E+01 1.531E-05 8.892E-03 3.883E-04 4.815E-02 4.188E-04 5.786E-02 5.784E-02 
1.600E+01 1.345E-05 8.468E-03 3.605E-04 4.982E-02 4.439E-04 5.911E-02 5.909E-02 
1.800E+01 1.063E-05 7.742E-03 3.154E-04 5.284E-02 4.904E-04 6.140E-02 6.139E-02 
2.000E+01 8.611E-06 7.140E-03 2.803E-04 5.554E-02 5.325E-04 6.351E-02 6.350E-02 
2.200E+01 7.118E-06 6.629E-03 2.521E-04 5.800E-02 5.708E-04 6.546E-02 6.545E-02 
2.400E+01 5.981E-06 6.194E-03 2.291E-04 6.024E-02 6.059E-04 6.728E-02 6.727E-02 
2.600E+01 5.095E-06 5.819E-03 2.098E-04 6.230E-02 6.383E-04 6.897E-02 6.896E-02 
2.800E+01 4.393E-06 5.487E-03 1.936E-04 6.416E-02 6.683E-04 7.051E-02 7.051E-02 
3.000E+01 3.826E-06 5.198E-03 1.796E-04 6.591E-02 6.959E-04 7.199E-02 7.199E-02 
4.000E+01 2.153E-06 4.129E-03 1.320E-04 7.296E-02 8.101E-04 7.803E-02 7.803E-02 
5.000E+01 1.378E-06 3.448E-03 1.043E-04 7.820E-02 8.957E-04 8.265E-02 8.265E-02 
6.000E+01 9.570E-07 2.970E-03 8.622E-05 8.228E-02 9.629E-04 8.630E-02 8.630E-02 
8.000E+01 5.382E-07 2.342E-03 6.400E-05 8.824E-02 1.063E-03 9.172E-02 9.171E-02 
1.000E+02 3.446E-07 1.944E-03 5.087E-05 9.243E-02 1.136E-03 9.556E-02 9.556E-02 
1.500E+02 1.531E-07 1.385E-03 3.362E-05 9.910E-02 1.254E-03 1.018E-01 1.018E-01 
2.000E+02 8.611E-08 1.086E-03 2.511E-05 1.030E-01 1.327E-03 1.055E-01 1.055E-01 
3.000E+02 3.826E-08 7.696E-04 1.667E-05 1.076E-01 1.416E-03 1.098E-01 1.098E-01 
4.000E+02 2.153E-08 6.027E-04 1.248E-05 1.103E-01 1.469E-03 1.123E-01 1.123E-01 
5.000E+02 1.378E-08 4.987E-04 9.967E-06 1.120E-01 1.505E-03 1.140E-01 1.140E-01 
6.000E+02 9.570E-09 4.272E-04 8.301E-06 1.132E-01 1.531E-03 1.152E-01 1.152E-01 
8.000E+02 5.382E-09 3.335E-04 6.219E-06 1.149E-01 1.567E-03 1.168E-01 1.168E-01 
1.000E+03 3.446E-09 2.743E-04 4.971E-06 1.159E-01 1.591E-03 1.178E-01 1.178E-01 
1.500E+03 1.531E-09 1.917E-04 3.311E-06 1.175E-01 1.626E-03 1.193E-01 1.193E-01 
2.000E+03 8.611E-10 1.484E-04 2.482E-06 1.183E-01 1.647E-03 1.201E-01 1.201E-01 
3.000E+03 3.826E-10 1.032E-04 1.654E-06 1.192E-01 1.668E-03 1.210E-01 1.210E-01 
4.000E+03 2.153E-10 7.960E-05 1.240E-06 1.197E-01 1.681E-03 1.214E-01 1.214E-01 
5.000E+03 1.378E-10 6.510E-05 9.921E-07 1.200E-01 1.689E-03 1.218E-01 1.218E-01 
6.000E+03 9.570E-11 5.519E-05 8.268E-07 1.202E-01 1.695E-03 1.220E-01 1.220E-01 
8.000E+03 5.382E-11 4.253E-05 6.200E-07 1.205E-01 1.702E-03 1.222E-01 1.222E-01 
1.000E+04 3.446E-11 3.473E-05 4.960E-07 1.207E-01 1.707E-03 1.224E-01 1.224E-01 
1.500E+04 1.531E-11 2.400E-05 3.305E-07 1.209E-01 1.713E-03 1.227E-01 1.227E-01 
2.000E+04 8.611E-12 1.845E-05 2.479E-07 1.211E-01 1.717E-03 1.228E-01 1.228E-01 
3.000E+04 3.826E-12 1.272E-05 1.653E-07 1.212E-01 1.720E-03 1.229E-01 1.229E-01 
4.000E+04 2.153E-12 9.767E-06 1.240E-07 1.212E-01 1.723E-03 1.230E-01 1.230E-01 
5.000E+04 1.378E-12 7.955E-06 9.915E-08 1.213E-01 1.724E-03 1.230E-01 1.230E-01 
6.000E+04 9.570E-13 6.724E-06 8.263E-08 1.213E-01 1.725E-03 1.231E-01 1.231E-01 
8.000E+04 5.382E-13 5.155E-06 6.197E-08 1.214E-01 1.726E-03 1.231E-01 1.231E-01 
1.000E+05 3.446E-13 4.194E-06 4.958E-08 1.214E-01 1.727E-03 1.231E-01 1.231E-01 
