1.000E-03 1.303E+01 4.788E-03 6.189E+03 0.000E+00 0.000E+00 6.202E+03 6.189E+03 
1.028E-03 1.300E+01 4.958E-03 5.881E+03 0.000E+00 0.000E+00 5.894E+03 5.881E+03 
1.058E-03 1.296E+01 5.134E-03 5.590E+03 0.000E+00 0.000E+00 5.603E+03 5.590E+03 
1.130E-03 1.288E+01 5.571E-03 5.002E+03 0.000E+00 0.000E+00 5.015E+03 5.002E+03 
1.208E-03 1.278E+01 6.032E-03 4.412E+03 0.000E+00 0.000E+00 4.425E+03 4.412E+03 
1.500E-03 1.243E+01 7.713E-03 2.939E+03 0.000E+00 0.000E+00 2.951E+03 2.939E+03 
2.000E-03 1.181E+01 1.063E-02 1.609E+03 0.000E+00 0.000E+00 1.621E+03 1.609E+03 
3.000E-03 1.060E+01 1.632E-02 6.557E+02 0.000E+00 0.000E+00 6.663E+02 6.557E+02 
3.105E-03 1.047E+01 1.689E-02 6.064E+02 0.000E+00 0.000E+00 6.169E+02 6.064E+02 
3.176E-03 1.039E+01 1.729E-02 1.524E+03 0.000E+00 0.000E+00 1.535E+03 1.524E+03 
3.248E-03 1.031E+01 1.769E-02 1.364E+03 0.000E+00 0.000E+00 1.374E+03 1.364E+03 
3.510E-03 1.002E+01 1.911E-02 1.644E+03 0.000E+00 0.000E+00 1.654E+03 1.644E+03 
3.792E-03 9.709E+00 2.057E-02 1.332E+03 0.000E+00 0.000E+00 1.342E+03 1.332E+03 
4.000E-03 9.490E+00 2.162E-02 1.357E+03 0.000E+00 0.000E+00 1.367E+03 1.357E+03 
4.489E-03 9.000E+00 2.400E-02 1.015E+03 0.000E+00 0.000E+00 1.024E+03 1.015E+03 
4.653E-03 8.844E+00 2.477E-02 9.869E+02 0.000E+00 0.000E+00 9.958E+02 9.869E+02 
4.822E-03 8.686E+00 2.555E-02 9.043E+02 0.000E+00 0.000E+00 9.130E+02 9.043E+02 
5.000E-03 8.523E+00 2.635E-02 8.657E+02 0.000E+00 0.000E+00 8.742E+02 8.657E+02 
6.000E-03 7.687E+00 3.056E-02 5.537E+02 0.000E+00 0.000E+00 5.614E+02 5.537E+02 
8.000E-03 6.325E+00 3.810E-02 2.704E+02 0.000E+00 0.000E+00 2.768E+02 2.705E+02 
1.000E-02 5.281E+00 4.481E-02 1.536E+02 0.000E+00 0.000E+00 1.589E+02 1.536E+02 
1.500E-02 3.560E+00 5.803E-02 5.398E+01 0.000E+00 0.000E+00 5.760E+01 5.404E+01 
1.544E-02 3.448E+00 5.899E-02 5.004E+01 0.000E+00 0.000E+00 5.354E+01 5.010E+01 
1.690E-02 3.112E+00 6.188E-02 9.544E+01 0.000E+00 0.000E+00 9.861E+01 9.550E+01 
1.848E-02 2.798E+00 6.474E-02 7.479E+01 0.000E+00 0.000E+00 7.765E+01 7.485E+01 
1.886E-02 2.732E+00 6.538E-02 1.001E+02 0.000E+00 0.000E+00 1.029E+02 1.002E+02 
1.924E-02 2.667E+00 6.602E-02 9.525E+01 0.000E+00 0.000E+00 9.798E+01 9.532E+01 
2.000E-02 2.544E+00 6.728E-02 9.967E+01 0.000E+00 0.000E+00 1.023E+02 9.974E+01 
3.000E-02 1.497E+00 7.966E-02 3.506E+01 0.000E+00 0.000E+00 3.664E+01 3.514E+01 
4.000E-02 1.006E+00 8.728E-02 1.640E+01 0.000E+00 0.000E+00 1.750E+01 1.649E+01 
5.000E-02 7.212E-01 9.189E-02 9.038E+00 0.000E+00 0.000E+00 9.851E+00 9.129E+00 
6.000E-02 5.411E-01 9.453E-02 5.531E+00 0.000E+00 0.000E+00 6.167E+00 5.626E+00 
8.000E-02 3.400E-01 9.653E-02 2.535E+00 0.000E+00 0.000E+00 2.971E+00 2.631E+00 
1.000E-01 2.356E-01 9.640E-02 1.380E+00 0.000E+00 0.000E+00 1.712E+00 1.476E+00 
1.039E-01 2.208E-01 9.624E-02 1.243E+00 0.000E+00 0.000E+00 1.560E+00 1.339E+00 
1.500E-01 1.171E-01 9.267E-02 2.146E+00 0.000E+00 0.000E+00 2.355E+00 2.238E+00 
2.000E-01 7.002E-02 8.776E-02 1.014E+00 0.000E+00 0.000E+00 1.172E+00 1.102E+00 
3.000E-01 3.354E-02 7.879E-02 3.573E-01 0.000E+00 0.000E+00 4.696E-01 4.361E-01 
4.000E-01 1.968E-02 7.172E-02 1.748E-01 0.000E+00 0.000E+00 2.662E-01 2.466E-01 
5.000E-01 1.292E-02 6.610E-02 1.027E-01 0.000E+00 0.000E+00 1.817E-01 1.688E-01 
6.000E-01 9.128E-03 6.152E-02 6.762E-02 0.000E+00 0.000E+00 1.383E-01 1.291E-01 
8.000E-01 5.246E-03 5.441E-02 3.613E-02 0.000E+00 0.000E+00 9.578E-02 9.054E-02 
1.000E+00 3.402E-03 4.910E-02 2.284E-02 0.000E+00 0.000E+00 7.535E-02 7.195E-02 
1.022E+00 3.259E-03 4.860E-02 2.187E-02 0.000E+00 0.000E+00 7.373E-02 7.047E-02 
1.250E+00 2.199E-03 4.402E-02 1.477E-02 4.186E-04 0.000E+00 6.141E-02 5.921E-02 
1.500E+00 1.537E-03 4.007E-02 1.051E-02 2.036E-03 0.000E+00 5.415E-02 5.262E-02 
2.000E+00 8.707E-04 3.426E-02 6.349E-03 6.029E-03 0.000E+00 4.751E-02 4.664E-02 
2.044E+00 8.342E-04 3.384E-02 6.123E-03 6.373E-03 0.000E+00 4.717E-02 4.633E-02 
3.000E+00 3.895E-04 2.699E-02 3.312E-03 1.278E-02 9.427E-06 4.348E-02 4.309E-02 
4.000E+00 2.196E-04 2.252E-02 2.165E-03 1.809E-02 3.842E-05 4.304E-02 4.282E-02 
5.000E+00 1.407E-04 1.946E-02 1.584E-03 2.252E-02 7.639E-05 4.379E-02 4.365E-02 
6.000E+00 9.776E-05 1.720E-02 1.240E-03 2.634E-02 1.170E-04 4.500E-02 4.490E-02 
7.000E+00 7.186E-05 1.546E-02 1.014E-03 2.971E-02 1.575E-04 4.642E-02 4.634E-02 
8.000E+00 5.502E-05 1.408E-02 8.561E-04 3.275E-02 1.965E-04 4.793E-02 4.787E-02 
9.000E+00 4.348E-05 1.294E-02 7.394E-04 3.552E-02 2.338E-04 4.947E-02 4.943E-02 
1.000E+01 3.522E-05 1.199E-02 6.501E-04 3.807E-02 2.691E-04 5.102E-02 5.098E-02 
1.100E+01 2.912E-05 1.118E-02 5.795E-04 4.045E-02 3.024E-04 5.254E-02 5.251E-02 
1.200E+01 2.447E-05 1.049E-02 5.225E-04 4.263E-02 3.338E-04 5.400E-02 5.398E-02 
1.300E+01 2.085E-05 9.882E-03 4.756E-04 4.471E-02 3.634E-04 5.545E-02 5.543E-02 
1.400E+01 1.798E-05 9.349E-03 4.362E-04 4.663E-02 3.914E-04 5.682E-02 5.680E-02 
1.500E+01 1.566E-05 8.875E-03 4.029E-04 4.844E-02 4.178E-04 5.815E-02 5.813E-02 
1.600E+01 1.377E-05 8.451E-03 3.741E-04 5.012E-02 4.428E-04 5.940E-02 5.938E-02 
1.800E+01 1.088E-05 7.724E-03 3.272E-04 5.315E-02 4.892E-04 6.171E-02 6.169E-02 
2.000E+01 8.811E-06 7.125E-03 2.907E-04 5.587E-02 5.313E-04 6.383E-02 6.382E-02 
2.200E+01 7.282E-06 6.618E-03 2.615E-04 5.835E-02 5.694E-04 6.581E-02 6.580E-02 
2.400E+01 6.120E-06 6.184E-03 2.375E-04 6.061E-02 6.045E-04 6.765E-02 6.764E-02 
2.600E+01 5.214E-06 5.806E-03 2.176E-04 6.267E-02 6.368E-04 6.933E-02 6.933E-02 
2.800E+01 4.495E-06 5.478E-03 2.007E-04 6.456E-02 6.666E-04 7.091E-02 7.090E-02 
3.000E+01 3.917E-06 5.188E-03 1.863E-04 6.629E-02 6.943E-04 7.236E-02 7.236E-02 
4.000E+01 2.203E-06 4.122E-03 1.369E-04 7.340E-02 8.078E-04 7.847E-02 7.847E-02 
5.000E+01 1.410E-06 3.440E-03 1.081E-04 7.868E-02 8.934E-04 8.312E-02 8.312E-02 
6.000E+01 9.792E-07 2.965E-03 8.939E-05 8.276E-02 9.602E-04 8.677E-02 8.677E-02 
8.000E+01 5.507E-07 2.338E-03 6.634E-05 8.878E-02 1.060E-03 9.224E-02 9.224E-02 
1.000E+02 3.525E-07 1.940E-03 5.273E-05 9.301E-02 1.133E-03 9.614E-02 9.614E-02 
1.500E+02 1.567E-07 1.382E-03 3.485E-05 9.970E-02 1.251E-03 1.024E-01 1.024E-01 
2.000E+02 8.811E-08 1.084E-03 2.603E-05 1.037E-01 1.324E-03 1.061E-01 1.061E-01 
3.000E+02 3.917E-08 7.679E-04 1.728E-05 1.083E-01 1.412E-03 1.105E-01 1.105E-01 
4.000E+02 2.203E-08 6.013E-04 1.293E-05 1.109E-01 1.465E-03 1.130E-01 1.130E-01 
5.000E+02 1.410E-08 4.980E-04 1.033E-05 1.127E-01 1.501E-03 1.147E-01 1.147E-01 
6.000E+02 9.792E-09 4.263E-04 8.603E-06 1.139E-01 1.528E-03 1.159E-01 1.159E-01 
8.000E+02 5.507E-09 3.330E-04 6.445E-06 1.156E-01 1.564E-03 1.175E-01 1.175E-01 
1.000E+03 3.525E-09 2.739E-04 5.153E-06 1.166E-01 1.588E-03 1.185E-01 1.185E-01 
1.500E+03 1.567E-09 1.913E-04 3.432E-06 1.182E-01 1.624E-03 1.200E-01 1.200E-01 
2.000E+03 8.811E-10 1.481E-04 2.573E-06 1.190E-01 1.644E-03 1.208E-01 1.208E-01 
3.000E+03 3.917E-10 1.030E-04 1.715E-06 1.199E-01 1.667E-03 1.217E-01 1.217E-01 
4.000E+03 2.203E-10 7.945E-05 1.286E-06 1.204E-01 1.680E-03 1.222E-01 1.222E-01 
5.000E+03 1.410E-10 6.496E-05 1.028E-06 1.207E-01 1.688E-03 1.225E-01 1.225E-01 
6.000E+03 9.792E-11 5.510E-05 8.569E-07 1.210E-01 1.694E-03 1.227E-01 1.227E-01 
8.000E+03 5.507E-11 4.244E-05 6.426E-07 1.213E-01 1.701E-03 1.230E-01 1.230E-01 
1.000E+04 3.525E-11 3.466E-05 5.140E-07 1.214E-01 1.706E-03 1.232E-01 1.232E-01 
1.500E+04 1.567E-11 2.395E-05 3.426E-07 1.217E-01 1.713E-03 1.234E-01 1.234E-01 
2.000E+04 8.811E-12 1.841E-05 2.570E-07 1.218E-01 1.717E-03 1.235E-01 1.235E-01 
3.000E+04 3.917E-12 1.270E-05 1.713E-07 1.219E-01 1.720E-03 1.237E-01 1.237E-01 
4.000E+04 2.203E-12 9.749E-06 1.285E-07 1.220E-01 1.723E-03 1.238E-01 1.238E-01 
5.000E+04 1.410E-12 7.940E-06 1.028E-07 1.221E-01 1.724E-03 1.238E-01 1.238E-01 
6.000E+04 9.792E-13 6.712E-06 8.566E-08 1.221E-01 1.725E-03 1.238E-01 1.238E-01 
8.000E+04 5.507E-13 5.145E-06 6.424E-08 1.221E-01 1.726E-03 1.239E-01 1.239E-01 
1.000E+05 3.525E-13 4.186E-06 5.140E-08 1.222E-01 1.727E-03 1.239E-01 1.239E-01 
