1.000E-03 4.141E+00 8.544E-03 7.401E+03 0.000E+00 0.000E+00 7.405E+03 7.401E+03 
1.500E-03 3.864E+00 1.491E-02 2.690E+03 0.000E+00 0.000E+00 2.694E+03 2.690E+03 
2.000E-03 3.573E+00 2.106E-02 1.274E+03 0.000E+00 0.000E+00 1.278E+03 1.274E+03 
3.000E-03 3.018E+00 3.280E-02 4.308E+02 0.000E+00 0.000E+00 4.339E+02 4.309E+02 
4.000E-03 2.532E+00 4.357E-02 1.962E+02 0.000E+00 0.000E+00 1.988E+02 1.962E+02 
5.000E-03 2.129E+00 5.328E-02 1.058E+02 0.000E+00 0.000E+00 1.080E+02 1.058E+02 
5.989E-03 1.808E+00 6.188E-02 6.386E+01 0.000E+00 0.000E+00 6.573E+01 6.392E+01 
6.000E-03 1.804E+00 6.197E-02 5.142E+02 0.000E+00 0.000E+00 5.161E+02 5.143E+02 
8.000E-03 1.346E+00 7.658E-02 2.499E+02 0.000E+00 0.000E+00 2.514E+02 2.500E+02 
1.000E-02 1.055E+00 8.785E-02 1.376E+02 0.000E+00 0.000E+00 1.387E+02 1.377E+02 
1.500E-02 6.628E-01 1.063E-01 4.495E+01 0.000E+00 0.000E+00 4.572E+01 4.506E+01 
2.000E-02 4.573E-01 1.174E-01 1.981E+01 0.000E+00 0.000E+00 2.038E+01 1.992E+01 
3.000E-02 2.494E-01 1.294E-01 6.055E+00 0.000E+00 0.000E+00 6.434E+00 6.184E+00 
4.000E-02 1.573E-01 1.341E-01 2.564E+00 0.000E+00 0.000E+00 2.856E+00 2.698E+00 
5.000E-02 1.092E-01 1.355E-01 1.306E+00 0.000E+00 0.000E+00 1.551E+00 1.442E+00 
6.000E-02 8.053E-02 1.353E-01 7.482E-01 0.000E+00 0.000E+00 9.640E-01 8.835E-01 
8.000E-02 4.905E-02 1.328E-01 3.085E-01 0.000E+00 0.000E+00 4.904E-01 4.414E-01 
1.000E-01 3.288E-02 1.291E-01 1.546E-01 0.000E+00 0.000E+00 3.166E-01 2.838E-01 
1.500E-01 1.550E-02 1.193E-01 4.399E-02 0.000E+00 0.000E+00 1.788E-01 1.633E-01 
2.000E-01 8.976E-03 1.106E-01 1.817E-02 0.000E+00 0.000E+00 1.378E-01 1.288E-01 
3.000E-01 4.101E-03 9.716E-02 5.396E-03 0.000E+00 0.000E+00 1.067E-01 1.026E-01 
4.000E-01 2.334E-03 8.742E-02 2.375E-03 0.000E+00 0.000E+00 9.213E-02 8.980E-02 
5.000E-01 1.503E-03 8.001E-02 1.301E-03 0.000E+00 0.000E+00 8.281E-02 8.131E-02 
6.000E-01 1.047E-03 7.411E-02 8.184E-04 0.000E+00 0.000E+00 7.598E-02 7.493E-02 
8.000E-01 5.911E-04 6.519E-02 4.164E-04 0.000E+00 0.000E+00 6.620E-02 6.561E-02 
1.000E+00 3.790E-04 5.866E-02 2.590E-04 0.000E+00 0.000E+00 5.930E-02 5.892E-02 
1.022E+00 3.629E-04 5.804E-02 2.457E-04 0.000E+00 0.000E+00 5.865E-02 5.828E-02 
1.250E+00 2.429E-04 5.248E-02 1.662E-04 6.265E-05 0.000E+00 5.295E-02 5.271E-02 
1.500E+00 1.687E-04 4.771E-02 1.200E-04 3.222E-04 0.000E+00 4.832E-02 4.815E-02 
2.000E+00 9.497E-05 4.072E-02 7.409E-05 1.242E-03 0.000E+00 4.213E-02 4.204E-02 
2.044E+00 9.093E-05 4.022E-02 7.158E-05 1.337E-03 0.000E+00 4.172E-02 4.163E-02 
3.000E+00 4.223E-05 3.205E-02 4.032E-05 3.447E-03 1.121E-05 3.559E-02 3.555E-02 
4.000E+00 2.375E-05 2.673E-02 2.721E-05 5.519E-03 4.578E-05 3.235E-02 3.232E-02 
5.000E+00 1.521E-05 2.309E-02 2.040E-05 7.350E-03 9.121E-05 3.057E-02 3.056E-02 
6.000E+00 1.056E-05 2.041E-02 1.625E-05 8.983E-03 1.400E-04 2.956E-02 2.955E-02 
7.000E+00 7.758E-06 1.835E-02 1.349E-05 1.044E-02 1.888E-04 2.899E-02 2.898E-02 
8.000E+00 5.940E-06 1.669E-02 1.152E-05 1.174E-02 2.360E-04 2.869E-02 2.868E-02 
9.000E+00 4.693E-06 1.535E-02 1.004E-05 1.293E-02 2.812E-04 2.857E-02 2.856E-02 
1.000E+01 3.801E-06 1.422E-02 8.900E-06 1.399E-02 3.243E-04 2.855E-02 2.855E-02 
1.100E+01 3.142E-06 1.326E-02 7.988E-06 1.496E-02 3.651E-04 2.860E-02 2.860E-02 
1.200E+01 2.640E-06 1.244E-02 7.243E-06 1.586E-02 4.036E-04 2.871E-02 2.871E-02 
1.300E+01 2.249E-06 1.172E-02 6.626E-06 1.668E-02 4.400E-04 2.885E-02 2.885E-02 
1.400E+01 1.940E-06 1.109E-02 6.104E-06 1.745E-02 4.746E-04 2.902E-02 2.902E-02 
1.500E+01 1.690E-06 1.052E-02 5.658E-06 1.816E-02 5.075E-04 2.920E-02 2.920E-02 
1.600E+01 1.485E-06 1.002E-02 5.273E-06 1.883E-02 5.388E-04 2.940E-02 2.940E-02 
1.800E+01 1.173E-06 9.160E-03 4.640E-06 2.007E-02 5.968E-04 2.983E-02 2.983E-02 
2.000E+01 9.504E-07 8.447E-03 4.142E-06 2.116E-02 6.497E-04 3.026E-02 3.026E-02 
2.200E+01 7.855E-07 7.846E-03 3.740E-06 2.216E-02 6.984E-04 3.070E-02 3.070E-02 
2.400E+01 6.601E-07 7.331E-03 3.410E-06 2.306E-02 7.432E-04 3.114E-02 3.114E-02 
2.600E+01 5.624E-07 6.884E-03 3.133E-06 2.388E-02 7.848E-04 3.155E-02 3.155E-02 
2.800E+01 4.849E-07 6.494E-03 2.897E-06 2.465E-02 8.234E-04 3.197E-02 3.197E-02 
3.000E+01 4.224E-07 6.150E-03 2.694E-06 2.535E-02 8.594E-04 3.237E-02 3.236E-02 
4.000E+01 2.377E-07 4.886E-03 1.996E-06 2.821E-02 1.010E-03 3.411E-02 3.411E-02 
5.000E+01 1.521E-07 4.079E-03 1.584E-06 3.036E-02 1.125E-03 3.556E-02 3.556E-02 
6.000E+01 1.056E-07 3.514E-03 1.313E-06 3.204E-02 1.217E-03 3.677E-02 3.677E-02 
8.000E+01 5.940E-08 2.772E-03 9.789E-07 3.454E-02 1.359E-03 3.867E-02 3.867E-02 
1.000E+02 3.801E-08 2.300E-03 7.802E-07 3.632E-02 1.462E-03 4.008E-02 4.008E-02 
1.500E+02 1.690E-08 1.639E-03 5.175E-07 3.922E-02 1.637E-03 4.249E-02 4.249E-02 
2.000E+02 9.503E-09 1.284E-03 3.871E-07 4.097E-02 1.748E-03 4.400E-02 4.400E-02 
3.000E+02 4.224E-09 9.105E-04 2.573E-07 4.303E-02 1.886E-03 4.582E-02 4.582E-02 
4.000E+02 2.375E-09 7.131E-04 1.928E-07 4.422E-02 1.970E-03 4.690E-02 4.690E-02 
5.000E+02 1.521E-09 5.902E-04 1.542E-07 4.501E-02 2.028E-03 4.763E-02 4.763E-02 
6.000E+02 1.056E-09 5.054E-04 1.283E-07 4.557E-02 2.071E-03 4.815E-02 4.815E-02 
8.000E+02 5.939E-10 3.947E-04 9.621E-08 4.634E-02 2.130E-03 4.886E-02 4.886E-02 
1.000E+03 3.801E-10 3.248E-04 7.694E-08 4.683E-02 2.169E-03 4.932E-02 4.932E-02 
1.500E+03 1.690E-10 2.268E-04 5.126E-08 4.754E-02 2.228E-03 5.000E-02 5.000E-02 
2.000E+03 9.503E-11 1.755E-04 3.844E-08 4.794E-02 2.263E-03 5.038E-02 5.038E-02 
3.000E+03 4.224E-11 1.221E-04 2.562E-08 4.835E-02 2.300E-03 5.078E-02 5.078E-02 
4.000E+03 2.375E-11 9.421E-05 1.921E-08 4.859E-02 2.322E-03 5.100E-02 5.100E-02 
5.000E+03 1.521E-11 7.702E-05 1.537E-08 4.873E-02 2.335E-03 5.114E-02 5.114E-02 
6.000E+03 1.056E-11 6.531E-05 1.281E-08 4.883E-02 2.344E-03 5.124E-02 5.124E-02 
8.000E+03 5.939E-12 5.032E-05 9.605E-09 4.896E-02 2.357E-03 5.136E-02 5.136E-02 
1.000E+04 3.801E-12 4.108E-05 7.683E-09 4.904E-02 2.365E-03 5.144E-02 5.144E-02 
1.500E+04 1.690E-12 2.840E-05 5.122E-09 4.915E-02 2.377E-03 5.156E-02 5.156E-02 
2.000E+04 9.503E-13 2.183E-05 3.842E-09 4.922E-02 2.382E-03 5.163E-02 5.163E-02 
3.000E+04 4.224E-13 1.506E-05 2.561E-09 4.928E-02 2.388E-03 5.168E-02 5.168E-02 
4.000E+04 2.375E-13 1.156E-05 1.920E-09 4.932E-02 2.393E-03 5.172E-02 5.172E-02 
5.000E+04 1.521E-13 9.411E-06 1.537E-09 4.934E-02 2.395E-03 5.174E-02 5.174E-02 
6.000E+04 1.056E-13 7.956E-06 1.280E-09 4.935E-02 2.396E-03 5.175E-02 5.175E-02 
8.000E+04 5.939E-14 6.100E-06 9.603E-10 4.937E-02 2.399E-03 5.178E-02 5.178E-02 
1.000E+05 3.801E-14 4.963E-06 7.682E-10 4.939E-02 2.400E-03 5.179E-02 5.179E-02 
