1.000E-03 8.987E+00 6.731E-03 9.701E+03 0.000E+00 0.000E+00 9.710E+03 9.701E+03 
1.089E-03 8.888E+00 7.516E-03 7.975E+03 0.000E+00 0.000E+00 7.984E+03 7.975E+03 
1.185E-03 8.789E+00 8.334E-03 6.554E+03 0.000E+00 0.000E+00 6.563E+03 6.554E+03 
1.228E-03 8.748E+00 8.673E-03 6.975E+03 0.000E+00 0.000E+00 6.984E+03 6.975E+03 
1.273E-03 8.703E+00 9.021E-03 6.456E+03 0.000E+00 0.000E+00 6.464E+03 6.456E+03 
1.352E-03 8.617E+00 9.673E-03 6.014E+03 0.000E+00 0.000E+00 6.023E+03 6.014E+03 
1.437E-03 8.523E+00 1.038E-02 5.287E+03 0.000E+00 0.000E+00 5.295E+03 5.287E+03 
1.500E-03 8.454E+00 1.090E-02 5.024E+03 0.000E+00 0.000E+00 5.033E+03 5.024E+03 
2.000E-03 7.921E+00 1.488E-02 2.599E+03 0.000E+00 0.000E+00 2.607E+03 2.599E+03 
3.000E-03 6.920E+00 2.252E-02 9.787E+02 0.000E+00 0.000E+00 9.856E+02 9.787E+02 
4.000E-03 6.047E+00 2.956E-02 4.749E+02 0.000E+00 0.000E+00 4.810E+02 4.750E+02 
5.000E-03 5.312E+00 3.591E-02 2.686E+02 0.000E+00 0.000E+00 2.740E+02 2.687E+02 
5.723E-03 4.865E+00 3.999E-02 1.894E+02 0.000E+00 0.000E+00 1.943E+02 1.895E+02 
6.000E-03 4.706E+00 4.146E-02 4.861E+02 0.000E+00 0.000E+00 4.909E+02 4.861E+02 
6.164E-03 4.616E+00 4.231E-02 4.509E+02 0.000E+00 0.000E+00 4.555E+02 4.509E+02 
6.354E-03 4.515E+00 4.326E-02 5.699E+02 0.000E+00 0.000E+00 5.744E+02 5.699E+02 
6.549E-03 4.414E+00 4.423E-02 5.287E+02 0.000E+00 0.000E+00 5.331E+02 5.287E+02 
8.000E-03 3.762E+00 5.072E-02 3.694E+02 0.000E+00 0.000E+00 3.732E+02 3.695E+02 
1.000E-02 3.071E+00 5.845E-02 2.051E+02 0.000E+00 0.000E+00 2.082E+02 2.051E+02 
1.500E-02 2.015E+00 7.375E-02 6.933E+01 0.000E+00 0.000E+00 7.142E+01 6.940E+01 
2.000E-02 1.449E+00 8.433E-02 3.159E+01 0.000E+00 0.000E+00 3.312E+01 3.167E+01 
3.000E-02 8.403E-01 9.679E-02 1.025E+01 0.000E+00 0.000E+00 1.119E+01 1.035E+01 
4.000E-02 5.467E-01 1.033E-01 4.564E+00 0.000E+00 0.000E+00 5.215E+00 4.668E+00 
4.044E-02 5.377E-01 1.035E-01 4.427E+00 0.000E+00 0.000E+00 5.068E+00 4.530E+00 
5.000E-02 3.889E-01 1.069E-01 1.471E+01 0.000E+00 0.000E+00 1.520E+01 1.481E+01 
6.000E-02 2.918E-01 1.087E-01 9.047E+00 0.000E+00 0.000E+00 9.448E+00 9.156E+00 
8.000E-02 1.809E-01 1.094E-01 4.119E+00 0.000E+00 0.000E+00 4.409E+00 4.228E+00 
1.000E-01 1.228E-01 1.081E-01 2.214E+00 0.000E+00 0.000E+00 2.445E+00 2.322E+00 
1.500E-01 5.979E-02 1.021E-01 7.070E-01 0.000E+00 0.000E+00 8.689E-01 8.091E-01 
2.000E-01 3.548E-02 9.580E-02 3.139E-01 0.000E+00 0.000E+00 4.452E-01 4.097E-01 
3.000E-01 1.663E-02 8.527E-02 1.020E-01 0.000E+00 0.000E+00 2.039E-01 1.873E-01 
4.000E-01 9.597E-03 7.723E-02 4.741E-02 0.000E+00 0.000E+00 1.342E-01 1.246E-01 
5.000E-01 6.236E-03 7.100E-02 2.687E-02 0.000E+00 0.000E+00 1.041E-01 9.787E-02 
6.000E-01 4.371E-03 6.593E-02 1.727E-02 0.000E+00 0.000E+00 8.757E-02 8.320E-02 
8.000E-01 2.489E-03 5.815E-02 8.979E-03 0.000E+00 0.000E+00 6.962E-02 6.713E-02 
1.000E+00 1.603E-03 5.239E-02 5.613E-03 0.000E+00 0.000E+00 5.961E-02 5.801E-02 
1.022E+00 1.536E-03 5.188E-02 5.372E-03 0.000E+00 0.000E+00 5.878E-02 5.725E-02 
1.250E+00 1.031E-03 4.693E-02 3.622E-03 2.177E-04 0.000E+00 5.180E-02 5.077E-02 
1.500E+00 7.178E-04 4.270E-02 2.590E-03 1.006E-03 0.000E+00 4.701E-02 4.629E-02 
2.000E+00 4.047E-04 3.647E-02 1.574E-03 3.315E-03 0.000E+00 4.177E-02 4.136E-02 
2.044E+00 3.876E-04 3.603E-02 1.518E-03 3.536E-03 0.000E+00 4.147E-02 4.108E-02 
3.000E+00 1.803E-04 2.872E-02 8.321E-04 8.175E-03 1.004E-05 3.792E-02 3.774E-02 
4.000E+00 1.015E-04 2.397E-02 5.497E-04 1.239E-02 4.095E-05 3.705E-02 3.695E-02 
5.000E+00 6.494E-05 2.070E-02 4.058E-04 1.601E-02 8.149E-05 3.727E-02 3.720E-02 
6.000E+00 4.513E-05 1.830E-02 3.198E-04 1.913E-02 1.250E-04 3.792E-02 3.788E-02 
7.000E+00 3.315E-05 1.645E-02 2.630E-04 2.190E-02 1.683E-04 3.882E-02 3.878E-02 
8.000E+00 2.538E-05 1.497E-02 2.230E-04 2.439E-02 2.102E-04 3.982E-02 3.979E-02 
9.000E+00 2.005E-05 1.376E-02 1.933E-04 2.664E-02 2.503E-04 4.087E-02 4.085E-02 
1.000E+01 1.625E-05 1.275E-02 1.705E-04 2.871E-02 2.883E-04 4.194E-02 4.193E-02 
1.100E+01 1.343E-05 1.189E-02 1.524E-04 3.062E-02 3.243E-04 4.301E-02 4.299E-02 
1.200E+01 1.128E-05 1.115E-02 1.377E-04 3.239E-02 3.582E-04 4.405E-02 4.404E-02 
1.300E+01 9.615E-06 1.051E-02 1.255E-04 3.404E-02 3.900E-04 4.508E-02 4.507E-02 
1.400E+01 8.291E-06 9.941E-03 1.154E-04 3.557E-02 4.204E-04 4.606E-02 4.605E-02 
1.500E+01 7.221E-06 9.438E-03 1.067E-04 3.699E-02 4.491E-04 4.699E-02 4.698E-02 
1.600E+01 6.348E-06 8.987E-03 9.920E-05 3.830E-02 4.762E-04 4.787E-02 4.786E-02 
1.800E+01 5.016E-06 8.213E-03 8.699E-05 4.068E-02 5.269E-04 4.951E-02 4.950E-02 
2.000E+01 4.062E-06 7.573E-03 7.741E-05 4.281E-02 5.725E-04 5.104E-02 5.103E-02 
2.200E+01 3.357E-06 7.036E-03 6.976E-05 4.474E-02 6.146E-04 5.247E-02 5.246E-02 
2.400E+01 2.821E-06 6.576E-03 6.344E-05 4.650E-02 6.529E-04 5.380E-02 5.380E-02 
2.600E+01 2.403E-06 6.172E-03 5.819E-05 4.809E-02 6.885E-04 5.502E-02 5.501E-02 
2.800E+01 2.072E-06 5.824E-03 5.372E-05 4.956E-02 7.212E-04 5.616E-02 5.615E-02 
3.000E+01 1.805E-06 5.514E-03 4.990E-05 5.093E-02 7.517E-04 5.725E-02 5.725E-02 
4.000E+01 1.016E-06 4.384E-03 3.680E-05 5.643E-02 8.785E-04 6.173E-02 6.173E-02 
5.000E+01 6.499E-07 3.658E-03 2.913E-05 6.052E-02 9.739E-04 6.518E-02 6.518E-02 
6.000E+01 4.513E-07 3.152E-03 2.410E-05 6.370E-02 1.050E-03 6.792E-02 6.792E-02 
8.000E+01 2.539E-07 2.486E-03 1.792E-05 6.838E-02 1.164E-03 7.205E-02 7.205E-02 
1.000E+02 1.625E-07 2.063E-03 1.426E-05 7.169E-02 1.247E-03 7.501E-02 7.501E-02 
1.500E+02 7.221E-08 1.469E-03 9.438E-06 7.702E-02 1.384E-03 7.988E-02 7.988E-02 
2.000E+02 4.062E-08 1.152E-03 7.053E-06 8.016E-02 1.470E-03 8.279E-02 8.279E-02 
3.000E+02 1.805E-08 8.166E-04 4.685E-06 8.385E-02 1.576E-03 8.625E-02 8.625E-02 
4.000E+02 1.016E-08 6.395E-04 3.508E-06 8.600E-02 1.639E-03 8.829E-02 8.829E-02 
5.000E+02 6.499E-09 5.295E-04 2.803E-06 8.738E-02 1.683E-03 8.959E-02 8.959E-02 
6.000E+02 4.513E-09 4.534E-04 2.334E-06 8.841E-02 1.714E-03 9.058E-02 9.058E-02 
8.000E+02 2.539E-09 3.540E-04 1.749E-06 8.974E-02 1.759E-03 9.186E-02 9.186E-02 
1.000E+03 1.625E-09 2.912E-04 1.399E-06 9.060E-02 1.789E-03 9.268E-02 9.268E-02 
1.500E+03 7.221E-10 2.034E-04 9.318E-07 9.185E-02 1.833E-03 9.389E-02 9.389E-02 
2.000E+03 4.062E-10 1.574E-04 6.984E-07 9.254E-02 1.858E-03 9.455E-02 9.455E-02 
3.000E+03 1.805E-10 1.094E-04 4.655E-07 9.327E-02 1.886E-03 9.526E-02 9.526E-02 
4.000E+03 1.016E-10 8.450E-05 3.490E-07 9.365E-02 1.903E-03 9.564E-02 9.564E-02 
5.000E+03 6.499E-11 6.907E-05 2.792E-07 9.391E-02 1.913E-03 9.589E-02 9.589E-02 
6.000E+03 4.513E-11 5.858E-05 2.327E-07 9.408E-02 1.920E-03 9.606E-02 9.606E-02 
8.000E+03 2.539E-11 4.513E-05 1.745E-07 9.430E-02 1.929E-03 9.627E-02 9.627E-02 
1.000E+04 1.625E-11 3.685E-05 1.396E-07 9.447E-02 1.935E-03 9.644E-02 9.644E-02 
1.500E+04 7.221E-12 2.547E-05 9.305E-08 9.464E-02 1.944E-03 9.661E-02 9.661E-02 
2.000E+04 4.062E-12 1.958E-05 6.980E-08 9.477E-02 1.948E-03 9.674E-02 9.674E-02 
3.000E+04 1.805E-12 1.350E-05 4.650E-08 9.486E-02 1.953E-03 9.682E-02 9.682E-02 
4.000E+04 1.016E-12 1.037E-05 3.489E-08 9.494E-02 1.956E-03 9.691E-02 9.691E-02 
5.000E+04 6.499E-13 8.441E-06 2.791E-08 9.499E-02 1.958E-03 9.695E-02 9.695E-02 
6.000E+04 4.513E-13 7.135E-06 2.326E-08 9.499E-02 1.959E-03 9.695E-02 9.695E-02 
8.000E+04 2.539E-13 5.471E-06 1.745E-08 9.503E-02 1.960E-03 9.699E-02 9.699E-02 
1.000E+05 1.625E-13 4.453E-06 1.396E-08 9.503E-02 1.961E-03 9.699E-02 9.699E-02 
