1.000E-03 3.692E+00 1.182E-02 5.865E+03 0.000E+00 0.000E+00 5.869E+03 5.865E+03 
1.500E-03 3.387E+00 1.950E-02 2.093E+03 0.000E+00 0.000E+00 2.096E+03 2.093E+03 
2.000E-03 3.093E+00 2.619E-02 9.829E+02 0.000E+00 0.000E+00 9.861E+02 9.830E+02 
3.000E-03 2.581E+00 3.837E-02 3.297E+02 0.000E+00 0.000E+00 3.323E+02 3.297E+02 
4.000E-03 2.157E+00 4.940E-02 1.495E+02 0.000E+00 0.000E+00 1.518E+02 1.496E+02 
4.966E-03 1.824E+00 5.884E-02 8.192E+01 0.000E+00 0.000E+00 8.380E+01 8.198E+01 
5.000E-03 1.814E+00 5.914E-02 6.820E+02 0.000E+00 0.000E+00 6.838E+02 6.820E+02 
6.000E-03 1.541E+00 6.769E-02 4.308E+02 0.000E+00 0.000E+00 4.324E+02 4.308E+02 
8.000E-03 1.160E+00 8.158E-02 2.011E+02 0.000E+00 0.000E+00 2.024E+02 2.012E+02 
1.000E-02 9.203E-01 9.193E-02 1.097E+02 0.000E+00 0.000E+00 1.107E+02 1.098E+02 
1.500E-02 5.854E-01 1.090E-01 3.518E+01 0.000E+00 0.000E+00 3.587E+01 3.529E+01 
2.000E-02 4.006E-01 1.196E-01 1.533E+01 0.000E+00 0.000E+00 1.585E+01 1.545E+01 
3.000E-02 2.170E-01 1.308E-01 4.624E+00 0.000E+00 0.000E+00 4.971E+00 4.754E+00 
4.000E-02 1.371E-01 1.350E-01 1.941E+00 0.000E+00 0.000E+00 2.213E+00 2.076E+00 
5.000E-02 9.528E-02 1.361E-01 9.821E-01 0.000E+00 0.000E+00 1.213E+00 1.118E+00 
6.000E-02 7.025E-02 1.357E-01 5.601E-01 0.000E+00 0.000E+00 7.660E-01 6.958E-01 
8.000E-02 4.264E-02 1.331E-01 2.295E-01 0.000E+00 0.000E+00 4.052E-01 3.626E-01 
1.000E-01 2.850E-02 1.292E-01 1.144E-01 0.000E+00 0.000E+00 2.721E-01 2.436E-01 
1.500E-01 1.340E-02 1.192E-01 3.229E-02 0.000E+00 0.000E+00 1.649E-01 1.515E-01 
2.000E-01 7.749E-03 1.104E-01 1.327E-02 0.000E+00 0.000E+00 1.314E-01 1.236E-01 
3.000E-01 3.534E-03 9.683E-02 3.918E-03 0.000E+00 0.000E+00 1.043E-01 1.008E-01 
4.000E-01 2.010E-03 8.709E-02 1.719E-03 0.000E+00 0.000E+00 9.082E-02 8.881E-02 
5.000E-01 1.293E-03 7.968E-02 9.398E-04 0.000E+00 0.000E+00 8.191E-02 8.062E-02 
6.000E-01 9.007E-04 7.381E-02 5.901E-04 0.000E+00 0.000E+00 7.530E-02 7.440E-02 
8.000E-01 5.083E-04 6.491E-02 3.000E-04 0.000E+00 0.000E+00 6.572E-02 6.521E-02 
1.000E+00 3.258E-04 5.840E-02 1.865E-04 0.000E+00 0.000E+00 5.891E-02 5.858E-02 
1.022E+00 3.119E-04 5.778E-02 1.768E-04 0.000E+00 0.000E+00 5.827E-02 5.796E-02 
1.250E+00 2.087E-04 5.225E-02 1.197E-04 5.568E-05 0.000E+00 5.263E-02 5.242E-02 
1.500E+00 1.450E-04 4.749E-02 8.642E-05 2.895E-04 0.000E+00 4.801E-02 4.787E-02 
2.000E+00 8.160E-05 4.054E-02 5.347E-05 1.124E-03 0.000E+00 4.180E-02 4.171E-02 
2.044E+00 7.813E-05 4.005E-02 5.166E-05 1.211E-03 0.000E+00 4.139E-02 4.131E-02 
3.000E+00 3.629E-05 3.191E-02 2.918E-05 3.134E-03 1.116E-05 3.512E-02 3.508E-02 
4.000E+00 2.041E-05 2.661E-02 1.972E-05 5.029E-03 4.558E-05 3.173E-02 3.171E-02 
5.000E+00 1.307E-05 2.299E-02 1.480E-05 6.705E-03 9.081E-05 2.982E-02 2.980E-02 
6.000E+00 9.073E-06 2.031E-02 1.181E-05 8.203E-03 1.395E-04 2.868E-02 2.867E-02 
7.000E+00 6.666E-06 1.826E-02 9.807E-06 9.534E-03 1.879E-04 2.800E-02 2.799E-02 
8.000E+00 5.104E-06 1.661E-02 8.378E-06 1.073E-02 2.349E-04 2.759E-02 2.759E-02 
9.000E+00 4.032E-06 1.528E-02 7.308E-06 1.182E-02 2.801E-04 2.739E-02 2.738E-02 
1.000E+01 3.266E-06 1.415E-02 6.479E-06 1.279E-02 3.230E-04 2.727E-02 2.727E-02 
1.100E+01 2.699E-06 1.321E-02 5.816E-06 1.368E-02 3.636E-04 2.726E-02 2.726E-02 
1.200E+01 2.268E-06 1.238E-02 5.276E-06 1.450E-02 4.020E-04 2.729E-02 2.729E-02 
1.300E+01 1.933E-06 1.166E-02 4.827E-06 1.527E-02 4.382E-04 2.738E-02 2.738E-02 
1.400E+01 1.667E-06 1.104E-02 4.447E-06 1.596E-02 4.728E-04 2.748E-02 2.747E-02 
1.500E+01 1.451E-06 1.048E-02 4.123E-06 1.663E-02 5.056E-04 2.762E-02 2.761E-02 
1.600E+01 1.275E-06 9.977E-03 3.842E-06 1.724E-02 5.368E-04 2.776E-02 2.776E-02 
1.800E+01 1.008E-06 9.119E-03 3.382E-06 1.836E-02 5.947E-04 2.808E-02 2.808E-02 
2.000E+01 8.167E-07 8.408E-03 3.020E-06 1.938E-02 6.475E-04 2.844E-02 2.844E-02 
2.200E+01 6.749E-07 7.811E-03 2.728E-06 2.029E-02 6.960E-04 2.880E-02 2.880E-02 
2.400E+01 5.671E-07 7.299E-03 2.487E-06 2.112E-02 7.408E-04 2.916E-02 2.916E-02 
2.600E+01 4.832E-07 6.854E-03 2.285E-06 2.187E-02 7.822E-04 2.951E-02 2.951E-02 
2.800E+01 4.167E-07 6.465E-03 2.113E-06 2.258E-02 8.208E-04 2.986E-02 2.986E-02 
3.000E+01 3.630E-07 6.121E-03 1.966E-06 2.322E-02 8.568E-04 3.020E-02 3.020E-02 
4.000E+01 2.041E-07 4.865E-03 1.456E-06 2.586E-02 1.007E-03 3.173E-02 3.173E-02 
5.000E+01 1.307E-07 4.060E-03 1.157E-06 2.782E-02 1.122E-03 3.301E-02 3.301E-02 
6.000E+01 9.073E-08 3.499E-03 9.592E-07 2.936E-02 1.215E-03 3.407E-02 3.407E-02 
8.000E+01 5.104E-08 2.760E-03 7.149E-07 3.166E-02 1.356E-03 3.577E-02 3.577E-02 
1.000E+02 3.266E-08 2.290E-03 5.698E-07 3.331E-02 1.462E-03 3.706E-02 3.706E-02 
1.500E+02 1.451E-08 1.631E-03 3.780E-07 3.597E-02 1.638E-03 3.924E-02 3.924E-02 
2.000E+02 8.165E-09 1.279E-03 2.827E-07 3.759E-02 1.751E-03 4.062E-02 4.062E-02 
3.000E+02 3.629E-09 9.063E-04 1.880E-07 3.951E-02 1.893E-03 4.231E-02 4.231E-02 
4.000E+02 2.041E-09 7.099E-04 1.409E-07 4.063E-02 1.980E-03 4.332E-02 4.332E-02 
5.000E+02 1.307E-09 5.876E-04 1.126E-07 4.137E-02 2.040E-03 4.400E-02 4.400E-02 
6.000E+02 9.073E-10 5.031E-04 9.379E-08 4.191E-02 2.085E-03 4.450E-02 4.450E-02 
8.000E+02 5.104E-10 3.929E-04 7.030E-08 4.263E-02 2.148E-03 4.517E-02 4.517E-02 
1.000E+03 3.266E-10 3.232E-04 5.622E-08 4.309E-02 2.191E-03 4.561E-02 4.561E-02 
1.500E+03 1.451E-10 2.258E-04 3.746E-08 4.377E-02 2.254E-03 4.625E-02 4.625E-02 
2.000E+03 8.165E-11 1.747E-04 2.809E-08 4.413E-02 2.292E-03 4.660E-02 4.660E-02 
3.000E+03 3.629E-11 1.215E-04 1.872E-08 4.454E-02 2.332E-03 4.699E-02 4.699E-02 
4.000E+03 2.041E-11 9.378E-05 1.404E-08 4.475E-02 2.356E-03 4.720E-02 4.720E-02 
5.000E+03 1.307E-11 7.667E-05 1.123E-08 4.489E-02 2.371E-03 4.734E-02 4.734E-02 
6.000E+03 9.073E-12 6.501E-05 9.358E-09 4.499E-02 2.381E-03 4.744E-02 4.744E-02 
8.000E+03 5.104E-12 5.010E-05 7.018E-09 4.512E-02 2.395E-03 4.756E-02 4.756E-02 
1.000E+04 3.266E-12 4.090E-05 5.615E-09 4.519E-02 2.404E-03 4.764E-02 4.764E-02 
1.500E+04 1.451E-12 2.826E-05 3.743E-09 4.530E-02 2.416E-03 4.775E-02 4.775E-02 
2.000E+04 8.165E-13 2.173E-05 2.807E-09 4.537E-02 2.424E-03 4.781E-02 4.781E-02 
3.000E+04 3.629E-13 1.498E-05 1.872E-09 4.542E-02 2.430E-03 4.786E-02 4.786E-02 
4.000E+04 2.041E-13 1.150E-05 1.404E-09 4.546E-02 2.435E-03 4.790E-02 4.790E-02 
5.000E+04 1.307E-13 9.369E-06 1.123E-09 4.548E-02 2.438E-03 4.793E-02 4.793E-02 
6.000E+04 9.073E-14 7.920E-06 9.355E-10 4.549E-02 2.439E-03 4.794E-02 4.794E-02 
8.000E+04 5.104E-14 6.072E-06 7.017E-10 4.551E-02 2.441E-03 4.795E-02 4.795E-02 
1.000E+05 3.266E-14 4.940E-06 5.613E-10 4.552E-02 2.443E-03 4.797E-02 4.797E-02 
