1.000E-03 2.656E+00 1.113E-02 1.910E+03 0.000E+00 0.000E+00 1.913E+03 1.910E+03 
1.500E-03 2.413E+00 2.080E-02 6.523E+02 0.000E+00 0.000E+00 6.547E+02 6.523E+02 
2.000E-03 2.164E+00 3.025E-02 2.996E+02 0.000E+00 0.000E+00 3.018E+02 2.996E+02 
2.145E-03 2.096E+00 3.286E-02 2.473E+02 0.000E+00 0.000E+00 2.494E+02 2.473E+02 
3.000E-03 1.745E+00 4.637E-02 1.116E+03 0.000E+00 0.000E+00 1.118E+03 1.116E+03 
4.000E-03 1.448E+00 5.885E-02 5.226E+02 0.000E+00 0.000E+00 5.241E+02 5.227E+02 
5.000E-03 1.237E+00 6.879E-02 2.848E+02 0.000E+00 0.000E+00 2.861E+02 2.849E+02 
6.000E-03 1.076E+00 7.719E-02 1.715E+02 0.000E+00 0.000E+00 1.726E+02 1.715E+02 
8.000E-03 8.329E-01 9.134E-02 7.567E+01 0.000E+00 0.000E+00 7.660E+01 7.576E+01 
1.000E-02 6.539E-01 1.030E-01 3.960E+01 0.000E+00 0.000E+00 4.036E+01 3.971E+01 
1.500E-02 3.824E-01 1.233E-01 1.188E+01 0.000E+00 0.000E+00 1.239E+01 1.201E+01 
2.000E-02 2.502E-01 1.346E-01 4.970E+00 0.000E+00 0.000E+00 5.354E+00 5.104E+00 
3.000E-02 1.341E-01 1.446E-01 1.421E+00 0.000E+00 0.000E+00 1.700E+00 1.566E+00 
4.000E-02 8.450E-02 1.480E-01 5.771E-01 0.000E+00 0.000E+00 8.095E-01 7.250E-01 
5.000E-02 5.806E-02 1.485E-01 2.852E-01 0.000E+00 0.000E+00 4.918E-01 4.337E-01 
6.000E-02 4.223E-02 1.475E-01 1.597E-01 0.000E+00 0.000E+00 3.494E-01 3.072E-01 
8.000E-02 2.512E-02 1.436E-01 6.369E-02 0.000E+00 0.000E+00 2.324E-01 2.073E-01 
1.000E-01 1.663E-02 1.387E-01 3.117E-02 0.000E+00 0.000E+00 1.865E-01 1.699E-01 
1.500E-01 7.725E-03 1.270E-01 8.533E-03 0.000E+00 0.000E+00 1.432E-01 1.355E-01 
2.000E-01 4.435E-03 1.172E-01 3.441E-03 0.000E+00 0.000E+00 1.250E-01 1.206E-01 
3.000E-01 2.005E-03 1.025E-01 9.941E-04 0.000E+00 0.000E+00 1.055E-01 1.035E-01 
4.000E-01 1.135E-03 9.202E-02 4.309E-04 0.000E+00 0.000E+00 9.359E-02 9.245E-02 
5.000E-01 7.287E-04 8.415E-02 2.339E-04 0.000E+00 0.000E+00 8.511E-02 8.438E-02 
6.000E-01 5.069E-04 7.789E-02 1.463E-04 0.000E+00 0.000E+00 7.854E-02 7.803E-02 
8.000E-01 2.856E-04 6.848E-02 7.414E-05 0.000E+00 0.000E+00 6.884E-02 6.855E-02 
1.000E+00 1.829E-04 6.159E-02 4.608E-05 0.000E+00 0.000E+00 6.182E-02 6.164E-02 
1.022E+00 1.752E-04 6.095E-02 4.349E-05 0.000E+00 0.000E+00 6.117E-02 6.100E-02 
1.250E+00 1.171E-04 5.508E-02 2.948E-05 3.700E-05 0.000E+00 5.526E-02 5.515E-02 
1.500E+00 8.137E-05 5.008E-02 2.133E-05 2.001E-04 0.000E+00 5.039E-02 5.031E-02 
2.000E+00 4.579E-05 4.274E-02 1.329E-05 7.863E-04 0.000E+00 4.358E-02 4.353E-02 
2.044E+00 4.384E-05 4.221E-02 1.285E-05 8.473E-04 0.000E+00 4.311E-02 4.307E-02 
3.000E+00 2.036E-05 3.364E-02 7.328E-06 2.230E-03 1.177E-05 3.591E-02 3.589E-02 
4.000E+00 1.145E-05 2.806E-02 4.989E-06 3.601E-03 4.804E-05 3.172E-02 3.171E-02 
5.000E+00 7.328E-06 2.423E-02 3.760E-06 4.818E-03 9.574E-05 2.915E-02 2.914E-02 
6.000E+00 5.088E-06 2.141E-02 3.012E-06 5.909E-03 1.470E-04 2.747E-02 2.747E-02 
7.000E+00 3.739E-06 1.925E-02 2.508E-06 6.877E-03 1.981E-04 2.633E-02 2.632E-02 
8.000E+00 2.862E-06 1.752E-02 2.146E-06 7.752E-03 2.479E-04 2.552E-02 2.552E-02 
9.000E+00 2.261E-06 1.610E-02 1.876E-06 8.543E-03 2.955E-04 2.495E-02 2.494E-02 
1.000E+01 1.832E-06 1.492E-02 1.665E-06 9.261E-03 3.408E-04 2.452E-02 2.452E-02 
1.100E+01 1.514E-06 1.392E-02 1.497E-06 9.912E-03 3.838E-04 2.421E-02 2.421E-02 
1.200E+01 1.272E-06 1.305E-02 1.359E-06 1.051E-02 4.244E-04 2.399E-02 2.398E-02 
1.300E+01 1.084E-06 1.229E-02 1.245E-06 1.106E-02 4.629E-04 2.382E-02 2.382E-02 
1.400E+01 9.348E-07 1.163E-02 1.148E-06 1.158E-02 4.995E-04 2.371E-02 2.371E-02 
1.500E+01 8.143E-07 1.104E-02 1.065E-06 1.206E-02 5.343E-04 2.364E-02 2.364E-02 
1.600E+01 7.157E-07 1.051E-02 9.927E-07 1.251E-02 5.673E-04 2.360E-02 2.359E-02 
1.800E+01 5.654E-07 9.611E-03 8.747E-07 1.334E-02 6.288E-04 2.358E-02 2.358E-02 
2.000E+01 4.581E-07 8.862E-03 7.816E-07 1.408E-02 6.850E-04 2.363E-02 2.363E-02 
2.200E+01 3.785E-07 8.232E-03 7.065E-07 1.475E-02 7.367E-04 2.372E-02 2.372E-02 
2.400E+01 3.181E-07 7.692E-03 6.443E-07 1.536E-02 7.843E-04 2.383E-02 2.383E-02 
2.600E+01 2.710E-07 7.223E-03 5.924E-07 1.592E-02 8.286E-04 2.397E-02 2.397E-02 
2.800E+01 2.337E-07 6.815E-03 5.481E-07 1.643E-02 8.699E-04 2.411E-02 2.411E-02 
3.000E+01 2.036E-07 6.451E-03 5.100E-07 1.690E-02 9.084E-04 2.426E-02 2.426E-02 
4.000E+01 1.145E-07 5.127E-03 3.784E-07 1.887E-02 1.069E-03 2.507E-02 2.507E-02 
5.000E+01 7.328E-08 4.279E-03 3.008E-07 2.034E-02 1.194E-03 2.581E-02 2.581E-02 
6.000E+01 5.088E-08 3.688E-03 2.494E-07 2.148E-02 1.294E-03 2.647E-02 2.647E-02 
8.000E+01 2.862E-08 2.909E-03 1.861E-07 2.320E-02 1.447E-03 2.755E-02 2.755E-02 
1.000E+02 1.832E-08 2.415E-03 1.484E-07 2.442E-02 1.561E-03 2.840E-02 2.840E-02 
1.500E+02 8.143E-09 1.719E-03 9.848E-08 2.640E-02 1.754E-03 2.988E-02 2.988E-02 
2.000E+02 4.579E-09 1.348E-03 7.369E-08 2.761E-02 1.879E-03 3.084E-02 3.084E-02 
3.000E+02 2.036E-09 9.552E-04 4.902E-08 2.905E-02 2.036E-03 3.204E-02 3.204E-02 
4.000E+02 1.145E-09 7.482E-04 3.673E-08 2.990E-02 2.133E-03 3.278E-02 3.278E-02 
5.000E+02 7.328E-10 6.193E-04 2.936E-08 3.045E-02 2.199E-03 3.327E-02 3.327E-02 
6.000E+02 5.088E-10 5.302E-04 2.446E-08 3.086E-02 2.250E-03 3.364E-02 3.364E-02 
8.000E+02 2.862E-10 4.141E-04 1.833E-08 3.140E-02 2.320E-03 3.413E-02 3.413E-02 
1.000E+03 1.832E-10 3.406E-04 1.466E-08 3.175E-02 2.366E-03 3.446E-02 3.446E-02 
1.500E+03 8.143E-11 2.380E-04 9.768E-09 3.227E-02 2.438E-03 3.495E-02 3.495E-02 
2.000E+03 4.579E-11 1.842E-04 7.324E-09 3.255E-02 2.477E-03 3.521E-02 3.521E-02 
3.000E+03 2.036E-11 1.280E-04 4.882E-09 3.286E-02 2.522E-03 3.551E-02 3.551E-02 
4.000E+03 1.145E-11 9.885E-05 3.661E-09 3.301E-02 2.549E-03 3.566E-02 3.566E-02 
5.000E+03 7.328E-12 8.080E-05 2.928E-09 3.313E-02 2.564E-03 3.578E-02 3.578E-02 
6.000E+03 5.088E-12 6.854E-05 2.440E-09 3.319E-02 2.576E-03 3.583E-02 3.583E-02 
8.000E+03 2.862E-12 5.279E-05 1.830E-09 3.329E-02 2.592E-03 3.593E-02 3.593E-02 
1.000E+04 1.832E-12 4.310E-05 1.464E-09 3.334E-02 2.601E-03 3.599E-02 3.599E-02 
1.500E+04 8.143E-13 2.979E-05 9.760E-10 3.344E-02 2.615E-03 3.609E-02 3.609E-02 
2.000E+04 4.579E-13 2.290E-05 7.320E-10 3.348E-02 2.623E-03 3.613E-02 3.613E-02 
3.000E+04 2.036E-13 1.580E-05 4.880E-10 3.352E-02 2.629E-03 3.616E-02 3.616E-02 
4.000E+04 1.145E-13 1.213E-05 3.659E-10 3.356E-02 2.634E-03 3.620E-02 3.620E-02 
5.000E+04 7.328E-14 9.875E-06 2.928E-10 3.358E-02 2.636E-03 3.622E-02 3.622E-02 
6.000E+04 5.088E-14 8.347E-06 2.440E-10 3.358E-02 2.638E-03 3.622E-02 3.622E-02 
8.000E+04 2.862E-14 6.401E-06 1.830E-10 3.360E-02 2.640E-03 3.624E-02 3.624E-02 
1.000E+05 1.832E-14 5.207E-06 1.464E-10 3.360E-02 2.642E-03 3.624E-02 3.624E-02 
