1.000E-03 1.144E+01 4.340E-03 3.672E+03 0.000E+00 0.000E+00 3.683E+03 3.672E+03 
1.500E-03 1.096E+01 7.514E-03 1.633E+03 0.000E+00 0.000E+00 1.644E+03 1.633E+03 
1.809E-03 1.064E+01 9.381E-03 1.097E+03 0.000E+00 0.000E+00 1.108E+03 1.097E+03 
1.840E-03 1.060E+01 9.566E-03 1.931E+03 0.000E+00 0.000E+00 1.942E+03 1.931E+03 
1.872E-03 1.057E+01 9.755E-03 2.854E+03 0.000E+00 0.000E+00 2.865E+03 2.854E+03 
2.000E-03 1.043E+01 1.052E-02 3.911E+03 0.000E+00 0.000E+00 3.921E+03 3.911E+03 
2.281E-03 1.012E+01 1.219E-02 2.818E+03 0.000E+00 0.000E+00 2.828E+03 2.818E+03 
2.423E-03 9.972E+00 1.302E-02 2.822E+03 0.000E+00 0.000E+00 2.832E+03 2.822E+03 
2.575E-03 9.817E+00 1.389E-02 2.436E+03 0.000E+00 0.000E+00 2.446E+03 2.436E+03 
2.694E-03 9.690E+00 1.457E-02 2.329E+03 0.000E+00 0.000E+00 2.338E+03 2.329E+03 
2.820E-03 9.555E+00 1.529E-02 2.094E+03 0.000E+00 0.000E+00 2.104E+03 2.094E+03 
3.000E-03 9.362E+00 1.633E-02 1.893E+03 0.000E+00 0.000E+00 1.902E+03 1.893E+03 
4.000E-03 8.369E+00 2.186E-02 9.480E+02 0.000E+00 0.000E+00 9.563E+02 9.480E+02 
5.000E-03 7.481E+00 2.711E-02 5.457E+02 0.000E+00 0.000E+00 5.532E+02 5.457E+02 
6.000E-03 6.695E+00 3.203E-02 3.446E+02 0.000E+00 0.000E+00 3.513E+02 3.446E+02 
8.000E-03 5.418E+00 4.068E-02 1.651E+02 0.000E+00 0.000E+00 1.705E+02 1.651E+02 
1.000E-02 4.448E+00 4.792E-02 9.240E+01 0.000E+00 0.000E+00 9.690E+01 9.245E+01 
1.021E-02 4.363E+00 4.861E-02 8.759E+01 0.000E+00 0.000E+00 9.200E+01 8.764E+01 
1.085E-02 4.108E+00 5.070E-02 1.943E+02 0.000E+00 0.000E+00 1.985E+02 1.944E+02 
1.154E-02 3.859E+00 5.280E-02 1.650E+02 0.000E+00 0.000E+00 1.689E+02 1.650E+02 
1.182E-02 3.766E+00 5.360E-02 2.147E+02 0.000E+00 0.000E+00 2.185E+02 2.148E+02 
1.210E-02 3.675E+00 5.441E-02 2.028E+02 0.000E+00 0.000E+00 2.065E+02 2.028E+02 
1.500E-02 2.886E+00 6.197E-02 1.359E+02 0.000E+00 0.000E+00 1.389E+02 1.360E+02 
2.000E-02 2.036E+00 7.246E-02 6.361E+01 0.000E+00 0.000E+00 6.572E+01 6.368E+01 
3.000E-02 1.204E+00 8.644E-02 2.144E+01 0.000E+00 0.000E+00 2.273E+01 2.153E+01 
4.000E-02 7.937E-01 9.427E-02 9.781E+00 0.000E+00 0.000E+00 1.067E+01 9.875E+00 
5.000E-02 5.614E-01 9.863E-02 5.290E+00 0.000E+00 0.000E+00 5.950E+00 5.389E+00 
6.000E-02 4.206E-01 1.010E-01 3.191E+00 0.000E+00 0.000E+00 3.713E+00 3.292E+00 
6.953E-02 3.318E-01 1.022E-01 2.118E+00 0.000E+00 0.000E+00 2.552E+00 2.220E+00 
8.000E-02 2.642E-01 1.026E-01 7.442E+00 0.000E+00 0.000E+00 7.809E+00 7.545E+00 
1.000E-01 1.815E-01 1.020E-01 4.153E+00 0.000E+00 0.000E+00 4.437E+00 4.255E+00 
1.500E-01 8.877E-02 9.738E-02 1.395E+00 0.000E+00 0.000E+00 1.581E+00 1.492E+00 
2.000E-01 5.290E-02 9.185E-02 6.397E-01 0.000E+00 0.000E+00 7.845E-01 7.316E-01 
3.000E-01 2.512E-02 8.212E-02 2.166E-01 0.000E+00 0.000E+00 3.238E-01 2.987E-01 
4.000E-01 1.461E-02 7.458E-02 1.033E-01 0.000E+00 0.000E+00 1.925E-01 1.779E-01 
5.000E-01 9.535E-03 6.866E-02 5.962E-02 0.000E+00 0.000E+00 1.378E-01 1.283E-01 
6.000E-01 6.708E-03 6.384E-02 3.875E-02 0.000E+00 0.000E+00 1.093E-01 1.026E-01 
8.000E-01 3.836E-03 5.641E-02 2.042E-02 0.000E+00 0.000E+00 8.066E-02 7.683E-02 
1.000E+00 2.477E-03 5.087E-02 1.283E-02 0.000E+00 0.000E+00 6.618E-02 6.370E-02 
1.022E+00 2.373E-03 5.031E-02 1.228E-02 0.000E+00 0.000E+00 6.497E-02 6.259E-02 
1.250E+00 1.597E-03 4.556E-02 8.281E-03 3.227E-04 0.000E+00 5.576E-02 5.417E-02 
1.500E+00 1.113E-03 4.147E-02 5.906E-03 1.510E-03 0.000E+00 5.000E-02 4.888E-02 
2.000E+00 6.292E-04 3.544E-02 3.574E-03 4.684E-03 0.000E+00 4.433E-02 4.370E-02 
2.044E+00 6.024E-04 3.502E-02 3.449E-03 4.969E-03 0.000E+00 4.404E-02 4.343E-02 
3.000E+00 2.806E-04 2.791E-02 1.875E-03 1.067E-02 9.755E-06 4.075E-02 4.047E-02 
4.000E+00 1.580E-04 2.330E-02 1.231E-03 1.565E-02 3.977E-05 4.038E-02 4.022E-02 
5.000E+00 1.012E-04 2.012E-02 9.044E-04 1.983E-02 7.911E-05 4.103E-02 4.093E-02 
6.000E+00 7.033E-05 1.779E-02 7.098E-04 2.342E-02 1.213E-04 4.210E-02 4.203E-02 
7.000E+00 5.166E-05 1.599E-02 5.821E-04 2.658E-02 1.632E-04 4.337E-02 4.332E-02 
8.000E+00 3.957E-05 1.455E-02 4.923E-04 2.943E-02 2.038E-04 4.472E-02 4.468E-02 
9.000E+00 3.127E-05 1.338E-02 4.258E-04 3.202E-02 2.425E-04 4.610E-02 4.607E-02 
1.000E+01 2.533E-05 1.240E-02 3.747E-04 3.439E-02 2.792E-04 4.747E-02 4.745E-02 
1.100E+01 2.093E-05 1.156E-02 3.344E-04 3.659E-02 3.139E-04 4.882E-02 4.880E-02 
1.200E+01 1.759E-05 1.085E-02 3.019E-04 3.865E-02 3.466E-04 5.016E-02 5.015E-02 
1.300E+01 1.499E-05 1.022E-02 2.750E-04 4.055E-02 3.773E-04 5.144E-02 5.142E-02 
1.400E+01 1.293E-05 9.666E-03 2.524E-04 4.235E-02 4.065E-04 5.269E-02 5.268E-02 
1.500E+01 1.126E-05 9.175E-03 2.333E-04 4.399E-02 4.340E-04 5.384E-02 5.383E-02 
1.600E+01 9.895E-06 8.739E-03 2.167E-04 4.556E-02 4.602E-04 5.499E-02 5.498E-02 
1.800E+01 7.819E-06 7.986E-03 1.898E-04 4.835E-02 5.087E-04 5.704E-02 5.703E-02 
2.000E+01 6.332E-06 7.363E-03 1.688E-04 5.084E-02 5.526E-04 5.893E-02 5.892E-02 
2.200E+01 5.234E-06 6.843E-03 1.519E-04 5.310E-02 5.929E-04 6.069E-02 6.068E-02 
2.400E+01 4.399E-06 6.394E-03 1.381E-04 5.516E-02 6.296E-04 6.233E-02 6.232E-02 
2.600E+01 3.747E-06 6.004E-03 1.266E-04 5.703E-02 6.633E-04 6.383E-02 6.382E-02 
2.800E+01 3.231E-06 5.663E-03 1.168E-04 5.876E-02 6.947E-04 6.524E-02 6.524E-02 
3.000E+01 2.815E-06 5.362E-03 1.084E-04 6.034E-02 7.239E-04 6.653E-02 6.653E-02 
4.000E+01 1.583E-06 4.262E-03 7.979E-05 6.682E-02 8.435E-04 7.201E-02 7.201E-02 
5.000E+01 1.013E-06 3.557E-03 6.312E-05 7.164E-02 9.335E-04 7.619E-02 7.619E-02 
6.000E+01 7.036E-07 3.065E-03 5.218E-05 7.537E-02 1.005E-03 7.949E-02 7.949E-02 
8.000E+01 3.957E-07 2.417E-03 3.875E-05 8.087E-02 1.110E-03 8.444E-02 8.444E-02 
1.000E+02 2.533E-07 2.006E-03 3.082E-05 8.474E-02 1.187E-03 8.796E-02 8.796E-02 
1.500E+02 1.126E-07 1.429E-03 2.039E-05 9.086E-02 1.312E-03 9.363E-02 9.363E-02 
2.000E+02 6.332E-08 1.120E-03 1.523E-05 9.450E-02 1.389E-03 9.702E-02 9.702E-02 
3.000E+02 2.815E-08 7.940E-04 1.011E-05 9.869E-02 1.483E-03 1.010E-01 1.010E-01 
4.000E+02 1.583E-08 6.217E-04 7.570E-06 1.011E-01 1.539E-03 1.033E-01 1.033E-01 
5.000E+02 1.013E-08 5.146E-04 6.047E-06 1.027E-01 1.577E-03 1.048E-01 1.048E-01 
6.000E+02 7.036E-09 4.406E-04 5.035E-06 1.038E-01 1.604E-03 1.059E-01 1.059E-01 
8.000E+02 3.957E-09 3.443E-04 3.773E-06 1.053E-01 1.643E-03 1.073E-01 1.073E-01 
1.000E+03 2.533E-09 2.832E-04 3.016E-06 1.063E-01 1.668E-03 1.082E-01 1.082E-01 
1.500E+03 1.126E-09 1.977E-04 2.010E-06 1.077E-01 1.705E-03 1.096E-01 1.096E-01 
2.000E+03 6.332E-10 1.531E-04 1.506E-06 1.084E-01 1.727E-03 1.103E-01 1.103E-01 
3.000E+03 2.815E-10 1.064E-04 1.004E-06 1.093E-01 1.749E-03 1.111E-01 1.111E-01 
4.000E+03 1.583E-10 8.215E-05 7.527E-07 1.097E-01 1.763E-03 1.115E-01 1.115E-01 
5.000E+03 1.013E-10 6.715E-05 6.020E-07 1.100E-01 1.771E-03 1.118E-01 1.118E-01 
6.000E+03 7.036E-11 5.696E-05 5.018E-07 1.102E-01 1.777E-03 1.120E-01 1.120E-01 
8.000E+03 3.957E-11 4.389E-05 3.764E-07 1.104E-01 1.785E-03 1.122E-01 1.122E-01 
1.000E+04 2.533E-11 3.583E-05 3.010E-07 1.106E-01 1.790E-03 1.124E-01 1.124E-01 
1.500E+04 1.126E-11 2.476E-05 2.007E-07 1.108E-01 1.797E-03 1.126E-01 1.126E-01 
2.000E+04 6.332E-12 1.903E-05 1.505E-07 1.109E-01 1.801E-03 1.128E-01 1.128E-01 
3.000E+04 2.815E-12 1.313E-05 1.003E-07 1.110E-01 1.804E-03 1.129E-01 1.129E-01 
4.000E+04 1.583E-12 1.008E-05 7.524E-08 1.111E-01 1.806E-03 1.129E-01 1.129E-01 
5.000E+04 1.013E-12 8.209E-06 6.020E-08 1.112E-01 1.808E-03 1.130E-01 1.130E-01 
6.000E+04 7.036E-13 6.938E-06 5.015E-08 1.112E-01 1.809E-03 1.130E-01 1.130E-01 
8.000E+04 3.957E-13 5.320E-06 3.760E-08 1.112E-01 1.810E-03 1.131E-01 1.131E-01 
1.000E+05 2.533E-13 4.327E-06 3.009E-08 1.112E-01 1.811E-03 1.131E-01 1.131E-01 
