1.000E-03 1.470E+01 4.080E-03 7.879E+03 0.000E+00 0.000E+00 7.894E+03 7.879E+03 
1.131E-03 1.455E+01 4.781E-03 6.393E+03 0.000E+00 0.000E+00 6.408E+03 6.393E+03 
1.279E-03 1.438E+01 5.588E-03 5.188E+03 0.000E+00 0.000E+00 5.202E+03 5.188E+03 
1.500E-03 1.409E+01 6.800E-03 4.049E+03 0.000E+00 0.000E+00 4.063E+03 4.049E+03 
1.616E-03 1.394E+01 7.440E-03 3.483E+03 0.000E+00 0.000E+00 3.497E+03 3.483E+03 
1.705E-03 1.383E+01 7.931E-03 3.154E+03 0.000E+00 0.000E+00 3.167E+03 3.154E+03 
1.799E-03 1.371E+01 8.448E-03 2.823E+03 0.000E+00 0.000E+00 2.837E+03 2.823E+03 
2.000E-03 1.343E+01 9.553E-03 2.298E+03 0.000E+00 0.000E+00 2.311E+03 2.298E+03 
3.000E-03 1.210E+01 1.492E-02 9.421E+02 0.000E+00 0.000E+00 9.542E+02 9.421E+02 
4.000E-03 1.083E+01 1.991E-02 4.862E+02 0.000E+00 0.000E+00 4.970E+02 4.862E+02 
4.253E-03 1.053E+01 2.110E-02 4.212E+02 0.000E+00 0.000E+00 4.317E+02 4.212E+02 
4.373E-03 1.039E+01 2.166E-02 8.929E+02 0.000E+00 0.000E+00 9.033E+02 8.929E+02 
4.497E-03 1.025E+01 2.223E-02 8.443E+02 0.000E+00 0.000E+00 8.545E+02 8.443E+02 
5.000E-03 9.700E+00 2.446E-02 9.177E+02 0.000E+00 0.000E+00 9.274E+02 9.177E+02 
5.109E-03 9.587E+00 2.494E-02 8.692E+02 0.000E+00 0.000E+00 8.788E+02 8.692E+02 
6.000E-03 8.721E+00 2.864E-02 6.766E+02 0.000E+00 0.000E+00 6.854E+02 6.766E+02 
6.359E-03 8.404E+00 3.005E-02 5.816E+02 0.000E+00 0.000E+00 5.901E+02 5.817E+02 
6.554E-03 8.239E+00 3.080E-02 5.721E+02 0.000E+00 0.000E+00 5.804E+02 5.722E+02 
6.754E-03 8.073E+00 3.156E-02 5.308E+02 0.000E+00 0.000E+00 5.389E+02 5.308E+02 
8.000E-03 7.157E+00 3.605E-02 3.643E+02 0.000E+00 0.000E+00 3.715E+02 3.644E+02 
1.000E-02 5.989E+00 4.257E-02 2.087E+02 0.000E+00 0.000E+00 2.147E+02 2.087E+02 
1.500E-02 4.092E+00 5.593E-02 7.471E+01 0.000E+00 0.000E+00 7.886E+01 7.477E+01 
1.993E-02 2.986E+00 6.541E-02 3.600E+01 0.000E+00 0.000E+00 3.905E+01 3.607E+01 
2.000E-02 2.974E+00 6.550E-02 8.272E+01 0.000E+00 0.000E+00 8.576E+01 8.279E+01 
2.525E-02 2.212E+00 7.277E-02 4.435E+01 0.000E+00 0.000E+00 4.663E+01 4.442E+01 
2.568E-02 2.164E+00 7.328E-02 6.102E+01 0.000E+00 0.000E+00 6.326E+01 6.109E+01 
2.611E-02 2.117E+00 7.378E-02 5.843E+01 0.000E+00 0.000E+00 6.062E+01 5.850E+01 
3.000E-02 1.760E+00 7.781E-02 4.739E+01 0.000E+00 0.000E+00 4.923E+01 4.747E+01 
4.000E-02 1.180E+00 8.527E-02 2.278E+01 0.000E+00 0.000E+00 2.404E+01 2.286E+01 
5.000E-02 8.567E-01 8.992E-02 1.276E+01 0.000E+00 0.000E+00 1.370E+01 1.285E+01 
6.000E-02 6.478E-01 9.275E-02 7.903E+00 0.000E+00 0.000E+00 8.644E+00 7.996E+00 
8.000E-02 4.073E-01 9.510E-02 3.689E+00 0.000E+00 0.000E+00 4.191E+00 3.784E+00 
1.000E-01 2.828E-01 9.520E-02 2.036E+00 0.000E+00 0.000E+00 2.414E+00 2.131E+00 
1.360E-01 1.689E-01 9.285E-02 8.970E-01 0.000E+00 0.000E+00 1.159E+00 9.899E-01 
1.500E-01 1.425E-01 9.169E-02 2.792E+00 0.000E+00 0.000E+00 3.026E+00 2.884E+00 
2.000E-01 8.555E-02 8.721E-02 1.350E+00 0.000E+00 0.000E+00 1.523E+00 1.438E+00 
3.000E-01 4.118E-02 7.853E-02 4.917E-01 0.000E+00 0.000E+00 6.114E-01 5.702E-01 
4.000E-01 2.432E-02 7.157E-02 2.458E-01 0.000E+00 0.000E+00 3.417E-01 3.174E-01 
5.000E-01 1.606E-02 6.603E-02 1.467E-01 0.000E+00 0.000E+00 2.288E-01 2.128E-01 
6.000E-01 1.139E-02 6.150E-02 9.767E-02 0.000E+00 0.000E+00 1.706E-01 1.592E-01 
8.000E-01 6.579E-03 5.442E-02 5.286E-02 0.000E+00 0.000E+00 1.139E-01 1.073E-01 
1.000E+00 4.281E-03 4.915E-02 3.360E-02 0.000E+00 0.000E+00 8.703E-02 8.275E-02 
1.022E+00 4.104E-03 4.864E-02 3.219E-02 0.000E+00 0.000E+00 8.493E-02 8.083E-02 
1.250E+00 2.775E-03 4.408E-02 2.178E-02 4.924E-04 0.000E+00 6.913E-02 6.636E-02 
1.500E+00 1.944E-03 4.013E-02 1.548E-02 2.490E-03 0.000E+00 6.004E-02 5.809E-02 
2.000E+00 1.105E-03 3.432E-02 9.345E-03 7.188E-03 0.000E+00 5.196E-02 5.086E-02 
2.044E+00 1.059E-03 3.389E-02 9.006E-03 7.574E-03 0.000E+00 5.153E-02 5.047E-02 
3.000E+00 4.958E-04 2.706E-02 4.859E-03 1.455E-02 9.445E-06 4.697E-02 4.648E-02 
4.000E+00 2.799E-04 2.258E-02 3.166E-03 2.009E-02 3.847E-05 4.615E-02 4.587E-02 
5.000E+00 1.795E-04 1.950E-02 2.311E-03 2.470E-02 7.646E-05 4.678E-02 4.660E-02 
6.000E+00 1.248E-04 1.725E-02 1.805E-03 2.857E-02 1.172E-04 4.786E-02 4.773E-02 
7.000E+00 9.172E-05 1.550E-02 1.475E-03 3.209E-02 1.576E-04 4.932E-02 4.923E-02 
8.000E+00 7.025E-05 1.411E-02 1.243E-03 3.528E-02 1.966E-04 5.090E-02 5.083E-02 
9.000E+00 5.553E-05 1.297E-02 1.073E-03 3.821E-02 2.338E-04 5.254E-02 5.249E-02 
1.000E+01 4.500E-05 1.202E-02 9.421E-04 4.092E-02 2.691E-04 5.419E-02 5.415E-02 
1.100E+01 3.720E-05 1.121E-02 8.392E-04 4.344E-02 3.022E-04 5.583E-02 5.579E-02 
1.200E+01 3.125E-05 1.052E-02 7.562E-04 4.579E-02 3.336E-04 5.742E-02 5.739E-02 
1.300E+01 2.662E-05 9.906E-03 6.879E-04 4.799E-02 3.629E-04 5.898E-02 5.895E-02 
1.400E+01 2.297E-05 9.371E-03 6.306E-04 5.006E-02 3.910E-04 6.047E-02 6.045E-02 
1.500E+01 2.001E-05 8.898E-03 5.821E-04 5.198E-02 4.173E-04 6.189E-02 6.187E-02 
1.600E+01 1.759E-05 8.474E-03 5.404E-04 5.380E-02 4.423E-04 6.327E-02 6.325E-02 
1.800E+01 1.390E-05 7.745E-03 4.723E-04 5.708E-02 4.883E-04 6.580E-02 6.579E-02 
2.000E+01 1.126E-05 7.143E-03 4.195E-04 6.001E-02 5.301E-04 6.811E-02 6.810E-02 
2.200E+01 9.304E-06 6.634E-03 3.770E-04 6.267E-02 5.680E-04 7.026E-02 7.025E-02 
2.400E+01 7.817E-06 6.198E-03 3.425E-04 6.512E-02 6.030E-04 7.227E-02 7.226E-02 
2.600E+01 6.661E-06 5.821E-03 3.135E-04 6.737E-02 6.349E-04 7.415E-02 7.414E-02 
2.800E+01 5.744E-06 5.490E-03 2.893E-04 6.941E-02 6.646E-04 7.586E-02 7.586E-02 
3.000E+01 5.003E-06 5.200E-03 2.682E-04 7.131E-02 6.920E-04 7.747E-02 7.747E-02 
4.000E+01 2.816E-06 4.133E-03 1.969E-04 7.901E-02 8.047E-04 8.414E-02 8.414E-02 
5.000E+01 1.802E-06 3.449E-03 1.555E-04 8.474E-02 8.891E-04 8.923E-02 8.923E-02 
6.000E+01 1.251E-06 2.972E-03 1.285E-04 8.920E-02 9.556E-04 9.326E-02 9.326E-02 
8.000E+01 7.037E-07 2.344E-03 9.529E-05 9.575E-02 1.054E-03 9.924E-02 9.924E-02 
1.000E+02 4.504E-07 1.945E-03 7.574E-05 1.004E-01 1.125E-03 1.035E-01 1.035E-01 
1.500E+02 2.002E-07 1.385E-03 5.003E-05 1.076E-01 1.241E-03 1.103E-01 1.103E-01 
2.000E+02 1.126E-07 1.086E-03 3.737E-05 1.119E-01 1.313E-03 1.144E-01 1.144E-01 
3.000E+02 5.003E-08 7.699E-04 2.480E-05 1.169E-01 1.399E-03 1.191E-01 1.191E-01 
4.000E+02 2.816E-08 6.030E-04 1.855E-05 1.198E-01 1.451E-03 1.219E-01 1.219E-01 
5.000E+02 1.802E-08 4.991E-04 1.482E-05 1.217E-01 1.486E-03 1.237E-01 1.237E-01 
6.000E+02 1.251E-08 4.274E-04 1.234E-05 1.230E-01 1.511E-03 1.250E-01 1.250E-01 
8.000E+02 7.037E-09 3.339E-04 9.246E-06 1.248E-01 1.546E-03 1.267E-01 1.267E-01 
1.000E+03 4.504E-09 2.746E-04 7.392E-06 1.260E-01 1.569E-03 1.278E-01 1.278E-01 
1.500E+03 2.002E-09 1.918E-04 4.924E-06 1.276E-01 1.604E-03 1.294E-01 1.294E-01 
2.000E+03 1.126E-09 1.484E-04 3.691E-06 1.286E-01 1.623E-03 1.303E-01 1.303E-01 
3.000E+03 5.003E-10 1.032E-04 2.458E-06 1.295E-01 1.644E-03 1.312E-01 1.312E-01 
4.000E+03 2.816E-10 7.965E-05 1.844E-06 1.301E-01 1.657E-03 1.318E-01 1.318E-01 
5.000E+03 1.802E-10 6.512E-05 1.475E-06 1.304E-01 1.665E-03 1.322E-01 1.322E-01 
6.000E+03 1.251E-10 5.524E-05 1.229E-06 1.307E-01 1.670E-03 1.324E-01 1.324E-01 
8.000E+03 7.037E-11 4.255E-05 9.217E-07 1.310E-01 1.677E-03 1.327E-01 1.327E-01 
1.000E+04 4.504E-11 3.473E-05 7.373E-07 1.312E-01 1.682E-03 1.329E-01 1.329E-01 
1.500E+04 2.002E-11 2.401E-05 4.915E-07 1.314E-01 1.688E-03 1.331E-01 1.331E-01 
2.000E+04 1.126E-11 1.846E-05 3.686E-07 1.316E-01 1.692E-03 1.333E-01 1.333E-01 
3.000E+04 5.003E-12 1.273E-05 2.456E-07 1.317E-01 1.695E-03 1.334E-01 1.334E-01 
4.000E+04 2.816E-12 9.774E-06 1.843E-07 1.318E-01 1.697E-03 1.335E-01 1.335E-01 
5.000E+04 1.802E-12 7.958E-06 1.474E-07 1.318E-01 1.698E-03 1.336E-01 1.336E-01 
6.000E+04 1.251E-12 6.728E-06 1.229E-07 1.319E-01 1.699E-03 1.336E-01 1.336E-01 
8.000E+04 7.037E-13 5.159E-06 9.215E-08 1.319E-01 1.700E-03 1.336E-01 1.336E-01 
1.000E+05 4.504E-13 4.197E-06 7.371E-08 1.319E-01 1.701E-03 1.336E-01 1.336E-01 
