1.000E-03 5.052E+00 7.812E-03 9.850E+03 0.000E+00 0.000E+00 9.856E+03 9.850E+03 
1.004E-03 5.050E+00 7.861E-03 9.748E+03 0.000E+00 0.000E+00 9.753E+03 9.748E+03 
1.008E-03 5.047E+00 7.910E-03 9.651E+03 0.000E+00 0.000E+00 9.656E+03 9.651E+03 
1.500E-03 4.761E+00 1.390E-02 4.230E+03 0.000E+00 0.000E+00 4.234E+03 4.230E+03 
2.000E-03 4.447E+00 1.960E-02 2.044E+03 0.000E+00 0.000E+00 2.048E+03 2.044E+03 
3.000E-03 3.838E+00 3.003E-02 7.056E+02 0.000E+00 0.000E+00 7.095E+02 7.057E+02 
4.000E-03 3.293E+00 3.984E-02 3.249E+02 0.000E+00 0.000E+00 3.282E+02 3.249E+02 
5.000E-03 2.819E+00 4.895E-02 1.764E+02 0.000E+00 0.000E+00 1.793E+02 1.764E+02 
6.000E-03 2.417E+00 5.727E-02 1.065E+02 0.000E+00 0.000E+00 1.090E+02 1.066E+02 
8.000E-03 1.811E+00 7.172E-02 4.764E+01 0.000E+00 0.000E+00 4.952E+01 4.771E+01 
8.333E-03 1.733E+00 7.386E-02 4.247E+01 0.000E+00 0.000E+00 4.428E+01 4.254E+01 
1.000E-02 1.406E+00 8.359E-02 2.075E+02 0.000E+00 0.000E+00 2.090E+02 2.076E+02 
1.500E-02 8.601E-01 1.041E-01 6.985E+01 0.000E+00 0.000E+00 7.081E+01 6.995E+01 
2.000E-02 5.947E-01 1.165E-01 3.149E+01 0.000E+00 0.000E+00 3.220E+01 3.161E+01 
3.000E-02 3.303E-01 1.299E-01 9.883E+00 0.000E+00 0.000E+00 1.034E+01 1.001E+01 
4.000E-02 2.082E-01 1.356E-01 4.256E+00 0.000E+00 0.000E+00 4.600E+00 4.392E+00 
5.000E-02 1.440E-01 1.377E-01 2.193E+00 0.000E+00 0.000E+00 2.474E+00 2.330E+00 
6.000E-02 1.061E-01 1.378E-01 1.267E+00 0.000E+00 0.000E+00 1.511E+00 1.405E+00 
8.000E-02 6.483E-02 1.358E-01 5.300E-01 0.000E+00 0.000E+00 7.306E-01 6.657E-01 
1.000E-01 4.367E-02 1.323E-01 2.680E-01 0.000E+00 0.000E+00 4.439E-01 4.003E-01 
1.500E-01 2.072E-02 1.226E-01 7.746E-02 0.000E+00 0.000E+00 2.208E-01 2.001E-01 
2.000E-01 1.203E-02 1.139E-01 3.229E-02 0.000E+00 0.000E+00 1.582E-01 1.462E-01 
3.000E-01 5.510E-03 1.002E-01 9.702E-03 0.000E+00 0.000E+00 1.154E-01 1.099E-01 
4.000E-01 3.143E-03 9.020E-02 4.299E-03 0.000E+00 0.000E+00 9.765E-02 9.450E-02 
5.000E-01 2.027E-03 8.259E-02 2.365E-03 0.000E+00 0.000E+00 8.698E-02 8.496E-02 
6.000E-01 1.413E-03 7.654E-02 1.491E-03 0.000E+00 0.000E+00 7.944E-02 7.803E-02 
8.000E-01 7.983E-04 6.735E-02 7.603E-04 0.000E+00 0.000E+00 6.891E-02 6.811E-02 
1.000E+00 5.120E-04 6.061E-02 4.730E-04 0.000E+00 0.000E+00 6.160E-02 6.108E-02 
1.022E+00 4.903E-04 5.996E-02 4.492E-04 0.000E+00 0.000E+00 6.090E-02 6.041E-02 
1.250E+00 3.281E-04 5.423E-02 3.037E-04 7.980E-05 0.000E+00 5.494E-02 5.461E-02 
1.500E+00 2.280E-04 4.930E-02 2.189E-04 4.023E-04 0.000E+00 5.015E-02 4.992E-02 
2.000E+00 1.284E-04 4.209E-02 1.348E-04 1.518E-03 0.000E+00 4.387E-02 4.374E-02 
2.044E+00 1.229E-04 4.157E-02 1.302E-04 1.631E-03 0.000E+00 4.345E-02 4.333E-02 
3.000E+00 5.708E-05 3.312E-02 7.301E-05 4.189E-03 1.159E-05 3.745E-02 3.740E-02 
4.000E+00 3.212E-05 2.763E-02 4.910E-05 6.675E-03 4.731E-05 3.444E-02 3.440E-02 
5.000E+00 2.055E-05 2.387E-02 3.671E-05 8.867E-03 9.425E-05 3.289E-02 3.287E-02 
6.000E+00 1.427E-05 2.110E-02 2.921E-05 1.082E-02 1.447E-04 3.210E-02 3.209E-02 
7.000E+00 1.049E-05 1.896E-02 2.422E-05 1.255E-02 1.950E-04 3.174E-02 3.173E-02 
8.000E+00 8.030E-06 1.726E-02 2.066E-05 1.411E-02 2.438E-04 3.164E-02 3.163E-02 
9.000E+00 6.345E-06 1.586E-02 1.800E-05 1.552E-02 2.905E-04 3.170E-02 3.170E-02 
1.000E+01 5.140E-06 1.469E-02 1.594E-05 1.680E-02 3.349E-04 3.185E-02 3.184E-02 
1.100E+01 4.248E-06 1.371E-02 1.429E-05 1.797E-02 3.770E-04 3.207E-02 3.207E-02 
1.200E+01 3.569E-06 1.286E-02 1.296E-05 1.902E-02 4.167E-04 3.231E-02 3.231E-02 
1.300E+01 3.041E-06 1.211E-02 1.184E-05 2.001E-02 4.541E-04 3.259E-02 3.258E-02 
1.400E+01 2.623E-06 1.146E-02 1.091E-05 2.092E-02 4.900E-04 3.289E-02 3.288E-02 
1.500E+01 2.284E-06 1.088E-02 1.011E-05 2.178E-02 5.237E-04 3.320E-02 3.319E-02 
1.600E+01 2.008E-06 1.036E-02 9.416E-06 2.258E-02 5.559E-04 3.352E-02 3.351E-02 
1.800E+01 1.586E-06 9.468E-03 8.283E-06 2.405E-02 6.158E-04 3.414E-02 3.414E-02 
2.000E+01 1.285E-06 8.731E-03 7.391E-06 2.535E-02 6.702E-04 3.476E-02 3.476E-02 
2.200E+01 1.062E-06 8.109E-03 6.672E-06 2.655E-02 7.203E-04 3.538E-02 3.538E-02 
2.400E+01 8.924E-07 7.578E-03 6.080E-06 2.762E-02 7.664E-04 3.597E-02 3.597E-02 
2.600E+01 7.603E-07 7.116E-03 5.584E-06 2.861E-02 8.090E-04 3.654E-02 3.654E-02 
2.800E+01 6.556E-07 6.713E-03 5.163E-06 2.951E-02 8.487E-04 3.708E-02 3.708E-02 
3.000E+01 5.711E-07 6.357E-03 4.801E-06 3.034E-02 8.856E-04 3.759E-02 3.759E-02 
4.000E+01 3.213E-07 5.050E-03 3.553E-06 3.375E-02 1.039E-03 3.984E-02 3.984E-02 
5.000E+01 2.056E-07 4.216E-03 2.821E-06 3.629E-02 1.157E-03 4.167E-02 4.167E-02 
6.000E+01 1.427E-07 3.632E-03 2.337E-06 3.829E-02 1.252E-03 4.318E-02 4.318E-02 
8.000E+01 8.030E-08 2.865E-03 1.741E-06 4.126E-02 1.394E-03 4.552E-02 4.552E-02 
1.000E+02 5.140E-08 2.377E-03 1.387E-06 4.338E-02 1.499E-03 4.726E-02 4.726E-02 
1.500E+02 2.284E-08 1.693E-03 9.202E-07 4.678E-02 1.675E-03 5.015E-02 5.015E-02 
2.000E+02 1.285E-08 1.328E-03 6.883E-07 4.881E-02 1.785E-03 5.193E-02 5.193E-02 
3.000E+02 5.710E-09 9.410E-04 4.576E-07 5.119E-02 1.923E-03 5.406E-02 5.406E-02 
4.000E+02 3.212E-09 7.370E-04 3.427E-07 5.256E-02 2.005E-03 5.530E-02 5.530E-02 
5.000E+02 2.055E-09 6.101E-04 2.740E-07 5.346E-02 2.062E-03 5.613E-02 5.613E-02 
6.000E+02 1.427E-09 5.224E-04 2.282E-07 5.411E-02 2.105E-03 5.673E-02 5.673E-02 
8.000E+02 8.030E-10 4.080E-04 1.710E-07 5.496E-02 2.162E-03 5.753E-02 5.753E-02 
1.000E+03 5.140E-10 3.356E-04 1.368E-07 5.552E-02 2.201E-03 5.806E-02 5.806E-02 
1.500E+03 2.284E-10 2.344E-04 9.112E-08 5.632E-02 2.258E-03 5.882E-02 5.882E-02 
2.000E+03 1.285E-10 1.814E-04 6.832E-08 5.676E-02 2.291E-03 5.924E-02 5.924E-02 
3.000E+03 5.710E-11 1.261E-04 4.554E-08 5.724E-02 2.327E-03 5.969E-02 5.969E-02 
4.000E+03 3.212E-11 9.737E-05 3.415E-08 5.749E-02 2.349E-03 5.994E-02 5.994E-02 
5.000E+03 2.055E-11 7.960E-05 2.731E-08 5.766E-02 2.361E-03 6.010E-02 6.010E-02 
6.000E+03 1.427E-11 6.751E-05 2.276E-08 5.777E-02 2.370E-03 6.021E-02 6.021E-02 
8.000E+03 8.030E-12 5.201E-05 1.707E-08 5.791E-02 2.383E-03 6.035E-02 6.035E-02 
1.000E+04 5.140E-12 4.247E-05 1.366E-08 5.801E-02 2.391E-03 6.044E-02 6.044E-02 
1.500E+04 2.284E-12 2.935E-05 9.103E-09 5.813E-02 2.401E-03 6.056E-02 6.056E-02 
2.000E+04 1.285E-12 2.256E-05 6.828E-09 5.820E-02 2.407E-03 6.063E-02 6.063E-02 
3.000E+04 5.710E-13 1.556E-05 4.552E-09 5.827E-02 2.413E-03 6.070E-02 6.070E-02 
4.000E+04 3.212E-13 1.194E-05 3.414E-09 5.831E-02 2.416E-03 6.074E-02 6.074E-02 
5.000E+04 2.055E-13 9.727E-06 2.730E-09 5.833E-02 2.420E-03 6.076E-02 6.076E-02 
6.000E+04 1.427E-13 8.223E-06 2.276E-09 5.834E-02 2.421E-03 6.077E-02 6.077E-02 
8.000E+04 8.030E-14 6.305E-06 1.706E-09 5.837E-02 2.422E-03 6.080E-02 6.080E-02 
1.000E+05 5.140E-14 5.129E-06 1.366E-09 5.838E-02 2.424E-03 6.081E-02 6.081E-02 
