1.000E-03 1.170E+01 4.046E-03 4.021E+03 0.000E+00 0.000E+00 4.033E+03 4.021E+03 
1.500E-03 1.121E+01 7.137E-03 1.790E+03 0.000E+00 0.000E+00 1.801E+03 1.790E+03 
1.960E-03 1.072E+01 9.866E-03 1.012E+03 0.000E+00 0.000E+00 1.023E+03 1.012E+03 
2.000E-03 1.067E+01 1.010E-02 2.207E+03 0.000E+00 0.000E+00 2.218E+03 2.207E+03 
2.031E-03 1.064E+01 1.028E-02 2.582E+03 0.000E+00 0.000E+00 2.592E+03 2.582E+03 
2.234E-03 1.042E+01 1.145E-02 2.676E+03 0.000E+00 0.000E+00 2.686E+03 2.676E+03 
2.457E-03 1.017E+01 1.272E-02 2.534E+03 0.000E+00 0.000E+00 2.544E+03 2.534E+03 
2.619E-03 9.992E+00 1.363E-02 2.513E+03 0.000E+00 0.000E+00 2.523E+03 2.513E+03 
2.792E-03 9.799E+00 1.460E-02 2.152E+03 0.000E+00 0.000E+00 2.162E+03 2.152E+03 
3.000E-03 9.571E+00 1.576E-02 1.929E+03 0.000E+00 0.000E+00 1.938E+03 1.929E+03 
3.048E-03 9.518E+00 1.603E-02 1.859E+03 0.000E+00 0.000E+00 1.869E+03 1.859E+03 
4.000E-03 8.549E+00 2.116E-02 1.014E+03 0.000E+00 0.000E+00 1.023E+03 1.014E+03 
5.000E-03 7.640E+00 2.629E-02 5.857E+02 0.000E+00 0.000E+00 5.934E+02 5.858E+02 
6.000E-03 6.845E+00 3.114E-02 3.708E+02 0.000E+00 0.000E+00 3.776E+02 3.708E+02 
8.000E-03 5.557E+00 3.983E-02 1.780E+02 0.000E+00 0.000E+00 1.836E+02 1.780E+02 
1.000E-02 4.578E+00 4.708E-02 9.986E+01 0.000E+00 0.000E+00 1.045E+02 9.991E+01 
1.087E-02 4.227E+00 4.990E-02 8.030E+01 0.000E+00 0.000E+00 8.457E+01 8.035E+01 
1.160E-02 3.962E+00 5.216E-02 1.745E+02 0.000E+00 0.000E+00 1.785E+02 1.745E+02 
1.239E-02 3.698E+00 5.436E-02 1.466E+02 0.000E+00 0.000E+00 1.503E+02 1.466E+02 
1.267E-02 3.604E+00 5.511E-02 1.914E+02 0.000E+00 0.000E+00 1.950E+02 1.914E+02 
1.297E-02 3.511E+00 5.585E-02 1.810E+02 0.000E+00 0.000E+00 1.846E+02 1.811E+02 
1.500E-02 2.985E+00 6.095E-02 1.448E+02 0.000E+00 0.000E+00 1.478E+02 1.448E+02 
2.000E-02 2.104E+00 7.121E-02 6.820E+01 0.000E+00 0.000E+00 7.038E+01 6.827E+01 
3.000E-02 1.244E+00 8.504E-02 2.310E+01 0.000E+00 0.000E+00 2.443E+01 2.319E+01 
4.000E-02 8.229E-01 9.293E-02 1.058E+01 0.000E+00 0.000E+00 1.149E+01 1.067E+01 
5.000E-02 5.826E-01 9.733E-02 5.734E+00 0.000E+00 0.000E+00 6.414E+00 5.831E+00 
6.000E-02 4.360E-01 9.974E-02 3.467E+00 0.000E+00 0.000E+00 4.003E+00 3.567E+00 
7.387E-02 3.124E-01 1.012E-01 1.946E+00 0.000E+00 0.000E+00 2.360E+00 2.047E+00 
8.000E-02 2.741E-01 1.014E-01 7.912E+00 0.000E+00 0.000E+00 8.288E+00 8.014E+00 
1.000E-01 1.886E-01 1.009E-01 4.407E+00 0.000E+00 0.000E+00 4.697E+00 4.508E+00 
1.500E-01 9.242E-02 9.644E-02 1.491E+00 0.000E+00 0.000E+00 1.680E+00 1.587E+00 
2.000E-01 5.506E-02 9.100E-02 6.868E-01 0.000E+00 0.000E+00 8.328E-01 7.777E-01 
3.000E-01 2.619E-02 8.143E-02 2.337E-01 0.000E+00 0.000E+00 3.414E-01 3.152E-01 
4.000E-01 1.525E-02 7.399E-02 1.119E-01 0.000E+00 0.000E+00 2.011E-01 1.859E-01 
5.000E-01 9.961E-03 6.811E-02 6.469E-02 0.000E+00 0.000E+00 1.428E-01 1.328E-01 
6.000E-01 7.010E-03 6.336E-02 4.214E-02 0.000E+00 0.000E+00 1.125E-01 1.055E-01 
8.000E-01 4.012E-03 5.598E-02 2.225E-02 0.000E+00 0.000E+00 8.224E-02 7.822E-02 
1.000E+00 2.592E-03 5.047E-02 1.399E-02 0.000E+00 0.000E+00 6.705E-02 6.446E-02 
1.022E+00 2.483E-03 4.993E-02 1.339E-02 0.000E+00 0.000E+00 6.580E-02 6.332E-02 
1.250E+00 1.671E-03 4.521E-02 9.030E-03 3.353E-04 0.000E+00 5.625E-02 5.458E-02 
1.500E+00 1.165E-03 4.116E-02 6.437E-03 1.576E-03 0.000E+00 5.034E-02 4.917E-02 
2.000E+00 6.589E-04 3.518E-02 3.894E-03 4.854E-03 0.000E+00 4.458E-02 4.392E-02 
2.044E+00 6.310E-04 3.473E-02 3.755E-03 5.148E-03 0.000E+00 4.427E-02 4.364E-02 
3.000E+00 2.940E-04 2.771E-02 2.042E-03 1.095E-02 9.682E-06 4.100E-02 4.071E-02 
4.000E+00 1.656E-04 2.312E-02 1.339E-03 1.598E-02 3.945E-05 4.065E-02 4.048E-02 
5.000E+00 1.060E-04 1.998E-02 9.831E-04 2.019E-02 7.849E-05 4.134E-02 4.123E-02 
6.000E+00 7.368E-05 1.766E-02 7.713E-04 2.382E-02 1.203E-04 4.244E-02 4.237E-02 
7.000E+00 5.414E-05 1.587E-02 6.323E-04 2.701E-02 1.620E-04 4.373E-02 4.368E-02 
8.000E+00 4.145E-05 1.445E-02 5.345E-04 2.988E-02 2.022E-04 4.511E-02 4.507E-02 
9.000E+00 3.277E-05 1.328E-02 4.623E-04 3.249E-02 2.406E-04 4.650E-02 4.647E-02 
1.000E+01 2.654E-05 1.231E-02 4.069E-04 3.489E-02 2.770E-04 4.791E-02 4.788E-02 
1.100E+01 2.194E-05 1.148E-02 3.632E-04 3.711E-02 3.115E-04 4.928E-02 4.926E-02 
1.200E+01 1.843E-05 1.077E-02 3.277E-04 3.920E-02 3.439E-04 5.065E-02 5.063E-02 
1.300E+01 1.570E-05 1.014E-02 2.984E-04 4.113E-02 3.742E-04 5.196E-02 5.194E-02 
1.400E+01 1.354E-05 9.594E-03 2.739E-04 4.293E-02 4.034E-04 5.322E-02 5.320E-02 
1.500E+01 1.180E-05 9.109E-03 2.531E-04 4.461E-02 4.306E-04 5.442E-02 5.440E-02 
1.600E+01 1.037E-05 8.675E-03 2.351E-04 4.616E-02 4.566E-04 5.554E-02 5.553E-02 
1.800E+01 8.194E-06 7.928E-03 2.059E-04 4.901E-02 5.047E-04 5.766E-02 5.765E-02 
2.000E+01 6.636E-06 7.311E-03 1.830E-04 5.151E-02 5.481E-04 5.956E-02 5.956E-02 
2.200E+01 5.484E-06 6.792E-03 1.647E-04 5.379E-02 5.880E-04 6.134E-02 6.134E-02 
2.400E+01 4.610E-06 6.345E-03 1.497E-04 5.588E-02 6.244E-04 6.301E-02 6.300E-02 
2.600E+01 3.926E-06 5.959E-03 1.372E-04 5.778E-02 6.579E-04 6.454E-02 6.454E-02 
2.800E+01 3.385E-06 5.623E-03 1.266E-04 5.952E-02 6.890E-04 6.597E-02 6.596E-02 
3.000E+01 2.950E-06 5.322E-03 1.176E-04 6.114E-02 7.178E-04 6.730E-02 6.730E-02 
4.000E+01 1.659E-06 4.230E-03 8.650E-05 6.773E-02 8.362E-04 7.288E-02 7.288E-02 
5.000E+01 1.062E-06 3.530E-03 6.839E-05 7.257E-02 9.252E-04 7.709E-02 7.709E-02 
6.000E+01 7.374E-07 3.042E-03 5.655E-05 7.637E-02 9.955E-04 8.046E-02 8.046E-02 
8.000E+01 4.148E-07 2.399E-03 4.198E-05 8.194E-02 1.100E-03 8.548E-02 8.548E-02 
1.000E+02 2.655E-07 1.992E-03 3.340E-05 8.584E-02 1.176E-03 8.904E-02 8.904E-02 
1.500E+02 1.180E-07 1.418E-03 2.208E-05 9.204E-02 1.299E-03 9.478E-02 9.478E-02 
2.000E+02 6.636E-08 1.112E-03 1.650E-05 9.568E-02 1.375E-03 9.819E-02 9.819E-02 
3.000E+02 2.950E-08 7.881E-04 1.096E-05 9.996E-02 1.468E-03 1.022E-01 1.022E-01 
4.000E+02 1.659E-08 6.174E-04 8.197E-06 1.024E-01 1.523E-03 1.045E-01 1.045E-01 
5.000E+02 1.062E-08 5.110E-04 6.551E-06 1.040E-01 1.560E-03 1.061E-01 1.061E-01 
6.000E+02 7.374E-09 4.376E-04 5.455E-06 1.051E-01 1.587E-03 1.071E-01 1.071E-01 
8.000E+02 4.148E-09 3.416E-04 4.088E-06 1.066E-01 1.625E-03 1.086E-01 1.086E-01 
1.000E+03 2.655E-09 2.811E-04 3.268E-06 1.076E-01 1.650E-03 1.096E-01 1.096E-01 
1.500E+03 1.180E-09 1.963E-04 2.176E-06 1.090E-01 1.686E-03 1.109E-01 1.109E-01 
2.000E+03 6.636E-10 1.519E-04 1.632E-06 1.098E-01 1.707E-03 1.116E-01 1.116E-01 
3.000E+03 2.950E-10 1.057E-04 1.087E-06 1.106E-01 1.729E-03 1.125E-01 1.125E-01 
4.000E+03 1.659E-10 8.156E-05 8.153E-07 1.111E-01 1.743E-03 1.129E-01 1.129E-01 
5.000E+03 1.062E-10 6.668E-05 6.522E-07 1.114E-01 1.751E-03 1.132E-01 1.132E-01 
6.000E+03 7.374E-11 5.655E-05 5.433E-07 1.115E-01 1.757E-03 1.134E-01 1.134E-01 
8.000E+03 4.148E-11 4.357E-05 4.075E-07 1.118E-01 1.764E-03 1.136E-01 1.136E-01 
1.000E+04 2.655E-11 3.556E-05 3.261E-07 1.120E-01 1.769E-03 1.138E-01 1.138E-01 
1.500E+04 1.180E-11 2.458E-05 2.173E-07 1.122E-01 1.775E-03 1.140E-01 1.140E-01 
2.000E+04 6.636E-12 1.890E-05 1.630E-07 1.123E-01 1.779E-03 1.141E-01 1.141E-01 
3.000E+04 2.950E-12 1.303E-05 1.087E-07 1.124E-01 1.783E-03 1.142E-01 1.142E-01 
4.000E+04 1.659E-12 1.001E-05 8.150E-08 1.125E-01 1.785E-03 1.143E-01 1.143E-01 
5.000E+04 1.062E-12 8.147E-06 6.519E-08 1.125E-01 1.786E-03 1.143E-01 1.143E-01 
6.000E+04 7.374E-13 6.887E-06 5.433E-08 1.126E-01 1.787E-03 1.144E-01 1.144E-01 
8.000E+04 4.148E-13 5.281E-06 4.075E-08 1.126E-01 1.788E-03 1.144E-01 1.144E-01 
1.000E+05 2.655E-13 4.297E-06 3.258E-08 1.126E-01 1.789E-03 1.144E-01 1.144E-01 
