1.000E-03 2.256E+00 1.427E-02 1.183E+03 0.000E+00 0.000E+00 1.185E+03 1.183E+03 
1.500E-03 2.040E+00 2.477E-02 4.002E+02 0.000E+00 0.000E+00 4.023E+02 4.002E+02 
1.560E-03 2.015E+00 2.594E-02 3.600E+02 0.000E+00 0.000E+00 3.621E+02 3.600E+02 
2.000E-03 1.838E+00 3.375E-02 2.261E+03 0.000E+00 0.000E+00 2.263E+03 2.261E+03 
3.000E-03 1.523E+00 4.732E-02 7.865E+02 0.000E+00 0.000E+00 7.881E+02 7.866E+02 
4.000E-03 1.295E+00 5.810E-02 3.591E+02 0.000E+00 0.000E+00 3.605E+02 3.592E+02 
5.000E-03 1.116E+00 6.787E-02 1.922E+02 0.000E+00 0.000E+00 1.934E+02 1.923E+02 
6.000E-03 9.638E-01 7.696E-02 1.143E+02 0.000E+00 0.000E+00 1.153E+02 1.143E+02 
8.000E-03 7.229E-01 9.292E-02 4.950E+01 0.000E+00 0.000E+00 5.032E+01 4.960E+01 
1.000E-02 5.513E-01 1.058E-01 2.556E+01 0.000E+00 0.000E+00 2.621E+01 2.566E+01 
1.500E-02 3.136E-01 1.265E-01 7.515E+00 0.000E+00 0.000E+00 7.955E+00 7.641E+00 
2.000E-02 2.046E-01 1.371E-01 3.100E+00 0.000E+00 0.000E+00 3.442E+00 3.237E+00 
3.000E-02 1.095E-01 1.464E-01 8.722E-01 0.000E+00 0.000E+00 1.128E+00 1.019E+00 
4.000E-02 6.859E-02 1.494E-01 3.504E-01 0.000E+00 0.000E+00 5.684E-01 4.998E-01 
5.000E-02 4.678E-02 1.496E-01 1.718E-01 0.000E+00 0.000E+00 3.681E-01 3.214E-01 
6.000E-02 3.386E-02 1.483E-01 9.564E-02 0.000E+00 0.000E+00 2.778E-01 2.440E-01 
8.000E-02 2.005E-02 1.439E-01 3.783E-02 0.000E+00 0.000E+00 2.018E-01 1.817E-01 
1.000E-01 1.324E-02 1.388E-01 1.840E-02 0.000E+00 0.000E+00 1.704E-01 1.572E-01 
1.500E-01 6.122E-03 1.267E-01 4.993E-03 0.000E+00 0.000E+00 1.378E-01 1.317E-01 
2.000E-01 3.504E-03 1.168E-01 2.002E-03 0.000E+00 0.000E+00 1.223E-01 1.188E-01 
3.000E-01 1.580E-03 1.021E-01 5.743E-04 0.000E+00 0.000E+00 1.042E-01 1.026E-01 
4.000E-01 8.934E-04 9.162E-02 2.480E-04 0.000E+00 0.000E+00 9.276E-02 9.187E-02 
5.000E-01 5.732E-04 8.374E-02 1.344E-04 0.000E+00 0.000E+00 8.445E-02 8.388E-02 
6.000E-01 3.986E-04 7.754E-02 8.401E-05 0.000E+00 0.000E+00 7.802E-02 7.762E-02 
8.000E-01 2.245E-04 6.814E-02 4.252E-05 0.000E+00 0.000E+00 6.841E-02 6.818E-02 
1.000E+00 1.438E-04 6.129E-02 2.643E-05 0.000E+00 0.000E+00 6.146E-02 6.132E-02 
1.022E+00 1.377E-04 6.064E-02 2.489E-05 0.000E+00 0.000E+00 6.080E-02 6.067E-02 
1.250E+00 9.207E-05 5.482E-02 1.688E-05 3.134E-05 0.000E+00 5.496E-02 5.486E-02 
1.500E+00 6.395E-05 4.982E-02 1.222E-05 1.708E-04 0.000E+00 5.006E-02 5.000E-02 
2.000E+00 3.598E-05 4.252E-02 7.633E-06 6.747E-04 0.000E+00 4.324E-02 4.320E-02 
2.044E+00 3.444E-05 4.201E-02 7.381E-06 7.272E-04 0.000E+00 4.277E-02 4.274E-02 
3.000E+00 1.599E-05 3.346E-02 4.223E-06 1.918E-03 1.171E-05 3.541E-02 3.539E-02 
4.000E+00 8.997E-06 2.790E-02 2.881E-06 3.102E-03 4.781E-05 3.106E-02 3.105E-02 
5.000E+00 5.758E-06 2.411E-02 2.175E-06 4.154E-03 9.524E-05 2.836E-02 2.836E-02 
6.000E+00 4.000E-06 2.130E-02 1.744E-06 5.098E-03 1.463E-04 2.655E-02 2.655E-02 
7.000E+00 2.937E-06 1.915E-02 1.453E-06 5.937E-03 1.972E-04 2.529E-02 2.528E-02 
8.000E+00 2.250E-06 1.743E-02 1.245E-06 6.694E-03 2.466E-04 2.437E-02 2.437E-02 
9.000E+00 1.777E-06 1.602E-02 1.088E-06 7.377E-03 2.942E-04 2.369E-02 2.369E-02 
1.000E+01 1.440E-06 1.484E-02 9.664E-07 7.999E-03 3.393E-04 2.318E-02 2.318E-02 
1.100E+01 1.190E-06 1.384E-02 8.691E-07 8.564E-03 3.821E-04 2.279E-02 2.279E-02 
1.200E+01 9.997E-07 1.298E-02 7.894E-07 9.082E-03 4.225E-04 2.249E-02 2.249E-02 
1.300E+01 8.519E-07 1.223E-02 7.229E-07 9.562E-03 4.609E-04 2.226E-02 2.225E-02 
1.400E+01 7.345E-07 1.157E-02 6.669E-07 1.001E-02 4.973E-04 2.208E-02 2.208E-02 
1.500E+01 6.399E-07 1.099E-02 6.187E-07 1.043E-02 5.319E-04 2.195E-02 2.195E-02 
1.600E+01 5.625E-07 1.046E-02 5.772E-07 1.082E-02 5.649E-04 2.185E-02 2.184E-02 
1.800E+01 4.444E-07 9.562E-03 5.087E-07 1.154E-02 6.263E-04 2.173E-02 2.173E-02 
2.000E+01 3.600E-07 8.818E-03 4.546E-07 1.218E-02 6.823E-04 2.168E-02 2.168E-02 
2.200E+01 2.975E-07 8.189E-03 4.109E-07 1.276E-02 7.339E-04 2.168E-02 2.168E-02 
2.400E+01 2.500E-07 7.653E-03 3.750E-07 1.329E-02 7.814E-04 2.172E-02 2.172E-02 
2.600E+01 2.130E-07 7.187E-03 3.446E-07 1.377E-02 8.256E-04 2.179E-02 2.179E-02 
2.800E+01 1.836E-07 6.778E-03 3.189E-07 1.422E-02 8.667E-04 2.187E-02 2.187E-02 
3.000E+01 1.600E-07 6.419E-03 2.968E-07 1.463E-02 9.053E-04 2.196E-02 2.196E-02 
4.000E+01 8.997E-08 5.100E-03 2.203E-07 1.634E-02 1.066E-03 2.251E-02 2.251E-02 
5.000E+01 5.758E-08 4.259E-03 1.751E-07 1.761E-02 1.191E-03 2.306E-02 2.306E-02 
6.000E+01 4.000E-08 3.669E-03 1.453E-07 1.862E-02 1.292E-03 2.358E-02 2.358E-02 
8.000E+01 2.250E-08 2.893E-03 1.084E-07 2.013E-02 1.446E-03 2.447E-02 2.447E-02 
1.000E+02 1.439E-08 2.402E-03 8.644E-08 2.121E-02 1.561E-03 2.517E-02 2.517E-02 
1.500E+02 6.397E-09 1.710E-03 5.738E-08 2.294E-02 1.755E-03 2.641E-02 2.641E-02 
2.000E+02 3.598E-09 1.341E-03 4.294E-08 2.402E-02 1.881E-03 2.724E-02 2.724E-02 
3.000E+02 1.599E-09 9.504E-04 2.857E-08 2.527E-02 2.039E-03 2.825E-02 2.825E-02 
4.000E+02 8.997E-10 7.444E-04 2.140E-08 2.600E-02 2.136E-03 2.888E-02 2.888E-02 
5.000E+02 5.758E-10 6.162E-04 1.711E-08 2.649E-02 2.205E-03 2.931E-02 2.931E-02 
6.000E+02 3.997E-10 5.276E-04 1.425E-08 2.683E-02 2.256E-03 2.961E-02 2.961E-02 
8.000E+02 2.250E-10 4.120E-04 1.068E-08 2.730E-02 2.328E-03 3.004E-02 3.004E-02 
1.000E+03 1.439E-10 3.390E-04 8.544E-09 2.761E-02 2.375E-03 3.032E-02 3.032E-02 
1.500E+03 6.397E-11 2.368E-04 5.694E-09 2.806E-02 2.448E-03 3.074E-02 3.074E-02 
2.000E+03 3.598E-11 1.832E-04 4.270E-09 2.830E-02 2.491E-03 3.098E-02 3.098E-02 
3.000E+03 1.599E-11 1.274E-04 2.846E-09 2.857E-02 2.538E-03 3.123E-02 3.123E-02 
4.000E+03 8.997E-12 9.834E-05 2.134E-09 2.873E-02 2.565E-03 3.139E-02 3.139E-02 
5.000E+03 5.758E-12 8.039E-05 1.707E-09 2.881E-02 2.582E-03 3.148E-02 3.148E-02 
6.000E+03 3.997E-12 6.819E-05 1.423E-09 2.888E-02 2.594E-03 3.154E-02 3.154E-02 
8.000E+03 2.250E-12 5.252E-05 1.067E-09 2.895E-02 2.609E-03 3.161E-02 3.161E-02 
1.000E+04 1.439E-12 4.288E-05 8.535E-10 2.902E-02 2.620E-03 3.168E-02 3.168E-02 
1.500E+04 6.397E-13 2.964E-05 5.689E-10 2.908E-02 2.634E-03 3.175E-02 3.175E-02 
2.000E+04 3.598E-13 2.279E-05 4.267E-10 2.913E-02 2.643E-03 3.179E-02 3.179E-02 
3.000E+04 1.599E-13 1.572E-05 2.846E-10 2.915E-02 2.652E-03 3.182E-02 3.182E-02 
4.000E+04 8.997E-14 1.206E-05 2.134E-10 2.917E-02 2.656E-03 3.184E-02 3.184E-02 
5.000E+04 5.758E-14 9.825E-06 1.707E-10 2.919E-02 2.658E-03 3.186E-02 3.186E-02 
6.000E+04 3.997E-14 8.305E-06 1.422E-10 2.919E-02 2.660E-03 3.186E-02 3.186E-02 
8.000E+04 2.250E-14 6.368E-06 1.067E-10 2.922E-02 2.663E-03 3.189E-02 3.189E-02 
1.000E+05 1.439E-14 5.180E-06 8.533E-11 2.922E-02 2.665E-03 3.189E-02 3.189E-02 
