1.000E-03 1.324E+01 3.436E-03 5.853E+03 0.000E+00 0.000E+00 5.867E+03 5.853E+03 
1.021E-03 1.322E+01 3.556E-03 5.636E+03 0.000E+00 0.000E+00 5.649E+03 5.636E+03 
1.042E-03 1.320E+01 3.679E-03 5.426E+03 0.000E+00 0.000E+00 5.439E+03 5.426E+03 
1.500E-03 1.268E+01 6.539E-03 2.718E+03 0.000E+00 0.000E+00 2.731E+03 2.718E+03 
2.000E-03 1.205E+01 9.777E-03 1.482E+03 0.000E+00 0.000E+00 1.494E+03 1.482E+03 
2.787E-03 1.105E+01 1.472E-02 7.115E+02 0.000E+00 0.000E+00 7.226E+02 7.115E+02 
2.847E-03 1.097E+01 1.508E-02 2.014E+03 0.000E+00 0.000E+00 2.025E+03 2.014E+03 
2.909E-03 1.090E+01 1.545E-02 1.676E+03 0.000E+00 0.000E+00 1.687E+03 1.676E+03 
3.000E-03 1.078E+01 1.599E-02 2.239E+03 0.000E+00 0.000E+00 2.249E+03 2.239E+03 
3.426E-03 1.028E+01 1.843E-02 1.604E+03 0.000E+00 0.000E+00 1.614E+03 1.604E+03 
4.000E-03 9.642E+00 2.152E-02 1.266E+03 0.000E+00 0.000E+00 1.276E+03 1.266E+03 
4.008E-03 9.633E+00 2.156E-02 1.260E+03 0.000E+00 0.000E+00 1.269E+03 1.260E+03 
4.160E-03 9.474E+00 2.232E-02 1.221E+03 0.000E+00 0.000E+00 1.231E+03 1.221E+03 
4.317E-03 9.315E+00 2.311E-02 1.117E+03 0.000E+00 0.000E+00 1.126E+03 1.117E+03 
5.000E-03 8.647E+00 2.640E-02 8.165E+02 0.000E+00 0.000E+00 8.252E+02 8.165E+02 
6.000E-03 7.781E+00 3.089E-02 5.220E+02 0.000E+00 0.000E+00 5.298E+02 5.220E+02 
8.000E-03 6.367E+00 3.909E-02 2.537E+02 0.000E+00 0.000E+00 2.601E+02 2.537E+02 
1.000E-02 5.297E+00 4.637E-02 1.436E+02 0.000E+00 0.000E+00 1.489E+02 1.436E+02 
1.421E-02 3.760E+00 5.848E-02 5.782E+01 0.000E+00 0.000E+00 6.163E+01 5.787E+01 
1.500E-02 3.545E+00 6.037E-02 1.242E+02 0.000E+00 0.000E+00 1.278E+02 1.243E+02 
1.678E-02 3.120E+00 6.424E-02 9.097E+01 0.000E+00 0.000E+00 9.415E+01 9.103E+01 
1.714E-02 3.042E+00 6.492E-02 1.209E+02 0.000E+00 0.000E+00 1.240E+02 1.210E+02 
1.749E-02 2.965E+00 6.559E-02 1.150E+02 0.000E+00 0.000E+00 1.181E+02 1.151E+02 
2.000E-02 2.519E+00 7.015E-02 9.444E+01 0.000E+00 0.000E+00 9.703E+01 9.451E+01 
3.000E-02 1.482E+00 8.340E-02 3.287E+01 0.000E+00 0.000E+00 3.443E+01 3.295E+01 
4.000E-02 9.934E-01 9.146E-02 1.529E+01 0.000E+00 0.000E+00 1.638E+01 1.539E+01 
5.000E-02 7.098E-01 9.619E-02 8.388E+00 0.000E+00 0.000E+00 9.194E+00 8.485E+00 
6.000E-02 5.317E-01 9.888E-02 5.116E+00 0.000E+00 0.000E+00 5.747E+00 5.215E+00 
8.000E-02 3.338E-01 1.009E-01 2.334E+00 0.000E+00 0.000E+00 2.769E+00 2.435E+00 
9.573E-02 2.487E-01 1.009E-01 1.427E+00 0.000E+00 0.000E+00 1.777E+00 1.528E+00 
1.000E-01 2.311E-01 1.007E-01 5.842E+00 0.000E+00 0.000E+00 6.174E+00 5.943E+00 
1.500E-01 1.144E-01 9.668E-02 2.038E+00 0.000E+00 0.000E+00 2.249E+00 2.135E+00 
2.000E-01 6.834E-02 9.148E-02 9.579E-01 0.000E+00 0.000E+00 1.118E+00 1.049E+00 
3.000E-01 3.266E-02 8.205E-02 3.344E-01 0.000E+00 0.000E+00 4.491E-01 4.164E-01 
4.000E-01 1.913E-02 7.465E-02 1.627E-01 0.000E+00 0.000E+00 2.565E-01 2.373E-01 
5.000E-01 1.255E-02 6.880E-02 9.518E-02 0.000E+00 0.000E+00 1.765E-01 1.640E-01 
6.000E-01 8.853E-03 6.401E-02 6.249E-02 0.000E+00 0.000E+00 1.354E-01 1.265E-01 
8.000E-01 5.082E-03 5.658E-02 3.330E-02 0.000E+00 0.000E+00 9.496E-02 8.988E-02 
1.000E+00 3.292E-03 5.108E-02 2.101E-02 0.000E+00 0.000E+00 7.538E-02 7.208E-02 
1.022E+00 3.155E-03 5.053E-02 2.011E-02 0.000E+00 0.000E+00 7.380E-02 7.064E-02 
1.250E+00 2.126E-03 4.577E-02 1.357E-02 4.107E-04 0.000E+00 6.188E-02 5.975E-02 
1.500E+00 1.485E-03 4.167E-02 9.662E-03 1.979E-03 0.000E+00 5.480E-02 5.331E-02 
2.000E+00 8.409E-04 3.562E-02 5.842E-03 5.914E-03 0.000E+00 4.822E-02 4.737E-02 
2.044E+00 8.053E-04 3.519E-02 5.632E-03 6.255E-03 0.000E+00 4.788E-02 4.708E-02 
3.000E+00 3.757E-04 2.806E-02 3.051E-03 1.274E-02 9.802E-06 4.424E-02 4.387E-02 
4.000E+00 2.118E-04 2.342E-02 1.995E-03 1.817E-02 3.995E-05 4.383E-02 4.362E-02 
5.000E+00 1.357E-04 2.023E-02 1.461E-03 2.270E-02 7.944E-05 4.461E-02 4.447E-02 
6.000E+00 9.430E-05 1.789E-02 1.144E-03 2.661E-02 1.218E-04 4.586E-02 4.576E-02 
7.000E+00 6.929E-05 1.608E-02 9.366E-04 3.006E-02 1.638E-04 4.730E-02 4.723E-02 
8.000E+00 5.306E-05 1.463E-02 7.910E-04 3.315E-02 2.044E-04 4.884E-02 4.878E-02 
9.000E+00 4.193E-05 1.345E-02 6.831E-04 3.596E-02 2.433E-04 5.038E-02 5.034E-02 
1.000E+01 3.398E-05 1.247E-02 6.008E-04 3.857E-02 2.800E-04 5.195E-02 5.192E-02 
1.100E+01 2.808E-05 1.163E-02 5.357E-04 4.098E-02 3.146E-04 5.349E-02 5.346E-02 
1.200E+01 2.360E-05 1.090E-02 4.832E-04 4.325E-02 3.473E-04 5.501E-02 5.498E-02 
1.300E+01 2.011E-05 1.027E-02 4.399E-04 4.534E-02 3.783E-04 5.645E-02 5.643E-02 
1.400E+01 1.734E-05 9.719E-03 4.035E-04 4.729E-02 4.072E-04 5.784E-02 5.782E-02 
1.500E+01 1.510E-05 9.229E-03 3.725E-04 4.913E-02 4.348E-04 5.918E-02 5.916E-02 
1.600E+01 1.328E-05 8.787E-03 3.462E-04 5.085E-02 4.609E-04 6.045E-02 6.044E-02 
1.800E+01 1.049E-05 8.033E-03 3.028E-04 5.394E-02 5.093E-04 6.280E-02 6.279E-02 
2.000E+01 8.497E-06 7.408E-03 2.691E-04 5.670E-02 5.529E-04 6.494E-02 6.493E-02 
2.200E+01 7.021E-06 6.880E-03 2.420E-04 5.922E-02 5.928E-04 6.694E-02 6.694E-02 
2.400E+01 5.899E-06 6.430E-03 2.199E-04 6.149E-02 6.295E-04 6.877E-02 6.877E-02 
2.600E+01 5.027E-06 6.037E-03 2.015E-04 6.358E-02 6.630E-04 7.049E-02 7.048E-02 
2.800E+01 4.336E-06 5.696E-03 1.859E-04 6.550E-02 6.943E-04 7.208E-02 7.208E-02 
3.000E+01 3.777E-06 5.392E-03 1.725E-04 6.728E-02 7.230E-04 7.357E-02 7.357E-02 
4.000E+01 2.124E-06 4.285E-03 1.268E-04 7.448E-02 8.417E-04 7.973E-02 7.973E-02 
5.000E+01 1.360E-06 3.576E-03 1.002E-04 7.984E-02 9.306E-04 8.445E-02 8.445E-02 
6.000E+01 9.441E-07 3.083E-03 8.282E-05 8.397E-02 1.001E-03 8.814E-02 8.814E-02 
8.000E+01 5.311E-07 2.431E-03 6.149E-05 9.008E-02 1.105E-03 9.368E-02 9.368E-02 
1.000E+02 3.398E-07 2.018E-03 4.887E-05 9.435E-02 1.180E-03 9.760E-02 9.760E-02 
1.500E+02 1.511E-07 1.437E-03 3.232E-05 1.011E-01 1.303E-03 1.039E-01 1.039E-01 
2.000E+02 8.497E-08 1.126E-03 2.413E-05 1.052E-01 1.379E-03 1.077E-01 1.077E-01 
3.000E+02 3.777E-08 7.984E-04 1.602E-05 1.099E-01 1.471E-03 1.122E-01 1.122E-01 
4.000E+02 2.124E-08 6.252E-04 1.199E-05 1.125E-01 1.526E-03 1.147E-01 1.147E-01 
5.000E+02 1.360E-08 5.176E-04 9.579E-06 1.143E-01 1.563E-03 1.164E-01 1.164E-01 
6.000E+02 9.441E-09 4.431E-04 7.976E-06 1.155E-01 1.591E-03 1.176E-01 1.176E-01 
8.000E+02 5.311E-09 3.462E-04 5.977E-06 1.172E-01 1.628E-03 1.192E-01 1.192E-01 
1.000E+03 3.398E-09 2.848E-04 4.778E-06 1.183E-01 1.652E-03 1.202E-01 1.202E-01 
1.500E+03 1.511E-09 1.989E-04 3.183E-06 1.198E-01 1.689E-03 1.217E-01 1.217E-01 
2.000E+03 8.497E-10 1.539E-04 2.386E-06 1.207E-01 1.709E-03 1.226E-01 1.226E-01 
3.000E+03 3.777E-10 1.070E-04 1.590E-06 1.216E-01 1.731E-03 1.235E-01 1.235E-01 
4.000E+03 2.124E-10 8.262E-05 1.192E-06 1.221E-01 1.744E-03 1.239E-01 1.239E-01 
5.000E+03 1.360E-10 6.754E-05 9.536E-07 1.224E-01 1.752E-03 1.242E-01 1.242E-01 
6.000E+03 9.441E-11 5.727E-05 7.944E-07 1.227E-01 1.758E-03 1.245E-01 1.245E-01 
8.000E+03 5.311E-11 4.414E-05 5.959E-07 1.229E-01 1.765E-03 1.248E-01 1.248E-01 
1.000E+04 3.398E-11 3.602E-05 4.766E-07 1.231E-01 1.770E-03 1.249E-01 1.249E-01 
1.500E+04 1.511E-11 2.490E-05 3.178E-07 1.234E-01 1.776E-03 1.252E-01 1.252E-01 
2.000E+04 8.497E-12 1.914E-05 2.383E-07 1.235E-01 1.780E-03 1.253E-01 1.253E-01 
3.000E+04 3.777E-12 1.320E-05 1.589E-07 1.236E-01 1.783E-03 1.254E-01 1.254E-01 
4.000E+04 2.124E-12 1.014E-05 1.191E-07 1.237E-01 1.786E-03 1.255E-01 1.255E-01 
5.000E+04 1.360E-12 8.254E-06 9.530E-08 1.237E-01 1.787E-03 1.255E-01 1.255E-01 
6.000E+04 9.441E-13 6.978E-06 7.941E-08 1.238E-01 1.788E-03 1.256E-01 1.256E-01 
8.000E+04 5.311E-13 5.349E-06 5.957E-08 1.238E-01 1.789E-03 1.256E-01 1.256E-01 
1.000E+05 3.398E-13 4.353E-06 4.766E-08 1.239E-01 1.789E-03 1.257E-01 1.257E-01 
