1.000E-03 1.227E+01 3.268E-03 4.641E+03 0.000E+00 0.000E+00 4.653E+03 4.641E+03 
1.500E-03 1.181E+01 6.066E-03 2.077E+03 0.000E+00 0.000E+00 2.089E+03 2.077E+03 
2.000E-03 1.127E+01 8.955E-03 1.125E+03 0.000E+00 0.000E+00 1.137E+03 1.125E+03 
2.206E-03 1.103E+01 1.014E-02 9.078E+02 0.000E+00 0.000E+00 9.188E+02 9.078E+02 
2.248E-03 1.097E+01 1.038E-02 1.475E+03 0.000E+00 0.000E+00 1.486E+03 1.475E+03 
2.291E-03 1.092E+01 1.063E-02 2.214E+03 0.000E+00 0.000E+00 2.225E+03 2.214E+03 
2.507E-03 1.068E+01 1.185E-02 2.267E+03 0.000E+00 0.000E+00 2.278E+03 2.267E+03 
2.743E-03 1.041E+01 1.317E-02 2.191E+03 0.000E+00 0.000E+00 2.202E+03 2.191E+03 
3.000E-03 1.011E+01 1.459E-02 2.039E+03 0.000E+00 0.000E+00 2.049E+03 2.039E+03 
3.148E-03 9.940E+00 1.540E-02 1.812E+03 0.000E+00 0.000E+00 1.822E+03 1.812E+03 
3.283E-03 9.787E+00 1.613E-02 1.740E+03 0.000E+00 0.000E+00 1.750E+03 1.740E+03 
3.425E-03 9.631E+00 1.688E-02 1.575E+03 0.000E+00 0.000E+00 1.585E+03 1.575E+03 
4.000E-03 9.007E+00 1.991E-02 1.135E+03 0.000E+00 0.000E+00 1.144E+03 1.135E+03 
5.000E-03 8.032E+00 2.499E-02 6.580E+02 0.000E+00 0.000E+00 6.660E+02 6.580E+02 
6.000E-03 7.188E+00 2.987E-02 4.180E+02 0.000E+00 0.000E+00 4.252E+02 4.180E+02 
8.000E-03 5.846E+00 3.877E-02 2.013E+02 0.000E+00 0.000E+00 2.072E+02 2.013E+02 
1.000E-02 4.837E+00 4.629E-02 1.132E+02 0.000E+00 0.000E+00 1.181E+02 1.133E+02 
1.192E-02 4.082E+00 5.240E-02 7.170E+01 0.000E+00 0.000E+00 7.583E+01 7.175E+01 
1.279E-02 3.791E+00 5.481E-02 1.510E+02 0.000E+00 0.000E+00 1.549E+02 1.511E+02 
1.373E-02 3.510E+00 5.724E-02 1.247E+02 0.000E+00 0.000E+00 1.283E+02 1.248E+02 
1.404E-02 3.425E+00 5.801E-02 1.639E+02 0.000E+00 0.000E+00 1.674E+02 1.640E+02 
1.435E-02 3.342E+00 5.879E-02 1.554E+02 0.000E+00 0.000E+00 1.588E+02 1.555E+02 
1.500E-02 3.180E+00 6.035E-02 1.605E+02 0.000E+00 0.000E+00 1.637E+02 1.605E+02 
2.000E-02 2.242E+00 7.054E-02 7.650E+01 0.000E+00 0.000E+00 7.881E+01 7.657E+01 
3.000E-02 1.323E+00 8.426E-02 2.611E+01 0.000E+00 0.000E+00 2.752E+01 2.620E+01 
4.000E-02 8.799E-01 9.227E-02 1.201E+01 0.000E+00 0.000E+00 1.298E+01 1.210E+01 
5.000E-02 6.240E-01 9.683E-02 6.537E+00 0.000E+00 0.000E+00 7.258E+00 6.634E+00 
6.000E-02 4.672E-01 9.937E-02 3.962E+00 0.000E+00 0.000E+00 4.529E+00 4.062E+00 
8.000E-02 2.935E-01 1.011E-01 1.790E+00 0.000E+00 0.000E+00 2.185E+00 1.892E+00 
8.072E-02 2.892E-01 1.012E-01 1.746E+00 0.000E+00 0.000E+00 2.136E+00 1.847E+00 
1.000E-01 2.024E-01 1.008E-01 4.855E+00 0.000E+00 0.000E+00 5.158E+00 4.956E+00 
1.500E-01 9.946E-02 9.646E-02 1.664E+00 0.000E+00 0.000E+00 1.859E+00 1.760E+00 
2.000E-01 5.931E-02 9.111E-02 7.711E-01 0.000E+00 0.000E+00 9.215E-01 8.622E-01 
3.000E-01 2.825E-02 8.157E-02 2.646E-01 0.000E+00 0.000E+00 3.744E-01 3.462E-01 
4.000E-01 1.648E-02 7.417E-02 1.273E-01 0.000E+00 0.000E+00 2.180E-01 2.015E-01 
5.000E-01 1.078E-02 6.830E-02 7.390E-02 0.000E+00 0.000E+00 1.530E-01 1.422E-01 
6.000E-01 7.592E-03 6.353E-02 4.828E-02 0.000E+00 0.000E+00 1.194E-01 1.118E-01 
8.000E-01 4.348E-03 5.613E-02 2.555E-02 0.000E+00 0.000E+00 8.603E-02 8.169E-02 
1.000E+00 2.811E-03 5.063E-02 1.609E-02 0.000E+00 0.000E+00 6.953E-02 6.672E-02 
1.022E+00 2.694E-03 5.011E-02 1.539E-02 0.000E+00 0.000E+00 6.820E-02 6.551E-02 
1.250E+00 1.814E-03 4.537E-02 1.038E-02 3.596E-04 0.000E+00 5.793E-02 5.612E-02 
1.500E+00 1.265E-03 4.131E-02 7.399E-03 1.703E-03 0.000E+00 5.167E-02 5.041E-02 
2.000E+00 7.157E-04 3.531E-02 4.476E-03 5.192E-03 0.000E+00 4.570E-02 4.498E-02 
2.044E+00 6.855E-04 3.485E-02 4.317E-03 5.500E-03 0.000E+00 4.536E-02 4.467E-02 
3.000E+00 3.195E-04 2.781E-02 2.343E-03 1.153E-02 9.717E-06 4.202E-02 4.170E-02 
4.000E+00 1.800E-04 2.321E-02 1.535E-03 1.670E-02 3.959E-05 4.166E-02 4.148E-02 
5.000E+00 1.153E-04 2.005E-02 1.126E-03 2.102E-02 7.876E-05 4.239E-02 4.228E-02 
6.000E+00 8.010E-05 1.772E-02 8.830E-04 2.475E-02 1.207E-04 4.355E-02 4.347E-02 
7.000E+00 5.886E-05 1.593E-02 7.234E-04 2.803E-02 1.625E-04 4.490E-02 4.485E-02 
8.000E+00 4.507E-05 1.450E-02 6.115E-04 3.097E-02 2.028E-04 4.633E-02 4.629E-02 
9.000E+00 3.562E-05 1.333E-02 5.286E-04 3.366E-02 2.414E-04 4.780E-02 4.776E-02 
1.000E+01 2.885E-05 1.235E-02 4.650E-04 3.614E-02 2.779E-04 4.926E-02 4.923E-02 
1.100E+01 2.385E-05 1.152E-02 4.149E-04 3.840E-02 3.125E-04 5.067E-02 5.065E-02 
1.200E+01 2.004E-05 1.080E-02 3.742E-04 4.054E-02 3.449E-04 5.209E-02 5.207E-02 
1.300E+01 1.708E-05 1.018E-02 3.409E-04 4.253E-02 3.755E-04 5.344E-02 5.342E-02 
1.400E+01 1.472E-05 9.631E-03 3.128E-04 4.439E-02 4.045E-04 5.476E-02 5.474E-02 
1.500E+01 1.283E-05 9.145E-03 2.890E-04 4.611E-02 4.317E-04 5.598E-02 5.597E-02 
1.600E+01 1.127E-05 8.708E-03 2.684E-04 4.773E-02 4.577E-04 5.717E-02 5.716E-02 
1.800E+01 8.909E-06 7.959E-03 2.350E-04 5.066E-02 5.060E-04 5.937E-02 5.936E-02 
2.000E+01 7.216E-06 7.338E-03 2.089E-04 5.326E-02 5.494E-04 6.136E-02 6.136E-02 
2.200E+01 5.962E-06 6.818E-03 1.880E-04 5.561E-02 5.892E-04 6.322E-02 6.321E-02 
2.400E+01 5.011E-06 6.369E-03 1.708E-04 5.776E-02 6.256E-04 6.493E-02 6.492E-02 
2.600E+01 4.268E-06 5.980E-03 1.565E-04 5.974E-02 6.592E-04 6.654E-02 6.654E-02 
2.800E+01 3.681E-06 5.644E-03 1.444E-04 6.152E-02 6.904E-04 6.800E-02 6.799E-02 
3.000E+01 3.207E-06 5.344E-03 1.341E-04 6.320E-02 7.191E-04 6.940E-02 6.939E-02 
4.000E+01 1.804E-06 4.247E-03 9.863E-05 6.998E-02 8.374E-04 7.517E-02 7.517E-02 
5.000E+01 1.154E-06 3.544E-03 7.796E-05 7.500E-02 9.264E-04 7.955E-02 7.955E-02 
6.000E+01 8.017E-07 3.054E-03 6.445E-05 7.891E-02 9.964E-04 8.303E-02 8.303E-02 
8.000E+01 4.510E-07 2.408E-03 4.785E-05 8.463E-02 1.101E-03 8.819E-02 8.819E-02 
1.000E+02 2.887E-07 1.999E-03 3.807E-05 8.870E-02 1.176E-03 9.191E-02 9.191E-02 
1.500E+02 1.283E-07 1.424E-03 2.517E-05 9.506E-02 1.299E-03 9.780E-02 9.780E-02 
2.000E+02 7.216E-08 1.116E-03 1.880E-05 9.885E-02 1.375E-03 1.014E-01 1.014E-01 
3.000E+02 3.207E-08 7.913E-04 1.248E-05 1.032E-01 1.466E-03 1.055E-01 1.055E-01 
4.000E+02 1.804E-08 6.197E-04 9.340E-06 1.058E-01 1.521E-03 1.079E-01 1.079E-01 
5.000E+02 1.154E-08 5.130E-04 7.463E-06 1.074E-01 1.557E-03 1.095E-01 1.095E-01 
6.000E+02 8.017E-09 4.390E-04 6.213E-06 1.086E-01 1.584E-03 1.106E-01 1.106E-01 
8.000E+02 4.510E-09 3.430E-04 4.656E-06 1.101E-01 1.621E-03 1.121E-01 1.121E-01 
1.000E+03 2.887E-09 2.822E-04 3.721E-06 1.111E-01 1.645E-03 1.131E-01 1.131E-01 
1.500E+03 1.283E-09 1.971E-04 2.479E-06 1.126E-01 1.681E-03 1.145E-01 1.145E-01 
2.000E+03 7.216E-10 1.525E-04 1.859E-06 1.134E-01 1.701E-03 1.152E-01 1.152E-01 
3.000E+03 3.207E-10 1.060E-04 1.239E-06 1.142E-01 1.723E-03 1.161E-01 1.161E-01 
4.000E+03 1.804E-10 8.185E-05 9.289E-07 1.147E-01 1.735E-03 1.165E-01 1.165E-01 
5.000E+03 1.154E-10 6.693E-05 7.430E-07 1.150E-01 1.743E-03 1.168E-01 1.168E-01 
6.000E+03 8.017E-11 5.675E-05 6.191E-07 1.152E-01 1.749E-03 1.170E-01 1.170E-01 
8.000E+03 4.510E-11 4.372E-05 4.641E-07 1.154E-01 1.756E-03 1.172E-01 1.172E-01 
1.000E+04 2.887E-11 3.571E-05 3.715E-07 1.156E-01 1.760E-03 1.174E-01 1.174E-01 
1.500E+04 1.283E-11 2.467E-05 2.476E-07 1.158E-01 1.767E-03 1.176E-01 1.176E-01 
2.000E+04 7.216E-12 1.897E-05 1.857E-07 1.160E-01 1.770E-03 1.178E-01 1.178E-01 
3.000E+04 3.207E-12 1.308E-05 1.238E-07 1.161E-01 1.774E-03 1.179E-01 1.179E-01 
4.000E+04 1.804E-12 1.004E-05 9.282E-08 1.162E-01 1.776E-03 1.180E-01 1.180E-01 
5.000E+04 1.154E-12 8.179E-06 7.427E-08 1.162E-01 1.777E-03 1.180E-01 1.180E-01 
6.000E+04 8.017E-13 6.913E-06 6.188E-08 1.162E-01 1.778E-03 1.180E-01 1.180E-01 
8.000E+04 4.510E-13 5.302E-06 4.641E-08 1.163E-01 1.779E-03 1.181E-01 1.181E-01 
1.000E+05 2.887E-13 4.314E-06 3.712E-08 1.163E-01 1.779E-03 1.181E-01 1.181E-01 
