1.000E-03 7.275E+00 5.792E-03 5.711E+03 0.000E+00 0.000E+00 5.718E+03 5.711E+03 
1.500E-03 6.876E+00 1.040E-02 2.234E+03 0.000E+00 0.000E+00 2.241E+03 2.234E+03 
2.000E-03 6.441E+00 1.497E-02 1.113E+03 0.000E+00 0.000E+00 1.119E+03 1.113E+03 
2.838E-03 5.711E+00 2.225E-02 4.648E+02 0.000E+00 0.000E+00 4.705E+02 4.648E+02 
2.902E-03 5.656E+00 2.279E-02 1.540E+03 0.000E+00 0.000E+00 1.545E+03 1.540E+03 
2.967E-03 5.601E+00 2.333E-02 1.447E+03 0.000E+00 0.000E+00 1.452E+03 1.447E+03 
3.000E-03 5.574E+00 2.360E-02 1.957E+03 0.000E+00 0.000E+00 1.963E+03 1.957E+03 
3.224E-03 5.392E+00 2.542E-02 1.632E+03 0.000E+00 0.000E+00 1.637E+03 1.632E+03 
4.000E-03 4.808E+00 3.143E-02 1.090E+03 0.000E+00 0.000E+00 1.095E+03 1.090E+03 
5.000E-03 4.173E+00 3.859E-02 6.125E+02 0.000E+00 0.000E+00 6.167E+02 6.126E+02 
6.000E-03 3.657E+00 4.519E-02 3.794E+02 0.000E+00 0.000E+00 3.831E+02 3.795E+02 
8.000E-03 2.898E+00 5.670E-02 1.755E+02 0.000E+00 0.000E+00 1.785E+02 1.756E+02 
1.000E-02 2.371E+00 6.596E-02 9.557E+01 0.000E+00 0.000E+00 9.801E+01 9.564E+01 
1.500E-02 1.533E+00 8.246E-02 3.108E+01 0.000E+00 0.000E+00 3.270E+01 3.117E+01 
2.000E-02 1.053E+00 9.361E-02 1.385E+01 0.000E+00 0.000E+00 1.499E+01 1.394E+01 
2.212E-02 9.176E-01 9.724E-02 1.042E+01 0.000E+00 0.000E+00 1.143E+01 1.051E+01 
3.000E-02 5.928E-01 1.071E-01 3.070E+01 0.000E+00 0.000E+00 3.140E+01 3.080E+01 
4.000E-02 3.868E-01 1.140E-01 1.401E+01 0.000E+00 0.000E+00 1.451E+01 1.413E+01 
5.000E-02 2.716E-01 1.174E-01 7.531E+00 0.000E+00 0.000E+00 7.920E+00 7.649E+00 
6.000E-02 2.004E-01 1.189E-01 4.503E+00 0.000E+00 0.000E+00 4.822E+00 4.622E+00 
8.000E-02 1.223E-01 1.187E-01 1.974E+00 0.000E+00 0.000E+00 2.215E+00 2.093E+00 
1.000E-01 8.276E-02 1.166E-01 1.033E+00 0.000E+00 0.000E+00 1.232E+00 1.149E+00 
1.500E-01 4.009E-02 1.093E-01 3.153E-01 0.000E+00 0.000E+00 4.647E-01 4.246E-01 
2.000E-01 2.355E-02 1.021E-01 1.361E-01 0.000E+00 0.000E+00 2.618E-01 2.383E-01 
3.000E-01 1.090E-02 9.045E-02 4.270E-02 0.000E+00 0.000E+00 1.440E-01 1.331E-01 
4.000E-01 6.262E-03 8.175E-02 1.941E-02 0.000E+00 0.000E+00 1.074E-01 1.012E-01 
5.000E-01 4.053E-03 7.502E-02 1.085E-02 0.000E+00 0.000E+00 8.992E-02 8.587E-02 
6.000E-01 2.835E-03 6.959E-02 6.906E-03 0.000E+00 0.000E+00 7.933E-02 7.650E-02 
8.000E-01 1.608E-03 6.131E-02 3.556E-03 0.000E+00 0.000E+00 6.648E-02 6.487E-02 
1.000E+00 1.033E-03 5.521E-02 2.218E-03 0.000E+00 0.000E+00 5.846E-02 5.743E-02 
1.022E+00 9.897E-04 5.463E-02 2.110E-03 0.000E+00 0.000E+00 5.773E-02 5.674E-02 
1.250E+00 6.632E-04 4.942E-02 1.423E-03 1.437E-04 0.000E+00 5.165E-02 5.099E-02 
1.500E+00 4.612E-04 4.494E-02 1.021E-03 6.781E-04 0.000E+00 4.710E-02 4.664E-02 
2.000E+00 2.598E-04 3.838E-02 6.232E-04 2.385E-03 0.000E+00 4.165E-02 4.139E-02 
2.044E+00 2.488E-04 3.791E-02 6.018E-04 2.553E-03 0.000E+00 4.131E-02 4.106E-02 
3.000E+00 1.156E-04 3.021E-02 3.327E-04 6.250E-03 1.057E-05 3.692E-02 3.681E-02 
4.000E+00 6.507E-05 2.521E-02 2.214E-04 9.730E-03 4.313E-05 3.527E-02 3.520E-02 
5.000E+00 4.165E-05 2.177E-02 1.643E-04 1.276E-02 8.586E-05 3.482E-02 3.478E-02 
6.000E+00 2.893E-05 1.925E-02 1.300E-04 1.538E-02 1.317E-04 3.491E-02 3.489E-02 
7.000E+00 2.125E-05 1.730E-02 1.073E-04 1.773E-02 1.774E-04 3.533E-02 3.531E-02 
8.000E+00 1.627E-05 1.574E-02 9.116E-05 1.984E-02 2.217E-04 3.591E-02 3.589E-02 
9.000E+00 1.286E-05 1.447E-02 7.919E-05 2.175E-02 2.641E-04 3.658E-02 3.656E-02 
1.000E+01 1.042E-05 1.341E-02 6.995E-05 2.351E-02 3.044E-04 3.730E-02 3.729E-02 
1.100E+01 8.610E-06 1.251E-02 6.262E-05 2.511E-02 3.424E-04 3.803E-02 3.803E-02 
1.200E+01 7.233E-06 1.173E-02 5.666E-05 2.660E-02 3.784E-04 3.877E-02 3.877E-02 
1.300E+01 6.161E-06 1.105E-02 5.172E-05 2.796E-02 4.122E-04 3.949E-02 3.948E-02 
1.400E+01 5.314E-06 1.046E-02 4.757E-05 2.922E-02 4.444E-04 4.017E-02 4.017E-02 
1.500E+01 4.629E-06 9.927E-03 4.403E-05 3.039E-02 4.749E-04 4.084E-02 4.083E-02 
1.600E+01 4.068E-06 9.450E-03 4.098E-05 3.148E-02 5.039E-04 4.148E-02 4.147E-02 
1.800E+01 3.215E-06 8.640E-03 3.598E-05 3.348E-02 5.576E-04 4.272E-02 4.271E-02 
2.000E+01 2.604E-06 7.966E-03 3.206E-05 3.527E-02 6.066E-04 4.388E-02 4.387E-02 
2.200E+01 2.152E-06 7.400E-03 2.890E-05 3.689E-02 6.513E-04 4.498E-02 4.497E-02 
2.400E+01 1.808E-06 6.918E-03 2.631E-05 3.837E-02 6.924E-04 4.601E-02 4.601E-02 
2.600E+01 1.541E-06 6.495E-03 2.415E-05 3.972E-02 7.305E-04 4.698E-02 4.697E-02 
2.800E+01 1.329E-06 6.125E-03 2.231E-05 4.096E-02 7.657E-04 4.787E-02 4.787E-02 
3.000E+01 1.157E-06 5.800E-03 2.074E-05 4.210E-02 7.984E-04 4.872E-02 4.872E-02 
4.000E+01 6.513E-07 4.609E-03 1.531E-05 4.671E-02 9.343E-04 5.227E-02 5.227E-02 
5.000E+01 4.166E-07 3.847E-03 1.214E-05 5.013E-02 1.037E-03 5.503E-02 5.503E-02 
6.000E+01 2.893E-07 3.315E-03 1.005E-05 5.280E-02 1.119E-03 5.725E-02 5.725E-02 
8.000E+01 1.627E-07 2.614E-03 7.478E-06 5.674E-02 1.242E-03 6.060E-02 6.060E-02 
1.000E+02 1.042E-07 2.170E-03 5.953E-06 5.954E-02 1.332E-03 6.304E-02 6.304E-02 
1.500E+02 4.629E-08 1.545E-03 3.943E-06 6.399E-02 1.482E-03 6.702E-02 6.702E-02 
2.000E+02 2.604E-08 1.211E-03 2.948E-06 6.667E-02 1.575E-03 6.946E-02 6.946E-02 
3.000E+02 1.157E-08 8.586E-04 1.959E-06 6.977E-02 1.690E-03 7.232E-02 7.232E-02 
4.000E+02 6.507E-09 6.727E-04 1.467E-06 7.156E-02 1.760E-03 7.399E-02 7.399E-02 
5.000E+02 4.166E-09 5.567E-04 1.173E-06 7.269E-02 1.807E-03 7.506E-02 7.506E-02 
6.000E+02 2.893E-09 4.767E-04 9.766E-07 7.359E-02 1.842E-03 7.591E-02 7.591E-02 
8.000E+02 1.627E-09 3.723E-04 7.317E-07 7.466E-02 1.889E-03 7.692E-02 7.692E-02 
1.000E+03 1.042E-09 3.063E-04 5.851E-07 7.543E-02 1.922E-03 7.766E-02 7.766E-02 
1.500E+03 4.629E-10 2.139E-04 3.898E-07 7.645E-02 1.969E-03 7.863E-02 7.863E-02 
2.000E+03 2.604E-10 1.655E-04 2.923E-07 7.704E-02 1.996E-03 7.920E-02 7.920E-02 
3.000E+03 1.157E-10 1.151E-04 1.948E-07 7.764E-02 2.025E-03 7.978E-02 7.978E-02 
4.000E+03 6.507E-11 8.884E-05 1.460E-07 7.800E-02 2.043E-03 8.013E-02 8.013E-02 
5.000E+03 4.166E-11 7.263E-05 1.168E-07 7.817E-02 2.053E-03 8.030E-02 8.030E-02 
6.000E+03 2.893E-11 6.161E-05 9.736E-08 7.835E-02 2.060E-03 8.047E-02 8.047E-02 
8.000E+03 1.627E-11 4.746E-05 7.299E-08 7.853E-02 2.071E-03 8.065E-02 8.065E-02 
1.000E+04 1.042E-11 3.875E-05 5.840E-08 7.865E-02 2.077E-03 8.077E-02 8.077E-02 
1.500E+04 4.629E-12 2.678E-05 3.893E-08 7.883E-02 2.085E-03 8.094E-02 8.094E-02 
2.000E+04 2.604E-12 2.059E-05 2.920E-08 7.889E-02 2.090E-03 8.100E-02 8.100E-02 
3.000E+04 1.157E-12 1.420E-05 1.947E-08 7.901E-02 2.095E-03 8.112E-02 8.112E-02 
4.000E+04 6.507E-13 1.090E-05 1.460E-08 7.907E-02 2.098E-03 8.118E-02 8.118E-02 
5.000E+04 4.166E-13 8.878E-06 1.168E-08 7.907E-02 2.100E-03 8.118E-02 8.118E-02 
6.000E+04 2.893E-13 7.502E-06 9.730E-09 7.913E-02 2.101E-03 8.124E-02 8.124E-02 
8.000E+04 1.627E-13 5.753E-06 7.299E-09 7.913E-02 2.102E-03 8.124E-02 8.124E-02 
1.000E+05 1.042E-13 4.681E-06 5.840E-09 7.913E-02 2.103E-03 8.124E-02 8.124E-02 
