1.000E-03 4.659E+00 8.041E-03 9.790E+03 0.000E+00 0.000E+00 9.795E+03 9.790E+03 
1.500E-03 4.374E+00 1.417E-02 3.692E+03 0.000E+00 0.000E+00 3.696E+03 3.692E+03 
2.000E-03 4.070E+00 1.983E-02 1.775E+03 0.000E+00 0.000E+00 1.779E+03 1.775E+03 
3.000E-03 3.492E+00 3.020E-02 6.093E+02 0.000E+00 0.000E+00 6.129E+02 6.094E+02 
4.000E-03 2.981E+00 3.988E-02 2.800E+02 0.000E+00 0.000E+00 2.830E+02 2.800E+02 
5.000E-03 2.541E+00 4.881E-02 1.517E+02 0.000E+00 0.000E+00 1.543E+02 1.518E+02 
6.000E-03 2.173E+00 5.693E-02 9.149E+01 0.000E+00 0.000E+00 9.372E+01 9.154E+01 
7.709E-03 1.691E+00 6.907E-02 4.535E+01 0.000E+00 0.000E+00 4.711E+01 4.542E+01 
8.000E-03 1.626E+00 7.093E-02 3.231E+02 0.000E+00 0.000E+00 3.248E+02 3.232E+02 
1.000E-02 1.263E+00 8.228E-02 1.828E+02 0.000E+00 0.000E+00 1.842E+02 1.829E+02 
1.500E-02 7.783E-01 1.016E-01 6.113E+01 0.000E+00 0.000E+00 6.201E+01 6.123E+01 
2.000E-02 5.391E-01 1.132E-01 2.738E+01 0.000E+00 0.000E+00 2.803E+01 2.749E+01 
3.000E-02 2.983E-01 1.257E-01 8.538E+00 0.000E+00 0.000E+00 8.962E+00 8.663E+00 
4.000E-02 1.880E-01 1.310E-01 3.661E+00 0.000E+00 0.000E+00 3.980E+00 3.792E+00 
5.000E-02 1.302E-01 1.328E-01 1.881E+00 0.000E+00 0.000E+00 2.144E+00 2.014E+00 
6.000E-02 9.597E-02 1.328E-01 1.085E+00 0.000E+00 0.000E+00 1.314E+00 1.218E+00 
8.000E-02 5.862E-02 1.307E-01 4.521E-01 0.000E+00 0.000E+00 6.414E-01 5.828E-01 
1.000E-01 3.945E-02 1.273E-01 2.282E-01 0.000E+00 0.000E+00 3.950E-01 3.555E-01 
1.500E-01 1.869E-02 1.179E-01 6.567E-02 0.000E+00 0.000E+00 2.023E-01 1.836E-01 
2.000E-01 1.084E-02 1.094E-01 2.731E-02 0.000E+00 0.000E+00 1.476E-01 1.368E-01 
3.000E-01 4.966E-03 9.626E-02 8.184E-03 0.000E+00 0.000E+00 1.094E-01 1.044E-01 
4.000E-01 2.831E-03 8.666E-02 3.621E-03 0.000E+00 0.000E+00 9.312E-02 9.029E-02 
5.000E-01 1.824E-03 7.934E-02 1.991E-03 0.000E+00 0.000E+00 8.315E-02 8.133E-02 
6.000E-01 1.272E-03 7.351E-02 1.254E-03 0.000E+00 0.000E+00 7.604E-02 7.477E-02 
8.000E-01 7.186E-04 6.468E-02 6.389E-04 0.000E+00 0.000E+00 6.604E-02 6.532E-02 
1.000E+00 4.609E-04 5.821E-02 3.975E-04 0.000E+00 0.000E+00 5.906E-02 5.860E-02 
1.022E+00 4.412E-04 5.759E-02 3.774E-04 0.000E+00 0.000E+00 5.841E-02 5.797E-02 
1.250E+00 2.953E-04 5.207E-02 2.552E-04 7.286E-05 0.000E+00 5.270E-02 5.240E-02 
1.500E+00 2.052E-04 4.734E-02 1.839E-04 3.692E-04 0.000E+00 4.810E-02 4.790E-02 
2.000E+00 1.156E-04 4.041E-02 1.133E-04 1.399E-03 0.000E+00 4.204E-02 4.193E-02 
2.044E+00 1.106E-04 3.992E-02 1.095E-04 1.505E-03 0.000E+00 4.165E-02 4.154E-02 
3.000E+00 5.137E-05 3.181E-02 6.147E-05 3.871E-03 1.113E-05 3.581E-02 3.575E-02 
4.000E+00 2.890E-05 2.654E-02 4.138E-05 6.175E-03 4.544E-05 3.283E-02 3.280E-02 
5.000E+00 1.850E-05 2.292E-02 3.095E-05 8.210E-03 9.052E-05 3.127E-02 3.125E-02 
6.000E+00 1.284E-05 2.025E-02 2.465E-05 1.002E-02 1.390E-04 3.045E-02 3.044E-02 
7.000E+00 9.439E-06 1.821E-02 2.044E-05 1.163E-02 1.873E-04 3.006E-02 3.005E-02 
8.000E+00 7.227E-06 1.657E-02 1.743E-05 1.308E-02 2.341E-04 2.991E-02 2.991E-02 
9.000E+00 5.710E-06 1.524E-02 1.520E-05 1.439E-02 2.790E-04 2.992E-02 2.992E-02 
1.000E+01 4.625E-06 1.411E-02 1.346E-05 1.557E-02 3.217E-04 3.002E-02 3.002E-02 
1.100E+01 3.823E-06 1.316E-02 1.207E-05 1.666E-02 3.620E-04 3.020E-02 3.019E-02 
1.200E+01 3.212E-06 1.234E-02 1.094E-05 1.764E-02 4.003E-04 3.040E-02 3.039E-02 
1.300E+01 2.737E-06 1.163E-02 1.001E-05 1.855E-02 4.363E-04 3.062E-02 3.062E-02 
1.400E+01 2.359E-06 1.101E-02 9.214E-06 1.941E-02 4.707E-04 3.089E-02 3.089E-02 
1.500E+01 2.056E-06 1.044E-02 8.540E-06 2.019E-02 5.032E-04 3.115E-02 3.115E-02 
1.600E+01 1.807E-06 9.948E-03 7.955E-06 2.094E-02 5.341E-04 3.143E-02 3.143E-02 
1.800E+01 1.428E-06 9.091E-03 6.998E-06 2.231E-02 5.916E-04 3.200E-02 3.200E-02 
2.000E+01 1.157E-06 8.384E-03 6.246E-06 2.352E-02 6.440E-04 3.256E-02 3.256E-02 
2.200E+01 9.556E-07 7.788E-03 5.639E-06 2.463E-02 6.921E-04 3.311E-02 3.311E-02 
2.400E+01 8.030E-07 7.277E-03 5.139E-06 2.563E-02 7.364E-04 3.365E-02 3.365E-02 
2.600E+01 6.842E-07 6.833E-03 4.720E-06 2.655E-02 7.774E-04 3.416E-02 3.416E-02 
2.800E+01 5.899E-07 6.446E-03 4.364E-06 2.739E-02 8.155E-04 3.465E-02 3.465E-02 
3.000E+01 5.139E-07 6.104E-03 4.058E-06 2.816E-02 8.510E-04 3.512E-02 3.512E-02 
4.000E+01 2.891E-07 4.851E-03 3.004E-06 3.132E-02 9.992E-04 3.717E-02 3.717E-02 
5.000E+01 1.851E-07 4.049E-03 2.385E-06 3.368E-02 1.113E-03 3.884E-02 3.884E-02 
6.000E+01 1.284E-07 3.489E-03 1.977E-06 3.554E-02 1.204E-03 4.023E-02 4.023E-02 
8.000E+01 7.227E-08 2.751E-03 1.472E-06 3.830E-02 1.342E-03 4.239E-02 4.239E-02 
1.000E+02 4.625E-08 2.284E-03 1.173E-06 4.027E-02 1.443E-03 4.400E-02 4.400E-02 
1.500E+02 2.056E-08 1.626E-03 7.782E-07 4.344E-02 1.612E-03 4.668E-02 4.668E-02 
2.000E+02 1.156E-08 1.275E-03 5.822E-07 4.534E-02 1.721E-03 4.834E-02 4.834E-02 
3.000E+02 5.139E-09 9.037E-04 3.870E-07 4.757E-02 1.854E-03 5.033E-02 5.033E-02 
4.000E+02 2.891E-09 7.077E-04 2.899E-07 4.886E-02 1.934E-03 5.150E-02 5.150E-02 
5.000E+02 1.850E-09 5.858E-04 2.318E-07 4.970E-02 1.990E-03 5.228E-02 5.228E-02 
6.000E+02 1.284E-09 5.016E-04 1.930E-07 5.032E-02 2.030E-03 5.285E-02 5.285E-02 
8.000E+02 7.227E-10 3.918E-04 1.447E-07 5.112E-02 2.087E-03 5.360E-02 5.360E-02 
1.000E+03 4.625E-10 3.223E-04 1.157E-07 5.164E-02 2.125E-03 5.409E-02 5.409E-02 
1.500E+03 2.056E-10 2.251E-04 7.707E-08 5.241E-02 2.182E-03 5.482E-02 5.482E-02 
2.000E+03 1.156E-10 1.742E-04 5.779E-08 5.282E-02 2.214E-03 5.521E-02 5.521E-02 
3.000E+03 5.139E-11 1.211E-04 3.851E-08 5.327E-02 2.249E-03 5.564E-02 5.564E-02 
4.000E+03 2.891E-11 9.350E-05 2.888E-08 5.351E-02 2.271E-03 5.588E-02 5.588E-02 
5.000E+03 1.850E-11 7.645E-05 2.310E-08 5.367E-02 2.283E-03 5.603E-02 5.603E-02 
6.000E+03 1.284E-11 6.483E-05 1.925E-08 5.377E-02 2.292E-03 5.613E-02 5.613E-02 
8.000E+03 7.227E-12 4.995E-05 1.444E-08 5.391E-02 2.304E-03 5.627E-02 5.627E-02 
1.000E+04 4.625E-12 4.078E-05 1.155E-08 5.401E-02 2.311E-03 5.636E-02 5.636E-02 
1.500E+04 2.056E-12 2.818E-05 7.700E-09 5.412E-02 2.323E-03 5.647E-02 5.647E-02 
2.000E+04 1.156E-12 2.166E-05 5.775E-09 5.419E-02 2.328E-03 5.654E-02 5.654E-02 
3.000E+04 5.139E-13 1.494E-05 3.849E-09 5.425E-02 2.334E-03 5.660E-02 5.660E-02 
4.000E+04 2.891E-13 1.148E-05 2.887E-09 5.429E-02 2.338E-03 5.664E-02 5.664E-02 
5.000E+04 1.850E-13 9.342E-06 2.309E-09 5.431E-02 2.340E-03 5.666E-02 5.666E-02 
6.000E+04 1.284E-13 7.897E-06 1.925E-09 5.433E-02 2.341E-03 5.668E-02 5.668E-02 
8.000E+04 7.227E-14 6.055E-06 1.444E-09 5.435E-02 2.343E-03 5.670E-02 5.670E-02 
1.000E+05 4.625E-14 4.926E-06 1.155E-09 5.436E-02 2.344E-03 5.671E-02 5.671E-02 
