1.000E-03 6.547E+00 8.100E-03 4.203E+03 0.000E+00 0.000E+00 4.210E+03 4.203E+03 
1.500E-03 6.126E+00 1.338E-02 1.625E+03 0.000E+00 0.000E+00 1.631E+03 1.625E+03 
2.000E-03 5.705E+00 1.814E-02 8.060E+02 0.000E+00 0.000E+00 8.118E+02 8.061E+02 
2.222E-03 5.523E+00 2.017E-02 6.203E+02 0.000E+00 0.000E+00 6.258E+02 6.203E+02 
2.264E-03 5.490E+00 2.055E-02 2.246E+03 0.000E+00 0.000E+00 2.251E+03 2.246E+03 
2.307E-03 5.456E+00 2.094E-02 2.114E+03 0.000E+00 0.000E+00 2.120E+03 2.114E+03 
2.417E-03 5.374E+00 2.191E-02 2.633E+03 0.000E+00 0.000E+00 2.639E+03 2.633E+03 
2.532E-03 5.290E+00 2.291E-02 2.353E+03 0.000E+00 0.000E+00 2.359E+03 2.353E+03 
3.000E-03 4.944E+00 2.691E-02 1.767E+03 0.000E+00 0.000E+00 1.772E+03 1.767E+03 
4.000E-03 4.297E+00 3.484E-02 8.463E+02 0.000E+00 0.000E+00 8.506E+02 8.463E+02 
5.000E-03 3.758E+00 4.206E-02 4.718E+02 0.000E+00 0.000E+00 4.756E+02 4.719E+02 
6.000E-03 3.314E+00 4.861E-02 2.901E+02 0.000E+00 0.000E+00 2.935E+02 2.902E+02 
8.000E-03 2.641E+00 5.962E-02 1.330E+02 0.000E+00 0.000E+00 1.357E+02 1.330E+02 
1.000E-02 2.150E+00 6.846E-02 7.196E+01 0.000E+00 0.000E+00 7.417E+01 7.202E+01 
1.500E-02 1.353E+00 8.496E-02 2.318E+01 0.000E+00 0.000E+00 2.462E+01 2.327E+01 
1.800E-02 1.063E+00 9.235E-02 1.386E+01 0.000E+00 0.000E+00 1.501E+01 1.395E+01 
2.000E-02 9.222E-01 9.645E-02 7.136E+01 0.000E+00 0.000E+00 7.238E+01 7.146E+01 
3.000E-02 5.215E-01 1.100E-01 2.422E+01 0.000E+00 0.000E+00 2.485E+01 2.433E+01 
4.000E-02 3.384E-01 1.168E-01 1.093E+01 0.000E+00 0.000E+00 1.139E+01 1.105E+01 
5.000E-02 2.358E-01 1.201E-01 5.818E+00 0.000E+00 0.000E+00 6.174E+00 5.938E+00 
6.000E-02 1.735E-01 1.214E-01 3.449E+00 0.000E+00 0.000E+00 3.744E+00 3.570E+00 
8.000E-02 1.058E-01 1.207E-01 1.495E+00 0.000E+00 0.000E+00 1.721E+00 1.615E+00 
1.000E-01 7.163E-02 1.184E-01 7.757E-01 0.000E+00 0.000E+00 9.657E-01 8.940E-01 
1.500E-01 3.457E-02 1.106E-01 2.338E-01 0.000E+00 0.000E+00 3.790E-01 3.445E-01 
2.000E-01 2.023E-02 1.033E-01 1.001E-01 0.000E+00 0.000E+00 2.237E-01 2.035E-01 
3.000E-01 9.341E-03 9.136E-02 3.107E-02 0.000E+00 0.000E+00 1.318E-01 1.224E-01 
4.000E-01 5.354E-03 8.245E-02 1.403E-02 0.000E+00 0.000E+00 1.018E-01 9.649E-02 
5.000E-01 3.464E-03 7.565E-02 7.816E-03 0.000E+00 0.000E+00 8.693E-02 8.347E-02 
6.000E-01 2.421E-03 7.017E-02 4.962E-03 0.000E+00 0.000E+00 7.756E-02 7.514E-02 
8.000E-01 1.372E-03 6.179E-02 2.549E-03 0.000E+00 0.000E+00 6.571E-02 6.434E-02 
1.000E+00 8.806E-04 5.563E-02 1.588E-03 0.000E+00 0.000E+00 5.810E-02 5.722E-02 
1.022E+00 8.437E-04 5.505E-02 1.510E-03 0.000E+00 0.000E+00 5.740E-02 5.656E-02 
1.250E+00 5.652E-04 4.979E-02 1.019E-03 1.241E-04 0.000E+00 5.150E-02 5.093E-02 
1.500E+00 3.930E-04 4.528E-02 7.321E-04 5.953E-04 0.000E+00 4.700E-02 4.661E-02 
2.000E+00 2.213E-04 3.866E-02 4.479E-04 2.130E-03 0.000E+00 4.146E-02 4.124E-02 
2.044E+00 2.120E-04 3.819E-02 4.323E-04 2.283E-03 0.000E+00 4.112E-02 4.090E-02 
3.000E+00 9.849E-05 3.043E-02 2.398E-04 5.660E-03 1.065E-05 3.644E-02 3.634E-02 
4.000E+00 5.541E-05 2.539E-02 1.600E-04 8.866E-03 4.345E-05 3.451E-02 3.446E-02 
5.000E+00 3.547E-05 2.193E-02 1.189E-04 1.166E-02 8.655E-05 3.384E-02 3.380E-02 
6.000E+00 2.464E-05 1.938E-02 9.420E-05 1.411E-02 1.328E-04 3.374E-02 3.372E-02 
7.000E+00 1.810E-05 1.742E-02 7.777E-05 1.629E-02 1.788E-04 3.399E-02 3.397E-02 
8.000E+00 1.386E-05 1.586E-02 6.615E-05 1.825E-02 2.235E-04 3.441E-02 3.440E-02 
9.000E+00 1.095E-05 1.458E-02 5.752E-05 2.004E-02 2.662E-04 3.495E-02 3.494E-02 
1.000E+01 8.872E-06 1.351E-02 5.084E-05 2.167E-02 3.068E-04 3.554E-02 3.553E-02 
1.100E+01 7.328E-06 1.260E-02 4.553E-05 2.316E-02 3.453E-04 3.615E-02 3.614E-02 
1.200E+01 6.160E-06 1.182E-02 4.121E-05 2.453E-02 3.816E-04 3.678E-02 3.677E-02 
1.300E+01 5.248E-06 1.113E-02 3.764E-05 2.579E-02 4.158E-04 3.738E-02 3.738E-02 
1.400E+01 4.525E-06 1.053E-02 3.462E-05 2.695E-02 4.483E-04 3.797E-02 3.797E-02 
1.500E+01 3.942E-06 9.995E-03 3.206E-05 2.804E-02 4.791E-04 3.855E-02 3.854E-02 
1.600E+01 3.465E-06 9.519E-03 2.984E-05 2.905E-02 5.084E-04 3.911E-02 3.911E-02 
1.800E+01 2.738E-06 8.701E-03 2.621E-05 3.090E-02 5.627E-04 4.019E-02 4.019E-02 
2.000E+01 2.217E-06 8.021E-03 2.336E-05 3.256E-02 6.122E-04 4.122E-02 4.121E-02 
2.200E+01 1.833E-06 7.453E-03 2.107E-05 3.407E-02 6.574E-04 4.220E-02 4.220E-02 
2.400E+01 1.540E-06 6.965E-03 1.918E-05 3.544E-02 6.991E-04 4.312E-02 4.312E-02 
2.600E+01 1.312E-06 6.540E-03 1.761E-05 3.669E-02 7.374E-04 4.399E-02 4.399E-02 
2.800E+01 1.131E-06 6.169E-03 1.627E-05 3.783E-02 7.730E-04 4.479E-02 4.479E-02 
3.000E+01 9.856E-07 5.842E-03 1.512E-05 3.889E-02 8.067E-04 4.555E-02 4.555E-02 
4.000E+01 5.544E-07 4.642E-03 1.118E-05 4.319E-02 9.440E-04 4.878E-02 4.878E-02 
5.000E+01 3.548E-07 3.875E-03 8.859E-06 4.637E-02 1.049E-03 5.130E-02 5.130E-02 
6.000E+01 2.464E-07 3.339E-03 7.341E-06 4.884E-02 1.132E-03 5.332E-02 5.332E-02 
8.000E+01 1.386E-07 2.633E-03 5.462E-06 5.251E-02 1.258E-03 5.640E-02 5.640E-02 
1.000E+02 8.872E-08 2.186E-03 4.350E-06 5.512E-02 1.349E-03 5.866E-02 5.866E-02 
1.500E+02 3.942E-08 1.557E-03 2.882E-06 5.925E-02 1.502E-03 6.232E-02 6.232E-02 
2.000E+02 2.217E-08 1.220E-03 2.155E-06 6.174E-02 1.598E-03 6.456E-02 6.456E-02 
3.000E+02 9.856E-09 8.648E-04 1.432E-06 6.462E-02 1.716E-03 6.720E-02 6.720E-02 
4.000E+02 5.543E-09 6.773E-04 1.072E-06 6.628E-02 1.788E-03 6.875E-02 6.875E-02 
5.000E+02 3.548E-09 5.607E-04 8.569E-07 6.740E-02 1.838E-03 6.980E-02 6.980E-02 
6.000E+02 2.464E-09 4.801E-04 7.136E-07 6.819E-02 1.874E-03 7.055E-02 7.055E-02 
8.000E+02 1.386E-09 3.750E-04 5.349E-07 6.918E-02 1.924E-03 7.148E-02 7.148E-02 
1.000E+03 8.872E-10 3.085E-04 4.278E-07 6.991E-02 1.958E-03 7.218E-02 7.218E-02 
1.500E+03 3.942E-10 2.154E-04 2.850E-07 7.083E-02 2.009E-03 7.306E-02 7.306E-02 
2.000E+03 2.217E-10 1.668E-04 2.137E-07 7.143E-02 2.038E-03 7.363E-02 7.363E-02 
3.000E+03 9.856E-11 1.159E-04 1.424E-07 7.196E-02 2.070E-03 7.414E-02 7.414E-02 
4.000E+03 5.543E-11 8.952E-05 1.068E-07 7.229E-02 2.089E-03 7.446E-02 7.446E-02 
5.000E+03 3.548E-11 7.314E-05 8.542E-08 7.248E-02 2.101E-03 7.466E-02 7.466E-02 
6.000E+03 2.464E-11 6.205E-05 7.116E-08 7.262E-02 2.109E-03 7.479E-02 7.479E-02 
8.000E+03 1.386E-11 4.780E-05 5.338E-08 7.281E-02 2.119E-03 7.498E-02 7.498E-02 
1.000E+04 8.872E-12 3.903E-05 4.270E-08 7.288E-02 2.126E-03 7.505E-02 7.505E-02 
1.500E+04 3.942E-12 2.697E-05 2.847E-08 7.308E-02 2.136E-03 7.524E-02 7.524E-02 
2.000E+04 2.217E-12 2.074E-05 2.135E-08 7.314E-02 2.141E-03 7.531E-02 7.531E-02 
3.000E+04 9.856E-13 1.430E-05 1.423E-08 7.321E-02 2.146E-03 7.537E-02 7.537E-02 
4.000E+04 5.543E-13 1.098E-05 1.067E-08 7.328E-02 2.150E-03 7.544E-02 7.544E-02 
5.000E+04 3.548E-13 8.938E-06 8.542E-09 7.334E-02 2.152E-03 7.550E-02 7.550E-02 
6.000E+04 2.464E-13 7.559E-06 7.116E-09 7.334E-02 2.153E-03 7.550E-02 7.550E-02 
8.000E+04 1.386E-13 5.795E-06 5.337E-09 7.334E-02 2.155E-03 7.550E-02 7.550E-02 
1.000E+05 8.872E-14 4.715E-06 4.270E-09 7.334E-02 2.155E-03 7.550E-02 7.550E-02 
