1.000E-03 7.634E+00 4.270E-03 6.530E+03 0.000E+00 0.000E+00 6.538E+03 6.530E+03 
1.500E-03 7.272E+00 8.466E-03 2.571E+03 0.000E+00 0.000E+00 2.579E+03 2.571E+03 
2.000E-03 6.842E+00 1.298E-02 1.285E+03 0.000E+00 0.000E+00 1.292E+03 1.285E+03 
3.000E-03 5.942E+00 2.155E-02 4.670E+02 0.000E+00 0.000E+00 4.729E+02 4.670E+02 
3.173E-03 5.789E+00 2.291E-02 4.049E+02 0.000E+00 0.000E+00 4.107E+02 4.049E+02 
3.251E-03 5.723E+00 2.352E-02 1.278E+03 0.000E+00 0.000E+00 1.283E+03 1.278E+03 
3.330E-03 5.656E+00 2.413E-02 1.210E+03 0.000E+00 0.000E+00 1.216E+03 1.210E+03 
3.465E-03 5.543E+00 2.517E-02 1.510E+03 0.000E+00 0.000E+00 1.515E+03 1.510E+03 
3.604E-03 5.428E+00 2.623E-02 1.374E+03 0.000E+00 0.000E+00 1.379E+03 1.374E+03 
4.000E-03 5.116E+00 2.918E-02 1.222E+03 0.000E+00 0.000E+00 1.227E+03 1.222E+03 
5.000E-03 4.423E+00 3.619E-02 6.870E+02 0.000E+00 0.000E+00 6.914E+02 6.870E+02 
6.000E-03 3.860E+00 4.274E-02 4.268E+02 0.000E+00 0.000E+00 4.307E+02 4.269E+02 
8.000E-03 3.040E+00 5.439E-02 1.986E+02 0.000E+00 0.000E+00 2.017E+02 1.987E+02 
1.000E-02 2.480E+00 6.394E-02 1.085E+02 0.000E+00 0.000E+00 1.110E+02 1.085E+02 
1.500E-02 1.618E+00 8.081E-02 3.545E+01 0.000E+00 0.000E+00 3.715E+01 3.553E+01 
2.000E-02 1.118E+00 9.190E-02 1.583E+01 0.000E+00 0.000E+00 1.704E+01 1.593E+01 
2.435E-02 8.522E-01 9.880E-02 9.077E+00 0.000E+00 0.000E+00 1.003E+01 9.176E+00 
3.000E-02 6.281E-01 1.053E-01 3.391E+01 0.000E+00 0.000E+00 3.465E+01 3.402E+01 
4.000E-02 4.104E-01 1.122E-01 1.561E+01 0.000E+00 0.000E+00 1.614E+01 1.572E+01 
5.000E-02 2.892E-01 1.157E-01 8.443E+00 0.000E+00 0.000E+00 8.848E+00 8.559E+00 
6.000E-02 2.138E-01 1.173E-01 5.067E+00 0.000E+00 0.000E+00 5.399E+00 5.185E+00 
8.000E-02 1.305E-01 1.173E-01 2.232E+00 0.000E+00 0.000E+00 2.480E+00 2.350E+00 
1.000E-01 8.833E-02 1.153E-01 1.173E+00 0.000E+00 0.000E+00 1.377E+00 1.288E+00 
1.500E-01 4.285E-02 1.082E-01 3.605E-01 0.000E+00 0.000E+00 5.115E-01 4.687E-01 
2.000E-01 2.522E-02 1.012E-01 1.564E-01 0.000E+00 0.000E+00 2.827E-01 2.575E-01 
3.000E-01 1.169E-02 8.969E-02 4.927E-02 0.000E+00 0.000E+00 1.506E-01 1.390E-01 
4.000E-01 6.717E-03 8.109E-02 2.246E-02 0.000E+00 0.000E+00 1.103E-01 1.036E-01 
5.000E-01 4.351E-03 7.441E-02 1.259E-02 0.000E+00 0.000E+00 9.135E-02 8.700E-02 
6.000E-01 3.044E-03 6.904E-02 8.024E-03 0.000E+00 0.000E+00 8.011E-02 7.706E-02 
8.000E-01 1.727E-03 6.083E-02 4.135E-03 0.000E+00 0.000E+00 6.670E-02 6.497E-02 
1.000E+00 1.110E-03 5.481E-02 2.579E-03 0.000E+00 0.000E+00 5.850E-02 5.739E-02 
1.022E+00 1.063E-03 5.423E-02 2.455E-03 0.000E+00 0.000E+00 5.775E-02 5.668E-02 
1.250E+00 7.130E-04 4.906E-02 1.656E-03 1.535E-04 0.000E+00 5.159E-02 5.087E-02 
1.500E+00 4.958E-04 4.462E-02 1.188E-03 7.198E-04 0.000E+00 4.702E-02 4.653E-02 
2.000E+00 2.794E-04 3.811E-02 7.243E-04 2.509E-03 0.000E+00 4.162E-02 4.134E-02 
2.044E+00 2.675E-04 3.764E-02 6.989E-04 2.685E-03 0.000E+00 4.129E-02 4.102E-02 
3.000E+00 1.243E-04 3.000E-02 3.860E-04 6.525E-03 1.049E-05 3.704E-02 3.692E-02 
4.000E+00 6.994E-05 2.503E-02 2.566E-04 1.012E-02 4.281E-05 3.552E-02 3.545E-02 
5.000E+00 4.478E-05 2.162E-02 1.903E-04 1.325E-02 8.522E-05 3.518E-02 3.514E-02 
6.000E+00 3.111E-05 1.911E-02 1.504E-04 1.595E-02 1.308E-04 3.537E-02 3.534E-02 
7.000E+00 2.286E-05 1.717E-02 1.240E-04 1.836E-02 1.762E-04 3.586E-02 3.584E-02 
8.000E+00 1.750E-05 1.563E-02 1.054E-04 2.054E-02 2.201E-04 3.651E-02 3.649E-02 
9.000E+00 1.382E-05 1.437E-02 9.150E-05 2.251E-02 2.621E-04 3.724E-02 3.723E-02 
1.000E+01 1.120E-05 1.332E-02 8.081E-05 2.431E-02 3.020E-04 3.802E-02 3.801E-02 
1.100E+01 9.258E-06 1.242E-02 7.232E-05 2.597E-02 3.398E-04 3.882E-02 3.881E-02 
1.200E+01 7.775E-06 1.165E-02 6.542E-05 2.750E-02 3.754E-04 3.960E-02 3.959E-02 
1.300E+01 6.627E-06 1.097E-02 5.976E-05 2.892E-02 4.090E-04 4.037E-02 4.036E-02 
1.400E+01 5.715E-06 1.038E-02 5.493E-05 3.022E-02 4.409E-04 4.110E-02 4.110E-02 
1.500E+01 4.978E-06 9.858E-03 5.083E-05 3.143E-02 4.712E-04 4.181E-02 4.181E-02 
1.600E+01 4.375E-06 9.382E-03 4.730E-05 3.256E-02 4.999E-04 4.249E-02 4.248E-02 
1.800E+01 3.457E-06 8.579E-03 4.152E-05 3.462E-02 5.531E-04 4.379E-02 4.379E-02 
2.000E+01 2.800E-06 7.911E-03 3.699E-05 3.646E-02 6.015E-04 4.501E-02 4.501E-02 
2.200E+01 2.314E-06 7.345E-03 3.335E-05 3.813E-02 6.457E-04 4.616E-02 4.616E-02 
2.400E+01 1.944E-06 6.864E-03 3.036E-05 3.966E-02 6.864E-04 4.724E-02 4.724E-02 
2.600E+01 1.657E-06 6.445E-03 2.786E-05 4.104E-02 7.243E-04 4.824E-02 4.824E-02 
2.800E+01 1.429E-06 6.083E-03 2.574E-05 4.231E-02 7.589E-04 4.918E-02 4.918E-02 
3.000E+01 1.244E-06 5.761E-03 2.391E-05 4.348E-02 7.917E-04 5.006E-02 5.006E-02 
4.000E+01 7.000E-07 4.576E-03 1.766E-05 4.824E-02 9.258E-04 5.376E-02 5.376E-02 
5.000E+01 4.480E-07 3.820E-03 1.399E-05 5.177E-02 1.028E-03 5.663E-02 5.663E-02 
6.000E+01 3.111E-07 3.291E-03 1.158E-05 5.452E-02 1.109E-03 5.893E-02 5.893E-02 
8.000E+01 1.750E-07 2.596E-03 8.618E-06 5.857E-02 1.231E-03 6.240E-02 6.240E-02 
1.000E+02 1.120E-07 2.154E-03 6.859E-06 6.145E-02 1.320E-03 6.494E-02 6.494E-02 
1.500E+02 4.978E-08 1.534E-03 4.545E-06 6.604E-02 1.467E-03 6.904E-02 6.904E-02 
2.000E+02 2.800E-08 1.203E-03 3.397E-06 6.875E-02 1.558E-03 7.152E-02 7.152E-02 
3.000E+02 1.244E-08 8.528E-04 2.257E-06 7.198E-02 1.671E-03 7.451E-02 7.451E-02 
4.000E+02 7.000E-09 6.677E-04 1.690E-06 7.379E-02 1.738E-03 7.620E-02 7.620E-02 
5.000E+02 4.480E-09 5.528E-04 1.351E-06 7.498E-02 1.784E-03 7.732E-02 7.732E-02 
6.000E+02 3.111E-09 4.732E-04 1.125E-06 7.589E-02 1.818E-03 7.818E-02 7.818E-02 
8.000E+02 1.750E-09 3.696E-04 8.432E-07 7.702E-02 1.864E-03 7.925E-02 7.925E-02 
1.000E+03 1.120E-09 3.041E-04 6.740E-07 7.775E-02 1.895E-03 7.995E-02 7.995E-02 
1.500E+03 4.978E-10 2.124E-04 4.491E-07 7.883E-02 1.940E-03 8.098E-02 8.098E-02 
2.000E+03 2.800E-10 1.644E-04 3.367E-07 7.945E-02 1.965E-03 8.158E-02 8.158E-02 
3.000E+03 1.244E-10 1.143E-04 2.244E-07 8.007E-02 1.993E-03 8.218E-02 8.218E-02 
4.000E+03 7.000E-11 8.822E-05 1.683E-07 8.041E-02 2.009E-03 8.251E-02 8.251E-02 
5.000E+03 4.480E-11 7.215E-05 1.346E-07 8.064E-02 2.020E-03 8.273E-02 8.273E-02 
6.000E+03 3.111E-11 6.117E-05 1.122E-07 8.075E-02 2.026E-03 8.284E-02 8.284E-02 
8.000E+03 1.750E-11 4.712E-05 8.409E-08 8.098E-02 2.035E-03 8.306E-02 8.306E-02 
1.000E+04 1.120E-11 3.847E-05 6.728E-08 8.109E-02 2.042E-03 8.317E-02 8.317E-02 
1.500E+04 4.978E-12 2.659E-05 4.486E-08 8.126E-02 2.050E-03 8.334E-02 8.334E-02 
2.000E+04 2.800E-12 2.044E-05 3.364E-08 8.132E-02 2.054E-03 8.339E-02 8.339E-02 
3.000E+04 1.244E-12 1.410E-05 2.243E-08 8.143E-02 2.059E-03 8.350E-02 8.350E-02 
4.000E+04 7.000E-13 1.083E-05 1.682E-08 8.149E-02 2.062E-03 8.356E-02 8.356E-02 
5.000E+04 4.480E-13 8.816E-06 1.346E-08 8.154E-02 2.063E-03 8.362E-02 8.362E-02 
6.000E+04 3.111E-13 7.453E-06 1.122E-08 8.154E-02 2.064E-03 8.362E-02 8.362E-02 
8.000E+04 1.750E-13 5.715E-06 8.409E-09 8.154E-02 2.065E-03 8.361E-02 8.361E-02 
1.000E+05 1.120E-13 4.648E-06 6.728E-09 8.160E-02 2.066E-03 8.367E-02 8.367E-02 
