1.000E-03 1.415E+01 4.439E-03 7.180E+03 0.000E+00 0.000E+00 7.194E+03 7.180E+03 
1.056E-03 1.409E+01 4.767E-03 6.522E+03 0.000E+00 0.000E+00 6.537E+03 6.522E+03 
1.115E-03 1.402E+01 5.114E-03 5.925E+03 0.000E+00 0.000E+00 5.939E+03 5.925E+03 
1.237E-03 1.388E+01 5.814E-03 5.178E+03 0.000E+00 0.000E+00 5.192E+03 5.178E+03 
1.372E-03 1.371E+01 6.585E-03 4.252E+03 0.000E+00 0.000E+00 4.266E+03 4.252E+03 
1.500E-03 1.355E+01 7.328E-03 3.607E+03 0.000E+00 0.000E+00 3.621E+03 3.607E+03 
1.559E-03 1.347E+01 7.668E-03 3.340E+03 0.000E+00 0.000E+00 3.354E+03 3.340E+03 
2.000E-03 1.290E+01 1.021E-02 2.024E+03 0.000E+00 0.000E+00 2.037E+03 2.024E+03 
3.000E-03 1.158E+01 1.577E-02 8.278E+02 0.000E+00 0.000E+00 8.394E+02 8.278E+02 
3.778E-03 1.061E+01 1.979E-02 4.880E+02 0.000E+00 0.000E+00 4.986E+02 4.880E+02 
3.874E-03 1.050E+01 2.026E-02 1.093E+03 0.000E+00 0.000E+00 1.104E+03 1.094E+03 
3.973E-03 1.038E+01 2.075E-02 1.022E+03 0.000E+00 0.000E+00 1.032E+03 1.022E+03 
4.000E-03 1.035E+01 2.088E-02 1.416E+03 0.000E+00 0.000E+00 1.426E+03 1.416E+03 
4.557E-03 9.732E+00 2.354E-02 1.034E+03 0.000E+00 0.000E+00 1.043E+03 1.034E+03 
5.000E-03 9.271E+00 2.554E-02 9.555E+02 0.000E+00 0.000E+00 9.648E+02 9.555E+02 
5.541E-03 8.749E+00 2.789E-02 7.343E+02 0.000E+00 0.000E+00 7.431E+02 7.344E+02 
5.734E-03 8.574E+00 2.868E-02 7.162E+02 0.000E+00 0.000E+00 7.248E+02 7.162E+02 
5.933E-03 8.399E+00 2.950E-02 6.583E+02 0.000E+00 0.000E+00 6.667E+02 6.583E+02 
6.000E-03 8.341E+00 2.978E-02 6.676E+02 0.000E+00 0.000E+00 6.760E+02 6.676E+02 
8.000E-03 6.860E+00 3.728E-02 3.282E+02 0.000E+00 0.000E+00 3.351E+02 3.283E+02 
1.000E-02 5.741E+00 4.388E-02 1.877E+02 0.000E+00 0.000E+00 1.935E+02 1.878E+02 
1.500E-02 3.910E+00 5.734E-02 6.668E+01 0.000E+00 0.000E+00 7.065E+01 6.674E+01 
1.806E-02 3.184E+00 6.353E-02 4.129E+01 0.000E+00 0.000E+00 4.454E+01 4.135E+01 
2.000E-02 2.824E+00 6.688E-02 7.419E+01 0.000E+00 0.000E+00 7.708E+01 7.426E+01 
2.227E-02 2.475E+00 7.034E-02 5.550E+01 0.000E+00 0.000E+00 5.804E+01 5.557E+01 
2.268E-02 2.419E+00 7.090E-02 7.545E+01 0.000E+00 0.000E+00 7.794E+01 7.552E+01 
2.310E-02 2.363E+00 7.147E-02 7.192E+01 0.000E+00 0.000E+00 7.436E+01 7.199E+01 
3.000E-02 1.666E+00 7.920E-02 4.278E+01 0.000E+00 0.000E+00 4.452E+01 4.285E+01 
4.000E-02 1.119E+00 8.676E-02 2.027E+01 0.000E+00 0.000E+00 2.147E+01 2.035E+01 
5.000E-02 8.089E-01 9.145E-02 1.127E+01 0.000E+00 0.000E+00 1.217E+01 1.136E+01 
6.000E-02 6.096E-01 9.424E-02 6.948E+00 0.000E+00 0.000E+00 7.652E+00 7.042E+00 
8.000E-02 3.829E-01 9.648E-02 3.220E+00 0.000E+00 0.000E+00 3.699E+00 3.316E+00 
1.000E-01 2.658E-01 9.646E-02 1.766E+00 0.000E+00 0.000E+00 2.129E+00 1.863E+00 
1.218E-01 1.907E-01 9.530E-02 1.038E+00 0.000E+00 0.000E+00 1.324E+00 1.133E+00 
1.500E-01 1.333E-01 9.296E-02 2.542E+00 0.000E+00 0.000E+00 2.768E+00 2.635E+00 
2.000E-01 7.988E-02 8.820E-02 1.223E+00 0.000E+00 0.000E+00 1.391E+00 1.311E+00 
3.000E-01 3.837E-02 7.930E-02 4.388E-01 0.000E+00 0.000E+00 5.565E-01 5.181E-01 
4.000E-01 2.261E-02 7.225E-02 2.176E-01 0.000E+00 0.000E+00 3.124E-01 2.898E-01 
5.000E-01 1.490E-02 6.663E-02 1.289E-01 0.000E+00 0.000E+00 2.105E-01 1.956E-01 
6.000E-01 1.055E-02 6.202E-02 8.545E-02 0.000E+00 0.000E+00 1.580E-01 1.475E-01 
8.000E-01 6.081E-03 5.489E-02 4.600E-02 0.000E+00 0.000E+00 1.070E-01 1.009E-01 
1.000E+00 3.950E-03 4.953E-02 2.915E-02 0.000E+00 0.000E+00 8.262E-02 7.867E-02 
1.022E+00 3.786E-03 4.902E-02 2.794E-02 0.000E+00 0.000E+00 8.075E-02 7.696E-02 
1.250E+00 2.557E-03 4.441E-02 1.888E-02 4.678E-04 0.000E+00 6.632E-02 6.376E-02 
1.500E+00 1.790E-03 4.046E-02 1.342E-02 2.327E-03 0.000E+00 5.800E-02 5.621E-02 
2.000E+00 1.016E-03 3.459E-02 8.107E-03 6.782E-03 0.000E+00 5.049E-02 4.948E-02 
2.044E+00 9.732E-04 3.416E-02 7.814E-03 7.154E-03 0.000E+00 5.010E-02 4.913E-02 
3.000E+00 4.550E-04 2.726E-02 4.220E-03 1.397E-02 9.517E-06 4.591E-02 4.546E-02 
4.000E+00 2.567E-04 2.275E-02 2.753E-03 1.948E-02 3.877E-05 4.528E-02 4.502E-02 
5.000E+00 1.646E-04 1.965E-02 2.012E-03 2.408E-02 7.709E-05 4.598E-02 4.582E-02 
6.000E+00 1.144E-04 1.737E-02 1.573E-03 2.799E-02 1.181E-04 4.717E-02 4.705E-02 
7.000E+00 8.409E-05 1.562E-02 1.285E-03 3.149E-02 1.589E-04 4.864E-02 4.855E-02 
8.000E+00 6.442E-05 1.422E-02 1.084E-03 3.464E-02 1.983E-04 5.020E-02 5.014E-02 
9.000E+00 5.091E-05 1.307E-02 9.356E-04 3.754E-02 2.358E-04 5.183E-02 5.178E-02 
1.000E+01 4.124E-05 1.211E-02 8.223E-04 4.021E-02 2.713E-04 5.345E-02 5.341E-02 
1.100E+01 3.408E-05 1.129E-02 7.326E-04 4.270E-02 3.051E-04 5.507E-02 5.503E-02 
1.200E+01 2.864E-05 1.059E-02 6.603E-04 4.502E-02 3.366E-04 5.664E-02 5.661E-02 
1.300E+01 2.441E-05 9.978E-03 6.008E-04 4.716E-02 3.663E-04 5.813E-02 5.810E-02 
1.400E+01 2.105E-05 9.442E-03 5.509E-04 4.920E-02 3.945E-04 5.961E-02 5.959E-02 
1.500E+01 1.834E-05 8.963E-03 5.086E-04 5.109E-02 4.210E-04 6.100E-02 6.098E-02 
1.600E+01 1.612E-05 8.537E-03 4.721E-04 5.285E-02 4.464E-04 6.232E-02 6.231E-02 
1.800E+01 1.274E-05 7.802E-03 4.129E-04 5.608E-02 4.928E-04 6.480E-02 6.478E-02 
2.000E+01 1.032E-05 7.195E-03 3.668E-04 5.895E-02 5.351E-04 6.706E-02 6.705E-02 
2.200E+01 8.527E-06 6.683E-03 3.298E-04 6.157E-02 5.736E-04 6.916E-02 6.916E-02 
2.400E+01 7.165E-06 6.245E-03 2.995E-04 6.396E-02 6.086E-04 7.112E-02 7.111E-02 
2.600E+01 6.104E-06 5.865E-03 2.743E-04 6.615E-02 6.411E-04 7.294E-02 7.293E-02 
2.800E+01 5.265E-06 5.532E-03 2.529E-04 6.814E-02 6.711E-04 7.461E-02 7.460E-02 
3.000E+01 4.585E-06 5.237E-03 2.347E-04 6.998E-02 6.988E-04 7.616E-02 7.615E-02 
4.000E+01 2.580E-06 4.162E-03 1.724E-04 7.749E-02 8.129E-04 8.264E-02 8.264E-02 
5.000E+01 1.651E-06 3.474E-03 1.362E-04 8.308E-02 8.983E-04 8.759E-02 8.759E-02 
6.000E+01 1.146E-06 2.995E-03 1.125E-04 8.742E-02 9.656E-04 9.149E-02 9.149E-02 
8.000E+01 6.449E-07 2.361E-03 8.346E-05 9.379E-02 1.066E-03 9.730E-02 9.730E-02 
1.000E+02 4.126E-07 1.960E-03 6.633E-05 9.830E-02 1.138E-03 1.015E-01 1.015E-01 
1.500E+02 1.834E-07 1.396E-03 4.383E-05 1.054E-01 1.256E-03 1.081E-01 1.081E-01 
2.000E+02 1.032E-07 1.094E-03 3.272E-05 1.096E-01 1.328E-03 1.120E-01 1.120E-01 
3.000E+02 4.585E-08 7.757E-04 2.173E-05 1.145E-01 1.417E-03 1.167E-01 1.167E-01 
4.000E+02 2.580E-08 6.074E-04 1.626E-05 1.173E-01 1.469E-03 1.194E-01 1.194E-01 
5.000E+02 1.651E-08 5.028E-04 1.299E-05 1.191E-01 1.505E-03 1.212E-01 1.212E-01 
6.000E+02 1.146E-08 4.305E-04 1.081E-05 1.205E-01 1.531E-03 1.224E-01 1.224E-01 
8.000E+02 6.449E-09 3.363E-04 8.102E-06 1.222E-01 1.567E-03 1.241E-01 1.241E-01 
1.000E+03 4.126E-09 2.766E-04 6.477E-06 1.233E-01 1.591E-03 1.252E-01 1.252E-01 
1.500E+03 1.834E-09 1.932E-04 4.313E-06 1.250E-01 1.626E-03 1.268E-01 1.268E-01 
2.000E+03 1.032E-09 1.495E-04 3.235E-06 1.259E-01 1.647E-03 1.277E-01 1.277E-01 
3.000E+03 4.585E-10 1.040E-04 2.155E-06 1.268E-01 1.668E-03 1.286E-01 1.286E-01 
4.000E+03 2.580E-10 8.026E-05 1.616E-06 1.274E-01 1.681E-03 1.291E-01 1.291E-01 
5.000E+03 1.651E-10 6.562E-05 1.293E-06 1.277E-01 1.689E-03 1.295E-01 1.295E-01 
6.000E+03 1.146E-10 5.565E-05 1.077E-06 1.279E-01 1.695E-03 1.297E-01 1.297E-01 
8.000E+03 6.449E-11 4.288E-05 8.076E-07 1.282E-01 1.702E-03 1.300E-01 1.300E-01 
1.000E+04 4.126E-11 3.499E-05 6.462E-07 1.284E-01 1.707E-03 1.302E-01 1.302E-01 
1.500E+04 1.834E-11 2.419E-05 4.308E-07 1.287E-01 1.713E-03 1.304E-01 1.304E-01 
2.000E+04 1.032E-11 1.860E-05 3.230E-07 1.288E-01 1.717E-03 1.305E-01 1.305E-01 
3.000E+04 4.585E-12 1.283E-05 2.153E-07 1.289E-01 1.720E-03 1.307E-01 1.307E-01 
4.000E+04 2.580E-12 9.845E-06 1.615E-07 1.290E-01 1.723E-03 1.308E-01 1.308E-01 
5.000E+04 1.651E-12 8.019E-06 1.292E-07 1.291E-01 1.724E-03 1.308E-01 1.308E-01 
6.000E+04 1.146E-12 6.777E-06 1.077E-07 1.291E-01 1.725E-03 1.309E-01 1.309E-01 
8.000E+04 6.449E-13 5.197E-06 8.074E-08 1.292E-01 1.726E-03 1.309E-01 1.309E-01 
1.000E+05 4.126E-13 4.227E-06 6.459E-08 1.292E-01 1.727E-03 1.309E-01 1.309E-01 
