1.000E-03 9.283E+00 6.535E-03 1.057E+04 0.000E+00 0.000E+00 1.058E+04 1.057E+04 
1.115E-03 9.159E+00 7.502E-03 8.141E+03 0.000E+00 0.000E+00 8.151E+03 8.141E+03 
1.242E-03 9.035E+00 8.531E-03 6.270E+03 0.000E+00 0.000E+00 6.279E+03 6.270E+03 
1.289E-03 8.991E+00 8.882E-03 6.652E+03 0.000E+00 0.000E+00 6.661E+03 6.652E+03 
1.337E-03 8.945E+00 9.249E-03 6.133E+03 0.000E+00 0.000E+00 6.142E+03 6.133E+03 
1.500E-03 8.770E+00 1.055E-02 5.082E+03 0.000E+00 0.000E+00 5.090E+03 5.082E+03 
1.511E-03 8.757E+00 1.064E-02 5.000E+03 0.000E+00 0.000E+00 5.009E+03 5.000E+03 
2.000E-03 8.248E+00 1.447E-02 2.760E+03 0.000E+00 0.000E+00 2.768E+03 2.760E+03 
3.000E-03 7.244E+00 2.203E-02 1.039E+03 0.000E+00 0.000E+00 1.047E+03 1.039E+03 
4.000E-03 6.338E+00 2.900E-02 5.069E+02 0.000E+00 0.000E+00 5.132E+02 5.069E+02 
5.000E-03 5.569E+00 3.529E-02 2.869E+02 0.000E+00 0.000E+00 2.925E+02 2.869E+02 
5.964E-03 4.949E+00 4.064E-02 1.818E+02 0.000E+00 0.000E+00 1.868E+02 1.818E+02 
6.000E-03 4.928E+00 4.083E-02 5.094E+02 0.000E+00 0.000E+00 5.144E+02 5.095E+02 
6.440E-03 4.680E+00 4.308E-02 4.263E+02 0.000E+00 0.000E+00 4.310E+02 4.263E+02 
6.635E-03 4.575E+00 4.404E-02 5.398E+02 0.000E+00 0.000E+00 5.445E+02 5.399E+02 
6.835E-03 4.470E+00 4.500E-02 5.013E+02 0.000E+00 0.000E+00 5.058E+02 5.014E+02 
8.000E-03 3.931E+00 5.017E-02 3.910E+02 0.000E+00 0.000E+00 3.950E+02 3.911E+02 
1.000E-02 3.202E+00 5.804E-02 2.176E+02 0.000E+00 0.000E+00 2.209E+02 2.177E+02 
1.500E-02 2.094E+00 7.360E-02 7.381E+01 0.000E+00 0.000E+00 7.598E+01 7.388E+01 
2.000E-02 1.504E+00 8.449E-02 3.367E+01 0.000E+00 0.000E+00 3.526E+01 3.376E+01 
3.000E-02 8.740E-01 9.736E-02 1.095E+01 0.000E+00 0.000E+00 1.192E+01 1.105E+01 
4.000E-02 5.688E-01 1.041E-01 4.885E+00 0.000E+00 0.000E+00 5.558E+00 4.989E+00 
4.199E-02 5.282E-01 1.050E-01 4.258E+00 0.000E+00 0.000E+00 4.892E+00 4.363E+00 
5.000E-02 4.041E-01 1.077E-01 1.548E+01 0.000E+00 0.000E+00 1.599E+01 1.558E+01 
6.000E-02 3.034E-01 1.096E-01 9.565E+00 0.000E+00 0.000E+00 9.978E+00 9.674E+00 
8.000E-02 1.883E-01 1.104E-01 4.364E+00 0.000E+00 0.000E+00 4.662E+00 4.474E+00 
1.000E-01 1.279E-01 1.091E-01 2.351E+00 0.000E+00 0.000E+00 2.588E+00 2.460E+00 
1.500E-01 6.227E-02 1.031E-01 7.526E-01 0.000E+00 0.000E+00 9.180E-01 8.557E-01 
2.000E-01 3.696E-02 9.680E-02 3.349E-01 0.000E+00 0.000E+00 4.687E-01 4.317E-01 
3.000E-01 1.734E-02 8.620E-02 1.091E-01 0.000E+00 0.000E+00 2.127E-01 1.953E-01 
4.000E-01 1.001E-02 7.813E-02 5.077E-02 0.000E+00 0.000E+00 1.389E-01 1.289E-01 
5.000E-01 6.505E-03 7.180E-02 2.881E-02 0.000E+00 0.000E+00 1.071E-01 1.006E-01 
6.000E-01 4.564E-03 6.667E-02 1.853E-02 0.000E+00 0.000E+00 8.977E-02 8.520E-02 
8.000E-01 2.598E-03 5.881E-02 9.642E-03 0.000E+00 0.000E+00 7.105E-02 6.845E-02 
1.000E+00 1.674E-03 5.300E-02 6.030E-03 0.000E+00 0.000E+00 6.070E-02 5.903E-02 
1.022E+00 1.604E-03 5.244E-02 5.770E-03 0.000E+00 0.000E+00 5.981E-02 5.821E-02 
1.250E+00 1.077E-03 4.748E-02 3.890E-03 2.267E-04 0.000E+00 5.268E-02 5.160E-02 
1.500E+00 7.492E-04 4.321E-02 2.781E-03 1.048E-03 0.000E+00 4.779E-02 4.704E-02 
2.000E+00 4.227E-04 3.689E-02 1.690E-03 3.439E-03 0.000E+00 4.244E-02 4.202E-02 
2.044E+00 4.048E-04 3.644E-02 1.630E-03 3.667E-03 0.000E+00 4.214E-02 4.174E-02 
3.000E+00 1.883E-04 2.905E-02 8.928E-04 8.437E-03 1.016E-05 3.858E-02 3.839E-02 
4.000E+00 1.060E-04 2.424E-02 5.898E-04 1.277E-02 4.142E-05 3.774E-02 3.764E-02 
5.000E+00 6.787E-05 2.094E-02 4.351E-04 1.648E-02 8.244E-05 3.800E-02 3.793E-02 
6.000E+00 4.714E-05 1.851E-02 3.428E-04 1.968E-02 1.264E-04 3.870E-02 3.865E-02 
7.000E+00 3.463E-05 1.663E-02 2.819E-04 2.251E-02 1.702E-04 3.963E-02 3.960E-02 
8.000E+00 2.651E-05 1.514E-02 2.389E-04 2.505E-02 2.126E-04 4.067E-02 4.065E-02 
9.000E+00 2.095E-05 1.392E-02 2.071E-04 2.737E-02 2.531E-04 4.177E-02 4.175E-02 
1.000E+01 1.697E-05 1.290E-02 1.826E-04 2.949E-02 2.916E-04 4.288E-02 4.286E-02 
1.100E+01 1.403E-05 1.203E-02 1.632E-04 3.145E-02 3.279E-04 4.398E-02 4.397E-02 
1.200E+01 1.179E-05 1.128E-02 1.474E-04 3.326E-02 3.622E-04 4.506E-02 4.505E-02 
1.300E+01 1.004E-05 1.063E-02 1.345E-04 3.495E-02 3.944E-04 4.612E-02 4.611E-02 
1.400E+01 8.659E-06 1.006E-02 1.235E-04 3.652E-02 4.251E-04 4.713E-02 4.712E-02 
1.500E+01 7.543E-06 9.548E-03 1.142E-04 3.797E-02 4.539E-04 4.809E-02 4.808E-02 
1.600E+01 6.629E-06 9.090E-03 1.062E-04 3.931E-02 4.817E-04 4.900E-02 4.899E-02 
1.800E+01 5.240E-06 8.308E-03 9.313E-05 4.176E-02 5.325E-04 5.069E-02 5.069E-02 
2.000E+01 4.243E-06 7.663E-03 8.291E-05 4.393E-02 5.791E-04 5.226E-02 5.226E-02 
2.200E+01 3.507E-06 7.116E-03 7.466E-05 4.594E-02 6.214E-04 5.376E-02 5.376E-02 
2.400E+01 2.947E-06 6.650E-03 6.791E-05 4.774E-02 6.603E-04 5.512E-02 5.512E-02 
2.600E+01 2.511E-06 6.244E-03 6.231E-05 4.936E-02 6.962E-04 5.637E-02 5.637E-02 
2.800E+01 2.165E-06 5.889E-03 5.753E-05 5.086E-02 7.291E-04 5.754E-02 5.753E-02 
3.000E+01 1.886E-06 5.577E-03 5.342E-05 5.227E-02 7.603E-04 5.866E-02 5.866E-02 
4.000E+01 1.061E-06 4.432E-03 3.938E-05 5.791E-02 8.877E-04 6.327E-02 6.327E-02 
5.000E+01 6.787E-07 3.700E-03 3.117E-05 6.210E-02 9.843E-04 6.681E-02 6.681E-02 
6.000E+01 4.714E-07 3.188E-03 2.580E-05 6.535E-02 1.061E-03 6.962E-02 6.962E-02 
8.000E+01 2.652E-07 2.514E-03 1.918E-05 7.018E-02 1.176E-03 7.389E-02 7.389E-02 
1.000E+02 1.697E-07 2.087E-03 1.526E-05 7.355E-02 1.259E-03 7.691E-02 7.691E-02 
1.500E+02 7.543E-08 1.486E-03 1.010E-05 7.898E-02 1.397E-03 8.187E-02 8.187E-02 
2.000E+02 4.243E-08 1.165E-03 7.548E-06 8.223E-02 1.483E-03 8.488E-02 8.488E-02 
3.000E+02 1.886E-08 8.257E-04 5.013E-06 8.603E-02 1.589E-03 8.845E-02 8.845E-02 
4.000E+02 1.061E-08 6.466E-04 3.753E-06 8.821E-02 1.653E-03 9.052E-02 9.052E-02 
5.000E+02 6.791E-09 5.355E-04 2.999E-06 8.962E-02 1.697E-03 9.186E-02 9.186E-02 
6.000E+02 4.714E-09 4.586E-04 2.498E-06 9.065E-02 1.729E-03 9.284E-02 9.284E-02 
8.000E+02 2.652E-09 3.581E-04 1.872E-06 9.202E-02 1.773E-03 9.415E-02 9.415E-02 
1.000E+03 1.697E-09 2.946E-04 1.496E-06 9.291E-02 1.802E-03 9.501E-02 9.501E-02 
1.500E+03 7.543E-10 2.057E-04 9.967E-07 9.419E-02 1.847E-03 9.625E-02 9.625E-02 
2.000E+03 4.243E-10 1.592E-04 7.475E-07 9.488E-02 1.872E-03 9.691E-02 9.691E-02 
3.000E+03 1.886E-10 1.107E-04 4.979E-07 9.565E-02 1.900E-03 9.766E-02 9.766E-02 
4.000E+03 1.061E-10 8.548E-05 3.734E-07 9.608E-02 1.916E-03 9.808E-02 9.808E-02 
5.000E+03 6.791E-11 6.988E-05 2.987E-07 9.633E-02 1.926E-03 9.833E-02 9.833E-02 
6.000E+03 4.714E-11 5.924E-05 2.489E-07 9.650E-02 1.933E-03 9.850E-02 9.850E-02 
8.000E+03 2.652E-11 4.564E-05 1.867E-07 9.672E-02 1.942E-03 9.870E-02 9.870E-02 
1.000E+04 1.697E-11 3.727E-05 1.493E-07 9.689E-02 1.948E-03 9.887E-02 9.887E-02 
1.500E+04 7.543E-12 2.576E-05 9.954E-08 9.706E-02 1.957E-03 9.904E-02 9.904E-02 
2.000E+04 4.243E-12 1.980E-05 7.466E-08 9.719E-02 1.961E-03 9.917E-02 9.917E-02 
3.000E+04 1.886E-12 1.365E-05 4.979E-08 9.731E-02 1.966E-03 9.929E-02 9.929E-02 
4.000E+04 1.061E-12 1.048E-05 3.733E-08 9.736E-02 1.969E-03 9.934E-02 9.934E-02 
5.000E+04 6.791E-13 8.539E-06 2.986E-08 9.740E-02 1.971E-03 9.938E-02 9.938E-02 
6.000E+04 4.714E-13 7.218E-06 2.488E-08 9.744E-02 1.972E-03 9.942E-02 9.942E-02 
8.000E+04 2.652E-13 5.535E-06 1.866E-08 9.744E-02 1.973E-03 9.942E-02 9.942E-02 
1.000E+05 1.697E-13 4.500E-06 1.493E-08 9.749E-02 1.974E-03 9.946E-02 9.946E-02 
