1.000E-03 1.234E+01 3.564E-03 4.819E+03 0.000E+00 0.000E+00 4.831E+03 4.819E+03 
1.500E-03 1.187E+01 6.464E-03 2.162E+03 0.000E+00 0.000E+00 2.174E+03 2.162E+03 
2.000E-03 1.132E+01 9.322E-03 1.172E+03 0.000E+00 0.000E+00 1.184E+03 1.172E+03 
2.295E-03 1.098E+01 1.098E-02 8.664E+02 0.000E+00 0.000E+00 8.774E+02 8.664E+02 
2.339E-03 1.092E+01 1.123E-02 1.439E+03 0.000E+00 0.000E+00 1.450E+03 1.439E+03 
2.385E-03 1.087E+01 1.148E-02 2.117E+03 0.000E+00 0.000E+00 2.128E+03 2.117E+03 
2.606E-03 1.062E+01 1.268E-02 2.173E+03 0.000E+00 0.000E+00 2.184E+03 2.173E+03 
2.847E-03 1.034E+01 1.398E-02 2.068E+03 0.000E+00 0.000E+00 2.078E+03 2.068E+03 
3.000E-03 1.017E+01 1.480E-02 2.107E+03 0.000E+00 0.000E+00 2.117E+03 2.107E+03 
3.278E-03 9.850E+00 1.627E-02 1.694E+03 0.000E+00 0.000E+00 1.704E+03 1.694E+03 
3.417E-03 9.695E+00 1.700E-02 1.630E+03 0.000E+00 0.000E+00 1.639E+03 1.630E+03 
3.562E-03 9.535E+00 1.775E-02 1.477E+03 0.000E+00 0.000E+00 1.487E+03 1.477E+03 
4.000E-03 9.064E+00 2.001E-02 1.170E+03 0.000E+00 0.000E+00 1.179E+03 1.170E+03 
5.000E-03 8.088E+00 2.497E-02 6.788E+02 0.000E+00 0.000E+00 6.869E+02 6.788E+02 
6.000E-03 7.241E+00 2.971E-02 4.314E+02 0.000E+00 0.000E+00 4.387E+02 4.314E+02 
8.000E-03 5.893E+00 3.846E-02 2.081E+02 0.000E+00 0.000E+00 2.140E+02 2.082E+02 
1.000E-02 4.882E+00 4.590E-02 1.172E+02 0.000E+00 0.000E+00 1.221E+02 1.172E+02 
1.228E-02 3.999E+00 5.302E-02 6.860E+01 0.000E+00 0.000E+00 7.265E+01 6.865E+01 
1.321E-02 3.705E+00 5.547E-02 1.429E+02 0.000E+00 0.000E+00 1.466E+02 1.429E+02 
1.421E-02 3.423E+00 5.797E-02 1.174E+02 0.000E+00 0.000E+00 1.209E+02 1.175E+02 
1.452E-02 3.341E+00 5.875E-02 1.546E+02 0.000E+00 0.000E+00 1.580E+02 1.546E+02 
1.484E-02 3.260E+00 5.950E-02 1.467E+02 0.000E+00 0.000E+00 1.501E+02 1.468E+02 
1.500E-02 3.221E+00 5.986E-02 1.648E+02 0.000E+00 0.000E+00 1.681E+02 1.649E+02 
2.000E-02 2.271E+00 6.989E-02 7.890E+01 0.000E+00 0.000E+00 8.124E+01 7.897E+01 
3.000E-02 1.340E+00 8.349E-02 2.699E+01 0.000E+00 0.000E+00 2.841E+01 2.707E+01 
4.000E-02 8.926E-01 9.145E-02 1.244E+01 0.000E+00 0.000E+00 1.342E+01 1.253E+01 
5.000E-02 6.335E-01 9.601E-02 6.773E+00 0.000E+00 0.000E+00 7.502E+00 6.869E+00 
6.000E-02 4.740E-01 9.856E-02 4.110E+00 0.000E+00 0.000E+00 4.683E+00 4.209E+00 
8.000E-02 2.980E-01 1.004E-01 1.860E+00 0.000E+00 0.000E+00 2.259E+00 1.961E+00 
8.310E-02 2.799E-01 1.004E-01 1.675E+00 0.000E+00 0.000E+00 2.055E+00 1.775E+00 
1.000E-01 2.056E-01 1.000E-01 4.972E+00 0.000E+00 0.000E+00 5.277E+00 5.072E+00 
1.500E-01 1.012E-01 9.580E-02 1.712E+00 0.000E+00 0.000E+00 1.909E+00 1.808E+00 
2.000E-01 6.031E-02 9.052E-02 7.947E-01 0.000E+00 0.000E+00 9.455E-01 8.852E-01 
3.000E-01 2.876E-02 8.109E-02 2.736E-01 0.000E+00 0.000E+00 3.834E-01 3.547E-01 
4.000E-01 1.679E-02 7.370E-02 1.319E-01 0.000E+00 0.000E+00 2.223E-01 2.056E-01 
5.000E-01 1.098E-02 6.788E-02 7.665E-02 0.000E+00 0.000E+00 1.555E-01 1.445E-01 
6.000E-01 7.737E-03 6.317E-02 5.011E-02 0.000E+00 0.000E+00 1.210E-01 1.133E-01 
8.000E-01 4.431E-03 5.581E-02 2.655E-02 0.000E+00 0.000E+00 8.679E-02 8.236E-02 
1.000E+00 2.867E-03 5.035E-02 1.672E-02 0.000E+00 0.000E+00 6.993E-02 6.706E-02 
1.022E+00 2.747E-03 4.984E-02 1.600E-02 0.000E+00 0.000E+00 6.859E-02 6.584E-02 
1.250E+00 1.850E-03 4.512E-02 1.079E-02 3.657E-04 0.000E+00 5.813E-02 5.628E-02 
1.500E+00 1.291E-03 4.107E-02 7.689E-03 1.737E-03 0.000E+00 5.179E-02 5.050E-02 
2.000E+00 7.301E-04 3.510E-02 4.650E-03 5.272E-03 0.000E+00 4.575E-02 4.502E-02 
2.044E+00 6.995E-04 3.468E-02 4.485E-03 5.584E-03 0.000E+00 4.544E-02 4.474E-02 
3.000E+00 3.260E-04 2.765E-02 2.434E-03 1.165E-02 9.661E-06 4.207E-02 4.175E-02 
4.000E+00 1.837E-04 2.308E-02 1.594E-03 1.682E-02 3.939E-05 4.172E-02 4.154E-02 
5.000E+00 1.177E-04 1.994E-02 1.169E-03 2.115E-02 7.833E-05 4.246E-02 4.234E-02 
6.000E+00 8.175E-05 1.762E-02 9.166E-04 2.488E-02 1.201E-04 4.362E-02 4.354E-02 
7.000E+00 6.007E-05 1.584E-02 7.509E-04 2.817E-02 1.615E-04 4.498E-02 4.492E-02 
8.000E+00 4.599E-05 1.442E-02 6.344E-04 3.113E-02 2.017E-04 4.643E-02 4.639E-02 
9.000E+00 3.636E-05 1.325E-02 5.485E-04 3.380E-02 2.399E-04 4.788E-02 4.785E-02 
1.000E+01 2.945E-05 1.228E-02 4.825E-04 3.630E-02 2.763E-04 4.937E-02 4.934E-02 
1.100E+01 2.434E-05 1.146E-02 4.305E-04 3.858E-02 3.104E-04 5.080E-02 5.078E-02 
1.200E+01 2.045E-05 1.074E-02 3.882E-04 4.071E-02 3.429E-04 5.221E-02 5.219E-02 
1.300E+01 1.743E-05 1.012E-02 3.537E-04 4.269E-02 3.732E-04 5.356E-02 5.354E-02 
1.400E+01 1.503E-05 9.577E-03 3.245E-04 4.455E-02 4.020E-04 5.487E-02 5.486E-02 
1.500E+01 1.309E-05 9.091E-03 2.997E-04 4.629E-02 4.293E-04 5.613E-02 5.611E-02 
1.600E+01 1.151E-05 8.658E-03 2.784E-04 4.792E-02 4.551E-04 5.732E-02 5.731E-02 
1.800E+01 9.091E-06 7.914E-03 2.437E-04 5.086E-02 5.029E-04 5.953E-02 5.952E-02 
2.000E+01 7.364E-06 7.298E-03 2.166E-04 5.347E-02 5.461E-04 6.154E-02 6.153E-02 
2.200E+01 6.085E-06 6.779E-03 1.949E-04 5.581E-02 5.857E-04 6.338E-02 6.337E-02 
2.400E+01 5.116E-06 6.335E-03 1.771E-04 5.797E-02 6.218E-04 6.511E-02 6.511E-02 
2.600E+01 4.359E-06 5.947E-03 1.623E-04 5.995E-02 6.551E-04 6.672E-02 6.672E-02 
2.800E+01 3.759E-06 5.611E-03 1.498E-04 6.176E-02 6.860E-04 6.821E-02 6.820E-02 
3.000E+01 3.272E-06 5.314E-03 1.390E-04 6.344E-02 7.145E-04 6.961E-02 6.960E-02 
4.000E+01 1.841E-06 4.221E-03 1.022E-04 7.022E-02 8.322E-04 7.538E-02 7.538E-02 
5.000E+01 1.178E-06 3.525E-03 8.082E-05 7.527E-02 9.205E-04 7.979E-02 7.979E-02 
6.000E+01 8.184E-07 3.038E-03 6.680E-05 7.920E-02 9.898E-04 8.329E-02 8.329E-02 
8.000E+01 4.602E-07 2.395E-03 4.960E-05 8.496E-02 1.094E-03 8.850E-02 8.850E-02 
1.000E+02 2.946E-07 1.988E-03 3.945E-05 8.902E-02 1.168E-03 9.221E-02 9.221E-02 
1.500E+02 1.309E-07 1.416E-03 2.608E-05 9.541E-02 1.290E-03 9.814E-02 9.814E-02 
2.000E+02 7.364E-08 1.110E-03 1.948E-05 9.919E-02 1.365E-03 1.017E-01 1.017E-01 
3.000E+02 3.272E-08 7.866E-04 1.293E-05 1.036E-01 1.456E-03 1.059E-01 1.059E-01 
4.000E+02 1.841E-08 6.161E-04 9.679E-06 1.061E-01 1.510E-03 1.083E-01 1.083E-01 
5.000E+02 1.178E-08 5.101E-04 7.734E-06 1.078E-01 1.547E-03 1.098E-01 1.098E-01 
6.000E+02 8.184E-09 4.368E-04 6.440E-06 1.090E-01 1.573E-03 1.110E-01 1.110E-01 
8.000E+02 4.602E-09 3.411E-04 4.825E-06 1.105E-01 1.610E-03 1.125E-01 1.125E-01 
1.000E+03 2.946E-09 2.806E-04 3.858E-06 1.115E-01 1.634E-03 1.135E-01 1.135E-01 
1.500E+03 1.309E-09 1.960E-04 2.569E-06 1.130E-01 1.670E-03 1.149E-01 1.149E-01 
2.000E+03 7.364E-10 1.517E-04 1.926E-06 1.138E-01 1.690E-03 1.156E-01 1.156E-01 
3.000E+03 3.272E-10 1.054E-04 1.283E-06 1.147E-01 1.712E-03 1.165E-01 1.165E-01 
4.000E+03 1.841E-10 8.139E-05 9.625E-07 1.151E-01 1.725E-03 1.169E-01 1.169E-01 
5.000E+03 1.178E-10 6.656E-05 7.698E-07 1.154E-01 1.733E-03 1.172E-01 1.172E-01 
6.000E+03 8.184E-11 5.644E-05 6.416E-07 1.156E-01 1.738E-03 1.174E-01 1.174E-01 
8.000E+03 4.602E-11 4.347E-05 4.810E-07 1.159E-01 1.745E-03 1.176E-01 1.176E-01 
1.000E+04 2.946E-11 3.549E-05 3.849E-07 1.160E-01 1.750E-03 1.178E-01 1.178E-01 
1.500E+04 1.309E-11 2.453E-05 2.565E-07 1.163E-01 1.756E-03 1.181E-01 1.181E-01 
2.000E+04 7.364E-12 1.886E-05 1.924E-07 1.164E-01 1.760E-03 1.182E-01 1.182E-01 
3.000E+04 3.272E-12 1.301E-05 1.283E-07 1.165E-01 1.763E-03 1.183E-01 1.183E-01 
4.000E+04 1.841E-12 9.985E-06 9.619E-08 1.166E-01 1.766E-03 1.184E-01 1.184E-01 
5.000E+04 1.178E-12 8.133E-06 7.695E-08 1.166E-01 1.767E-03 1.184E-01 1.184E-01 
6.000E+04 8.184E-13 6.875E-06 6.413E-08 1.167E-01 1.768E-03 1.184E-01 1.184E-01 
8.000E+04 4.602E-13 5.272E-06 4.810E-08 1.167E-01 1.769E-03 1.185E-01 1.185E-01 
1.000E+05 2.946E-13 4.287E-06 3.849E-08 1.167E-01 1.769E-03 1.185E-01 1.185E-01 
