1.000E-03 1.011E+01 5.513E-03 2.386E+03 0.000E+00 0.000E+00 2.396E+03 2.386E+03 
1.114E-03 9.983E+00 6.402E-03 1.942E+03 0.000E+00 0.000E+00 1.952E+03 1.942E+03 
1.241E-03 9.879E+00 7.294E-03 1.582E+03 0.000E+00 0.000E+00 1.592E+03 1.582E+03 
1.258E-03 9.868E+00 7.398E-03 3.360E+03 0.000E+00 0.000E+00 3.370E+03 3.360E+03 
1.275E-03 9.856E+00 7.503E-03 4.960E+03 0.000E+00 0.000E+00 4.970E+03 4.960E+03 
1.500E-03 9.629E+00 9.117E-03 5.305E+03 0.000E+00 0.000E+00 5.315E+03 5.305E+03 
1.611E-03 9.515E+00 9.905E-03 4.456E+03 0.000E+00 0.000E+00 4.466E+03 4.456E+03 
1.688E-03 9.443E+00 1.043E-02 4.629E+03 0.000E+00 0.000E+00 4.638E+03 4.629E+03 
1.768E-03 9.367E+00 1.098E-02 4.157E+03 0.000E+00 0.000E+00 4.166E+03 4.157E+03 
1.865E-03 9.269E+00 1.165E-02 3.915E+03 0.000E+00 0.000E+00 3.924E+03 3.915E+03 
1.968E-03 9.162E+00 1.236E-02 3.473E+03 0.000E+00 0.000E+00 3.482E+03 3.473E+03 
2.000E-03 9.128E+00 1.258E-02 3.498E+03 0.000E+00 0.000E+00 3.507E+03 3.498E+03 
3.000E-03 8.128E+00 1.934E-02 1.346E+03 0.000E+00 0.000E+00 1.354E+03 1.346E+03 
4.000E-03 7.184E+00 2.565E-02 6.624E+02 0.000E+00 0.000E+00 6.696E+02 6.624E+02 
5.000E-03 6.347E+00 3.146E-02 3.774E+02 0.000E+00 0.000E+00 3.838E+02 3.774E+02 
6.000E-03 5.631E+00 3.672E-02 2.367E+02 0.000E+00 0.000E+00 2.423E+02 2.367E+02 
7.514E-03 4.740E+00 4.365E-02 1.321E+02 0.000E+00 0.000E+00 1.368E+02 1.321E+02 
8.000E-03 4.494E+00 4.570E-02 3.088E+02 0.000E+00 0.000E+00 3.133E+02 3.088E+02 
8.252E-03 4.377E+00 4.668E-02 2.837E+02 0.000E+00 0.000E+00 2.882E+02 2.838E+02 
8.477E-03 4.274E+00 4.756E-02 3.632E+02 0.000E+00 0.000E+00 3.675E+02 3.632E+02 
8.708E-03 4.172E+00 4.846E-02 3.399E+02 0.000E+00 0.000E+00 3.441E+02 3.399E+02 
1.000E-02 3.659E+00 5.316E-02 2.778E+02 0.000E+00 0.000E+00 2.815E+02 2.778E+02 
1.500E-02 2.368E+00 6.798E-02 9.557E+01 0.000E+00 0.000E+00 9.800E+01 9.563E+01 
2.000E-02 1.689E+00 7.889E-02 4.411E+01 0.000E+00 0.000E+00 4.588E+01 4.419E+01 
3.000E-02 9.947E-01 9.234E-02 1.454E+01 0.000E+00 0.000E+00 1.563E+01 1.463E+01 
4.000E-02 6.483E-01 9.943E-02 6.540E+00 0.000E+00 0.000E+00 7.288E+00 6.640E+00 
5.000E-02 4.593E-01 1.033E-01 3.501E+00 0.000E+00 0.000E+00 4.064E+00 3.605E+00 
5.200E-02 4.320E-01 1.038E-01 3.137E+00 0.000E+00 0.000E+00 3.673E+00 3.241E+00 
6.000E-02 3.451E-01 1.053E-01 1.178E+01 0.000E+00 0.000E+00 1.223E+01 1.189E+01 
8.000E-02 2.158E-01 1.064E-01 5.502E+00 0.000E+00 0.000E+00 5.824E+00 5.608E+00 
1.000E-01 1.471E-01 1.055E-01 3.000E+00 0.000E+00 0.000E+00 3.253E+00 3.106E+00 
1.500E-01 7.169E-02 1.000E-01 9.788E-01 0.000E+00 0.000E+00 1.151E+00 1.079E+00 
2.000E-01 4.267E-02 9.405E-02 4.407E-01 0.000E+00 0.000E+00 5.774E-01 5.347E-01 
3.000E-01 2.012E-02 8.389E-02 1.458E-01 0.000E+00 0.000E+00 2.498E-01 2.297E-01 
4.000E-01 1.164E-02 7.609E-02 6.851E-02 0.000E+00 0.000E+00 1.562E-01 1.446E-01 
5.000E-01 7.579E-03 6.999E-02 3.914E-02 0.000E+00 0.000E+00 1.167E-01 1.091E-01 
6.000E-01 5.324E-03 6.502E-02 2.527E-02 0.000E+00 0.000E+00 9.562E-02 9.029E-02 
8.000E-01 3.035E-03 5.741E-02 1.321E-02 0.000E+00 0.000E+00 7.365E-02 7.062E-02 
1.000E+00 1.957E-03 5.172E-02 8.276E-03 0.000E+00 0.000E+00 6.196E-02 6.000E-02 
1.022E+00 1.875E-03 5.119E-02 7.920E-03 0.000E+00 0.000E+00 6.099E-02 5.911E-02 
1.250E+00 1.260E-03 4.634E-02 5.339E-03 2.620E-04 0.000E+00 5.320E-02 5.194E-02 
1.500E+00 8.776E-04 4.217E-02 3.812E-03 1.212E-03 0.000E+00 4.808E-02 4.720E-02 
2.000E+00 4.953E-04 3.602E-02 2.313E-03 3.884E-03 0.000E+00 4.272E-02 4.222E-02 
2.044E+00 4.744E-04 3.558E-02 2.230E-03 4.134E-03 0.000E+00 4.242E-02 4.195E-02 
3.000E+00 2.207E-04 2.837E-02 1.218E-03 9.257E-03 9.917E-06 3.908E-02 3.886E-02 
4.000E+00 1.243E-04 2.368E-02 8.026E-04 1.383E-02 4.043E-05 3.848E-02 3.835E-02 
5.000E+00 7.958E-05 2.045E-02 5.911E-04 1.773E-02 8.045E-05 3.894E-02 3.886E-02 
6.000E+00 5.525E-05 1.808E-02 4.649E-04 2.108E-02 1.234E-04 3.981E-02 3.975E-02 
7.000E+00 4.062E-05 1.625E-02 3.820E-04 2.405E-02 1.661E-04 4.088E-02 4.084E-02 
8.000E+00 3.109E-05 1.479E-02 3.233E-04 2.671E-02 2.074E-04 4.206E-02 4.203E-02 
9.000E+00 2.457E-05 1.360E-02 2.800E-04 2.912E-02 2.469E-04 4.327E-02 4.325E-02 
1.000E+01 1.990E-05 1.260E-02 2.467E-04 3.134E-02 2.843E-04 4.449E-02 4.447E-02 
1.100E+01 1.645E-05 1.175E-02 2.204E-04 3.339E-02 3.198E-04 4.570E-02 4.568E-02 
1.200E+01 1.382E-05 1.102E-02 1.991E-04 3.529E-02 3.531E-04 4.688E-02 4.686E-02 
1.300E+01 1.178E-05 1.038E-02 1.814E-04 3.707E-02 3.846E-04 4.803E-02 4.802E-02 
1.400E+01 1.016E-05 9.822E-03 1.666E-04 3.873E-02 4.142E-04 4.914E-02 4.913E-02 
1.500E+01 8.848E-06 9.325E-03 1.540E-04 4.024E-02 4.426E-04 5.017E-02 5.016E-02 
1.600E+01 7.776E-06 8.878E-03 1.432E-04 4.168E-02 4.695E-04 5.118E-02 5.117E-02 
1.800E+01 6.142E-06 8.117E-03 1.255E-04 4.426E-02 5.188E-04 5.303E-02 5.302E-02 
2.000E+01 4.975E-06 7.484E-03 1.116E-04 4.653E-02 5.638E-04 5.470E-02 5.469E-02 
2.200E+01 4.111E-06 6.953E-03 1.005E-04 4.862E-02 6.051E-04 5.628E-02 5.628E-02 
2.400E+01 3.456E-06 6.495E-03 9.140E-05 5.051E-02 6.427E-04 5.774E-02 5.774E-02 
2.600E+01 2.945E-06 6.101E-03 8.382E-05 5.225E-02 6.775E-04 5.912E-02 5.912E-02 
2.800E+01 2.539E-06 5.756E-03 7.738E-05 5.385E-02 7.097E-04 6.039E-02 6.039E-02 
3.000E+01 2.212E-06 5.449E-03 7.184E-05 5.529E-02 7.397E-04 6.155E-02 6.155E-02 
4.000E+01 1.244E-06 4.331E-03 5.294E-05 6.127E-02 8.632E-04 6.652E-02 6.652E-02 
5.000E+01 7.961E-07 3.614E-03 4.187E-05 6.571E-02 9.564E-04 7.032E-02 7.032E-02 
6.000E+01 5.529E-07 3.114E-03 3.465E-05 6.912E-02 1.030E-03 7.330E-02 7.330E-02 
8.000E+01 3.111E-07 2.456E-03 2.574E-05 7.419E-02 1.141E-03 7.782E-02 7.782E-02 
1.000E+02 1.991E-07 2.039E-03 2.048E-05 7.779E-02 1.221E-03 8.107E-02 8.107E-02 
1.500E+02 8.848E-08 1.452E-03 1.355E-05 8.348E-02 1.352E-03 8.630E-02 8.630E-02 
2.000E+02 4.975E-08 1.138E-03 1.012E-05 8.689E-02 1.434E-03 8.947E-02 8.947E-02 
3.000E+02 2.212E-08 8.067E-04 6.726E-06 9.083E-02 1.534E-03 9.318E-02 9.318E-02 
4.000E+02 1.244E-08 6.317E-04 5.036E-06 9.306E-02 1.594E-03 9.530E-02 9.530E-02 
5.000E+02 7.961E-09 5.229E-04 4.024E-06 9.458E-02 1.635E-03 9.674E-02 9.674E-02 
6.000E+02 5.529E-09 4.479E-04 3.350E-06 9.564E-02 1.665E-03 9.776E-02 9.776E-02 
8.000E+02 3.110E-09 3.498E-04 2.510E-06 9.704E-02 1.706E-03 9.910E-02 9.910E-02 
1.000E+03 1.991E-09 2.877E-04 2.007E-06 9.795E-02 1.733E-03 9.998E-02 9.998E-02 
1.500E+03 8.848E-10 2.009E-04 1.337E-06 9.928E-02 1.774E-03 1.013E-01 1.013E-01 
2.000E+03 4.975E-10 1.555E-04 1.002E-06 1.000E-01 1.798E-03 1.020E-01 1.020E-01 
3.000E+03 2.212E-10 1.081E-04 6.681E-07 1.008E-01 1.823E-03 1.027E-01 1.027E-01 
4.000E+03 1.244E-10 8.348E-05 5.009E-07 1.012E-01 1.838E-03 1.031E-01 1.031E-01 
5.000E+03 7.961E-11 6.825E-05 4.005E-07 1.014E-01 1.847E-03 1.034E-01 1.034E-01 
6.000E+03 5.529E-11 5.786E-05 3.338E-07 1.016E-01 1.854E-03 1.035E-01 1.035E-01 
8.000E+03 3.110E-11 4.460E-05 2.504E-07 1.019E-01 1.862E-03 1.038E-01 1.038E-01 
1.000E+04 1.991E-11 3.640E-05 2.003E-07 1.020E-01 1.868E-03 1.039E-01 1.039E-01 
1.500E+04 8.848E-12 2.516E-05 1.335E-07 1.022E-01 1.875E-03 1.041E-01 1.041E-01 
2.000E+04 4.975E-12 1.934E-05 1.001E-07 1.023E-01 1.879E-03 1.042E-01 1.042E-01 
3.000E+04 2.212E-12 1.334E-05 6.673E-08 1.025E-01 1.884E-03 1.044E-01 1.044E-01 
4.000E+04 1.244E-12 1.024E-05 5.006E-08 1.025E-01 1.886E-03 1.044E-01 1.044E-01 
5.000E+04 7.961E-13 8.340E-06 4.005E-08 1.026E-01 1.888E-03 1.045E-01 1.045E-01 
6.000E+04 5.529E-13 7.048E-06 3.337E-08 1.026E-01 1.889E-03 1.045E-01 1.045E-01 
8.000E+04 3.110E-13 5.404E-06 2.503E-08 1.026E-01 1.890E-03 1.045E-01 1.045E-01 
1.000E+05 1.991E-13 4.399E-06 2.002E-08 1.027E-01 1.891E-03 1.045E-01 1.045E-01 
