1.000E-03 1.270E+01 3.498E-03 5.429E+03 0.000E+00 0.000E+00 5.442E+03 5.429E+03 
1.500E-03 1.217E+01 6.490E-03 2.455E+03 0.000E+00 0.000E+00 2.468E+03 2.455E+03 
2.000E-03 1.158E+01 9.547E-03 1.336E+03 0.000E+00 0.000E+00 1.348E+03 1.336E+03 
2.580E-03 1.089E+01 1.298E-02 7.616E+02 0.000E+00 0.000E+00 7.725E+02 7.616E+02 
2.633E-03 1.083E+01 1.329E-02 1.808E+03 0.000E+00 0.000E+00 1.819E+03 1.808E+03 
2.688E-03 1.076E+01 1.361E-02 1.846E+03 0.000E+00 0.000E+00 1.857E+03 1.846E+03 
3.000E-03 1.039E+01 1.537E-02 2.043E+03 0.000E+00 0.000E+00 2.053E+03 2.043E+03 
3.177E-03 1.019E+01 1.633E-02 1.764E+03 0.000E+00 0.000E+00 1.774E+03 1.764E+03 
3.427E-03 9.945E+00 1.770E-02 1.692E+03 0.000E+00 0.000E+00 1.702E+03 1.692E+03 
3.696E-03 9.616E+00 1.907E-02 1.405E+03 0.000E+00 0.000E+00 1.414E+03 1.405E+03 
3.845E-03 9.403E+00 1.976E-02 1.355E+03 0.000E+00 0.000E+00 1.364E+03 1.355E+03 
3.999E-03 9.296E+00 2.061E-02 1.234E+03 0.000E+00 0.000E+00 1.243E+03 1.234E+03 
4.000E-03 9.296E+00 2.062E-02 1.287E+03 0.000E+00 0.000E+00 1.296E+03 1.287E+03 
5.000E-03 8.322E+00 2.541E-02 7.495E+02 0.000E+00 0.000E+00 7.579E+02 7.495E+02 
6.000E-03 7.472E+00 2.991E-02 4.781E+02 0.000E+00 0.000E+00 4.856E+02 4.781E+02 
8.000E-03 6.098E+00 3.821E-02 2.317E+02 0.000E+00 0.000E+00 2.379E+02 2.318E+02 
1.000E-02 5.066E+00 4.550E-02 1.309E+02 0.000E+00 0.000E+00 1.360E+02 1.309E+02 
1.342E-02 3.807E+00 5.547E-02 6.103E+01 0.000E+00 0.000E+00 6.490E+01 6.109E+01 
1.500E-02 3.372E+00 5.933E-02 1.125E+02 0.000E+00 0.000E+00 1.160E+02 1.126E+02 
1.571E-02 3.202E+00 6.092E-02 9.942E+01 0.000E+00 0.000E+00 1.027E+02 9.948E+01 
1.605E-02 3.125E+00 6.164E-02 1.316E+02 0.000E+00 0.000E+00 1.348E+02 1.316E+02 
1.639E-02 3.049E+00 6.236E-02 1.251E+02 0.000E+00 0.000E+00 1.282E+02 1.252E+02 
2.000E-02 2.388E+00 6.907E-02 8.706E+01 0.000E+00 0.000E+00 8.951E+01 8.712E+01 
3.000E-02 1.406E+00 8.230E-02 3.003E+01 0.000E+00 0.000E+00 3.152E+01 3.011E+01 
4.000E-02 9.406E-01 9.025E-02 1.392E+01 0.000E+00 0.000E+00 1.495E+01 1.401E+01 
5.000E-02 6.700E-01 9.486E-02 7.613E+00 0.000E+00 0.000E+00 8.378E+00 7.708E+00 
6.000E-02 5.017E-01 9.746E-02 4.634E+00 0.000E+00 0.000E+00 5.233E+00 4.731E+00 
8.000E-02 3.153E-01 9.939E-02 2.107E+00 0.000E+00 0.000E+00 2.522E+00 2.206E+00 
9.053E-02 2.572E-01 9.942E-02 1.500E+00 0.000E+00 0.000E+00 1.856E+00 1.599E+00 
1.000E-01 2.179E-01 9.913E-02 5.420E+00 0.000E+00 0.000E+00 5.737E+00 5.520E+00 
1.500E-01 1.076E-01 9.507E-02 1.880E+00 0.000E+00 0.000E+00 2.082E+00 1.975E+00 
2.000E-01 6.420E-02 8.991E-02 8.792E-01 0.000E+00 0.000E+00 1.033E+00 9.691E-01 
3.000E-01 3.066E-02 8.060E-02 3.052E-01 0.000E+00 0.000E+00 4.164E-01 3.858E-01 
4.000E-01 1.794E-02 7.331E-02 1.479E-01 0.000E+00 0.000E+00 2.391E-01 2.212E-01 
5.000E-01 1.175E-02 6.755E-02 8.628E-02 0.000E+00 0.000E+00 1.656E-01 1.538E-01 
6.000E-01 8.285E-03 6.285E-02 5.654E-02 0.000E+00 0.000E+00 1.277E-01 1.194E-01 
8.000E-01 4.752E-03 5.556E-02 3.006E-02 0.000E+00 0.000E+00 9.037E-02 8.561E-02 
1.000E+00 3.075E-03 5.011E-02 1.895E-02 0.000E+00 0.000E+00 7.214E-02 6.907E-02 
1.022E+00 2.948E-03 4.959E-02 1.814E-02 0.000E+00 0.000E+00 7.068E-02 6.773E-02 
1.250E+00 1.986E-03 4.493E-02 1.224E-02 3.873E-04 0.000E+00 5.954E-02 5.755E-02 
1.500E+00 1.387E-03 4.089E-02 8.717E-03 1.855E-03 0.000E+00 5.285E-02 5.146E-02 
2.000E+00 7.847E-04 3.495E-02 5.271E-03 5.579E-03 0.000E+00 4.659E-02 4.580E-02 
2.044E+00 7.515E-04 3.452E-02 5.080E-03 5.905E-03 0.000E+00 4.626E-02 4.551E-02 
3.000E+00 3.507E-04 2.753E-02 2.755E-03 1.215E-02 9.619E-06 4.280E-02 4.244E-02 
4.000E+00 1.976E-04 2.298E-02 1.803E-03 1.740E-02 3.919E-05 4.242E-02 4.222E-02 
5.000E+00 1.266E-04 1.985E-02 1.321E-03 2.179E-02 7.795E-05 4.317E-02 4.304E-02 
6.000E+00 8.795E-05 1.755E-02 1.035E-03 2.558E-02 1.195E-04 4.438E-02 4.429E-02 
7.000E+00 6.464E-05 1.578E-02 8.472E-04 2.893E-02 1.608E-04 4.578E-02 4.572E-02 
8.000E+00 4.948E-05 1.436E-02 7.155E-04 3.193E-02 2.007E-04 4.725E-02 4.720E-02 
9.000E+00 3.910E-05 1.320E-02 6.184E-04 3.467E-02 2.388E-04 4.876E-02 4.872E-02 
1.000E+01 3.167E-05 1.223E-02 5.441E-04 3.717E-02 2.749E-04 5.025E-02 5.022E-02 
1.100E+01 2.619E-05 1.141E-02 4.850E-04 3.951E-02 3.089E-04 5.174E-02 5.171E-02 
1.200E+01 2.200E-05 1.070E-02 4.374E-04 4.167E-02 3.412E-04 5.317E-02 5.315E-02 
1.300E+01 1.875E-05 1.008E-02 3.982E-04 4.372E-02 3.712E-04 5.458E-02 5.456E-02 
1.400E+01 1.617E-05 9.535E-03 3.654E-04 4.562E-02 4.000E-04 5.593E-02 5.592E-02 
1.500E+01 1.409E-05 9.054E-03 3.374E-04 4.737E-02 4.271E-04 5.721E-02 5.719E-02 
1.600E+01 1.238E-05 8.622E-03 3.135E-04 4.905E-02 4.527E-04 5.845E-02 5.843E-02 
1.800E+01 9.780E-06 7.881E-03 2.744E-04 5.204E-02 5.000E-04 6.071E-02 6.070E-02 
2.000E+01 7.925E-06 7.268E-03 2.438E-04 5.469E-02 5.432E-04 6.276E-02 6.275E-02 
2.200E+01 6.547E-06 6.752E-03 2.194E-04 5.711E-02 5.824E-04 6.467E-02 6.467E-02 
2.400E+01 5.501E-06 6.308E-03 1.993E-04 5.933E-02 6.181E-04 6.646E-02 6.646E-02 
2.600E+01 4.688E-06 5.925E-03 1.826E-04 6.135E-02 6.513E-04 6.811E-02 6.811E-02 
2.800E+01 4.043E-06 5.588E-03 1.685E-04 6.320E-02 6.818E-04 6.964E-02 6.963E-02 
3.000E+01 3.521E-06 5.291E-03 1.564E-04 6.490E-02 7.103E-04 7.106E-02 7.105E-02 
4.000E+01 1.981E-06 4.204E-03 1.150E-04 7.184E-02 8.270E-04 7.699E-02 7.699E-02 
5.000E+01 1.268E-06 3.510E-03 9.089E-05 7.700E-02 9.146E-04 8.152E-02 8.151E-02 
6.000E+01 8.804E-07 3.023E-03 7.513E-05 8.100E-02 9.835E-04 8.509E-02 8.509E-02 
8.000E+01 4.954E-07 2.385E-03 5.576E-05 8.688E-02 1.086E-03 9.041E-02 9.041E-02 
1.000E+02 3.170E-07 1.979E-03 4.435E-05 9.103E-02 1.160E-03 9.422E-02 9.422E-02 
1.500E+02 1.409E-07 1.410E-03 2.931E-05 9.757E-02 1.281E-03 1.003E-01 1.003E-01 
2.000E+02 7.925E-08 1.105E-03 2.189E-05 1.015E-01 1.356E-03 1.039E-01 1.039E-01 
3.000E+02 3.521E-08 7.835E-04 1.453E-05 1.060E-01 1.446E-03 1.082E-01 1.082E-01 
4.000E+02 1.981E-08 6.135E-04 1.088E-05 1.086E-01 1.500E-03 1.107E-01 1.107E-01 
5.000E+02 1.268E-08 5.078E-04 8.691E-06 1.102E-01 1.536E-03 1.123E-01 1.123E-01 
6.000E+02 8.804E-09 4.348E-04 7.236E-06 1.114E-01 1.563E-03 1.134E-01 1.134E-01 
8.000E+02 4.954E-09 3.397E-04 5.420E-06 1.130E-01 1.599E-03 1.150E-01 1.150E-01 
1.000E+03 3.170E-09 2.794E-04 4.334E-06 1.141E-01 1.623E-03 1.160E-01 1.160E-01 
1.500E+03 1.409E-09 1.951E-04 2.887E-06 1.156E-01 1.659E-03 1.174E-01 1.174E-01 
2.000E+03 7.925E-10 1.510E-04 2.164E-06 1.164E-01 1.679E-03 1.182E-01 1.182E-01 
3.000E+03 3.521E-10 1.050E-04 1.442E-06 1.173E-01 1.701E-03 1.191E-01 1.191E-01 
4.000E+03 1.981E-10 8.106E-05 1.081E-06 1.177E-01 1.714E-03 1.195E-01 1.195E-01 
5.000E+03 1.268E-10 6.628E-05 8.651E-07 1.181E-01 1.722E-03 1.199E-01 1.199E-01 
6.000E+03 8.804E-11 5.619E-05 7.210E-07 1.183E-01 1.727E-03 1.200E-01 1.200E-01 
8.000E+03 4.954E-11 4.331E-05 5.406E-07 1.186E-01 1.734E-03 1.203E-01 1.203E-01 
1.000E+04 3.170E-11 3.536E-05 4.325E-07 1.187E-01 1.739E-03 1.205E-01 1.205E-01 
1.500E+04 1.409E-11 2.443E-05 2.882E-07 1.190E-01 1.745E-03 1.207E-01 1.207E-01 
2.000E+04 7.925E-12 1.878E-05 2.162E-07 1.191E-01 1.749E-03 1.208E-01 1.208E-01 
3.000E+04 3.521E-12 1.295E-05 1.441E-07 1.192E-01 1.752E-03 1.210E-01 1.210E-01 
4.000E+04 1.981E-12 9.945E-06 1.081E-07 1.193E-01 1.754E-03 1.210E-01 1.210E-01 
5.000E+04 1.268E-12 8.098E-06 8.648E-08 1.193E-01 1.756E-03 1.211E-01 1.211E-01 
6.000E+04 8.804E-13 6.847E-06 7.207E-08 1.194E-01 1.756E-03 1.211E-01 1.211E-01 
8.000E+04 4.954E-13 5.250E-06 5.403E-08 1.194E-01 1.757E-03 1.212E-01 1.212E-01 
1.000E+05 3.170E-13 4.271E-06 4.323E-08 1.194E-01 1.758E-03 1.212E-01 1.212E-01 
