1.000E-03 7.951E+00 5.455E-03 7.799E+03 0.000E+00 0.000E+00 7.807E+03 7.799E+03 
1.500E-03 7.537E+00 9.871E-03 3.123E+03 0.000E+00 0.000E+00 3.131E+03 3.123E+03 
2.000E-03 7.086E+00 1.417E-02 1.571E+03 0.000E+00 0.000E+00 1.578E+03 1.571E+03 
3.000E-03 6.194E+00 2.204E-02 5.748E+02 0.000E+00 0.000E+00 5.811E+02 5.749E+02 
3.730E-03 5.596E+00 2.730E-02 3.300E+02 0.000E+00 0.000E+00 3.356E+02 3.300E+02 
3.833E-03 5.515E+00 2.801E-02 9.815E+02 0.000E+00 0.000E+00 9.870E+02 9.815E+02 
3.938E-03 5.434E+00 2.874E-02 9.257E+02 0.000E+00 0.000E+00 9.312E+02 9.257E+02 
4.000E-03 5.386E+00 2.916E-02 1.225E+03 0.000E+00 0.000E+00 1.231E+03 1.225E+03 
4.237E-03 5.212E+00 3.076E-02 1.061E+03 0.000E+00 0.000E+00 1.066E+03 1.061E+03 
5.000E-03 4.691E+00 3.568E-02 8.088E+02 0.000E+00 0.000E+00 8.135E+02 8.088E+02 
6.000E-03 4.106E+00 4.168E-02 5.030E+02 0.000E+00 0.000E+00 5.072E+02 5.031E+02 
8.000E-03 3.226E+00 5.245E-02 2.358E+02 0.000E+00 0.000E+00 2.390E+02 2.358E+02 
1.000E-02 2.625E+00 6.178E-02 1.294E+02 0.000E+00 0.000E+00 1.321E+02 1.295E+02 
1.500E-02 1.727E+00 7.862E-02 4.265E+01 0.000E+00 0.000E+00 4.445E+01 4.272E+01 
2.000E-02 1.209E+00 8.953E-02 1.914E+01 0.000E+00 0.000E+00 2.044E+01 1.923E+01 
2.794E-02 7.547E-01 1.006E-01 7.458E+00 0.000E+00 0.000E+00 8.314E+00 7.559E+00 
3.000E-02 6.808E-01 1.026E-01 3.870E+01 0.000E+00 0.000E+00 3.949E+01 3.880E+01 
4.000E-02 4.444E-01 1.095E-01 1.817E+01 0.000E+00 0.000E+00 1.873E+01 1.828E+01 
5.000E-02 3.146E-01 1.131E-01 9.876E+00 0.000E+00 0.000E+00 1.030E+01 9.989E+00 
6.000E-02 2.336E-01 1.148E-01 5.958E+00 0.000E+00 0.000E+00 6.306E+00 6.073E+00 
8.000E-02 1.429E-01 1.150E-01 2.649E+00 0.000E+00 0.000E+00 2.906E+00 2.764E+00 
1.000E-01 9.672E-02 1.132E-01 1.399E+00 0.000E+00 0.000E+00 1.609E+00 1.513E+00 
1.500E-01 4.697E-02 1.064E-01 4.342E-01 0.000E+00 0.000E+00 5.876E-01 5.406E-01 
2.000E-01 2.770E-02 9.960E-02 1.894E-01 0.000E+00 0.000E+00 3.167E-01 2.890E-01 
3.000E-01 1.288E-02 8.838E-02 6.016E-02 0.000E+00 0.000E+00 1.614E-01 1.485E-01 
4.000E-01 7.406E-03 7.993E-02 2.756E-02 0.000E+00 0.000E+00 1.149E-01 1.075E-01 
5.000E-01 4.800E-03 7.343E-02 1.548E-02 0.000E+00 0.000E+00 9.371E-02 8.891E-02 
6.000E-01 3.360E-03 6.813E-02 9.892E-03 0.000E+00 0.000E+00 8.138E-02 7.802E-02 
8.000E-01 1.908E-03 6.005E-02 5.109E-03 0.000E+00 0.000E+00 6.707E-02 6.516E-02 
1.000E+00 1.227E-03 5.407E-02 3.189E-03 0.000E+00 0.000E+00 5.849E-02 5.726E-02 
1.022E+00 1.175E-03 5.355E-02 3.034E-03 0.000E+00 0.000E+00 5.776E-02 5.658E-02 
1.250E+00 7.883E-04 4.843E-02 2.047E-03 1.685E-04 0.000E+00 5.143E-02 5.064E-02 
1.500E+00 5.481E-04 4.405E-02 1.466E-03 7.846E-04 0.000E+00 4.685E-02 4.630E-02 
2.000E+00 3.090E-04 3.762E-02 8.937E-04 2.694E-03 0.000E+00 4.151E-02 4.120E-02 
2.044E+00 2.959E-04 3.715E-02 8.623E-04 2.882E-03 0.000E+00 4.119E-02 4.090E-02 
3.000E+00 1.375E-04 2.961E-02 4.751E-04 6.913E-03 1.036E-05 3.715E-02 3.701E-02 
4.000E+00 7.741E-05 2.471E-02 3.153E-04 1.068E-02 4.226E-05 3.582E-02 3.574E-02 
5.000E+00 4.954E-05 2.134E-02 2.335E-04 1.394E-02 8.413E-05 3.564E-02 3.559E-02 
6.000E+00 3.441E-05 1.887E-02 1.845E-04 1.675E-02 1.291E-04 3.596E-02 3.593E-02 
7.000E+00 2.529E-05 1.696E-02 1.520E-04 1.925E-02 1.738E-04 3.656E-02 3.654E-02 
8.000E+00 1.936E-05 1.543E-02 1.291E-04 2.151E-02 2.171E-04 3.731E-02 3.729E-02 
9.000E+00 1.529E-05 1.419E-02 1.120E-04 2.356E-02 2.586E-04 3.813E-02 3.812E-02 
1.000E+01 1.239E-05 1.314E-02 9.892E-05 2.543E-02 2.980E-04 3.899E-02 3.897E-02 
1.100E+01 1.024E-05 1.226E-02 8.848E-05 2.716E-02 3.352E-04 3.986E-02 3.985E-02 
1.200E+01 8.607E-06 1.150E-02 8.004E-05 2.876E-02 3.703E-04 4.071E-02 4.070E-02 
1.300E+01 7.332E-06 1.083E-02 7.301E-05 3.024E-02 4.034E-04 4.155E-02 4.154E-02 
1.400E+01 6.320E-06 1.025E-02 6.713E-05 3.159E-02 4.349E-04 4.235E-02 4.235E-02 
1.500E+01 5.507E-06 9.729E-03 6.210E-05 3.285E-02 4.646E-04 4.312E-02 4.311E-02 
1.600E+01 4.840E-06 9.268E-03 5.780E-05 3.403E-02 4.929E-04 4.385E-02 4.385E-02 
1.800E+01 3.825E-06 8.470E-03 5.072E-05 3.617E-02 5.455E-04 4.524E-02 4.524E-02 
2.000E+01 3.098E-06 7.810E-03 4.518E-05 3.809E-02 5.932E-04 4.654E-02 4.654E-02 
2.200E+01 2.560E-06 7.254E-03 4.072E-05 3.983E-02 6.367E-04 4.777E-02 4.777E-02 
2.400E+01 2.151E-06 6.776E-03 3.706E-05 4.141E-02 6.766E-04 4.891E-02 4.890E-02 
2.600E+01 1.833E-06 6.367E-03 3.400E-05 4.286E-02 7.133E-04 4.997E-02 4.997E-02 
2.800E+01 1.581E-06 6.005E-03 3.141E-05 4.418E-02 7.479E-04 5.096E-02 5.096E-02 
3.000E+01 1.377E-06 5.685E-03 2.918E-05 4.540E-02 7.799E-04 5.190E-02 5.189E-02 
4.000E+01 7.747E-07 4.518E-03 2.154E-05 5.035E-02 9.116E-04 5.580E-02 5.580E-02 
5.000E+01 4.956E-07 3.771E-03 1.706E-05 5.402E-02 1.012E-03 5.882E-02 5.882E-02 
6.000E+01 3.442E-07 3.249E-03 1.412E-05 5.685E-02 1.091E-03 6.121E-02 6.121E-02 
8.000E+01 1.936E-07 2.563E-03 1.051E-05 6.110E-02 1.211E-03 6.489E-02 6.489E-02 
1.000E+02 1.239E-07 2.127E-03 8.366E-06 6.409E-02 1.298E-03 6.752E-02 6.752E-02 
1.500E+02 5.507E-08 1.515E-03 5.539E-06 6.886E-02 1.442E-03 7.183E-02 7.183E-02 
2.000E+02 3.098E-08 1.187E-03 4.140E-06 7.170E-02 1.531E-03 7.442E-02 7.442E-02 
3.000E+02 1.377E-08 8.418E-04 2.751E-06 7.500E-02 1.642E-03 7.749E-02 7.749E-02 
4.000E+02 7.747E-09 6.593E-04 2.060E-06 7.689E-02 1.708E-03 7.926E-02 7.926E-02 
5.000E+02 4.956E-09 5.460E-04 1.646E-06 7.815E-02 1.753E-03 8.045E-02 8.045E-02 
6.000E+02 3.442E-09 4.673E-04 1.371E-06 7.904E-02 1.786E-03 8.129E-02 8.129E-02 
8.000E+02 1.936E-09 3.649E-04 1.027E-06 8.025E-02 1.832E-03 8.244E-02 8.244E-02 
1.000E+03 1.239E-09 3.002E-04 8.213E-07 8.103E-02 1.862E-03 8.320E-02 8.320E-02 
1.500E+03 5.507E-10 2.097E-04 5.470E-07 8.213E-02 1.908E-03 8.425E-02 8.425E-02 
2.000E+03 3.098E-10 1.623E-04 4.103E-07 8.276E-02 1.933E-03 8.486E-02 8.486E-02 
3.000E+03 1.377E-10 1.128E-04 2.734E-07 8.339E-02 1.961E-03 8.547E-02 8.547E-02 
4.000E+03 7.747E-11 8.712E-05 2.050E-07 8.376E-02 1.977E-03 8.582E-02 8.582E-02 
5.000E+03 4.956E-11 7.123E-05 1.640E-07 8.397E-02 1.987E-03 8.603E-02 8.603E-02 
6.000E+03 3.442E-11 6.037E-05 1.367E-07 8.413E-02 1.995E-03 8.618E-02 8.618E-02 
8.000E+03 1.936E-11 4.652E-05 1.025E-07 8.434E-02 2.004E-03 8.639E-02 8.639E-02 
1.000E+04 1.239E-11 3.798E-05 8.198E-08 8.449E-02 2.010E-03 8.654E-02 8.654E-02 
1.500E+04 5.507E-12 2.625E-05 5.465E-08 8.465E-02 2.018E-03 8.670E-02 8.670E-02 
2.000E+04 3.098E-12 2.018E-05 4.099E-08 8.476E-02 2.023E-03 8.680E-02 8.680E-02 
3.000E+04 1.377E-12 1.392E-05 2.733E-08 8.486E-02 2.027E-03 8.690E-02 8.690E-02 
4.000E+04 7.747E-13 1.068E-05 2.049E-08 8.491E-02 2.030E-03 8.696E-02 8.696E-02 
5.000E+04 4.956E-13 8.701E-06 1.640E-08 8.491E-02 2.032E-03 8.695E-02 8.695E-02 
6.000E+04 3.442E-13 7.353E-06 1.366E-08 8.497E-02 2.033E-03 8.701E-02 8.701E-02 
8.000E+04 1.936E-13 5.638E-06 1.025E-08 8.497E-02 2.034E-03 8.701E-02 8.701E-02 
1.000E+05 1.239E-13 4.589E-06 8.198E-09 8.502E-02 2.035E-03 8.706E-02 8.706E-02 
