1.000E-03 4.240E+00 9.236E-03 8.089E+03 0.000E+00 0.000E+00 8.093E+03 8.089E+03 
1.500E-03 3.948E+00 1.591E-02 2.979E+03 0.000E+00 0.000E+00 2.983E+03 2.979E+03 
2.000E-03 3.646E+00 2.190E-02 1.417E+03 0.000E+00 0.000E+00 1.421E+03 1.417E+03 
3.000E-03 3.091E+00 3.276E-02 4.820E+02 0.000E+00 0.000E+00 4.851E+02 4.820E+02 
4.000E-03 2.613E+00 4.279E-02 2.202E+02 0.000E+00 0.000E+00 2.229E+02 2.203E+02 
5.000E-03 2.213E+00 5.191E-02 1.189E+02 0.000E+00 0.000E+00 1.212E+02 1.190E+02 
6.000E-03 1.884E+00 6.014E-02 7.156E+01 0.000E+00 0.000E+00 7.350E+01 7.162E+01 
6.539E-03 1.735E+00 6.420E-02 5.623E+01 0.000E+00 0.000E+00 5.803E+01 5.630E+01 
8.000E-03 1.407E+00 7.414E-02 2.720E+02 0.000E+00 0.000E+00 2.734E+02 2.720E+02 
1.000E-02 1.099E+00 8.523E-02 1.502E+02 0.000E+00 0.000E+00 1.514E+02 1.503E+02 
1.500E-02 6.878E-01 1.036E-01 4.948E+01 0.000E+00 0.000E+00 5.027E+01 4.958E+01 
2.000E-02 4.764E-01 1.148E-01 2.193E+01 0.000E+00 0.000E+00 2.253E+01 2.205E+01 
3.000E-02 2.613E-01 1.267E-01 6.753E+00 0.000E+00 0.000E+00 7.142E+00 6.880E+00 
4.000E-02 1.648E-01 1.315E-01 2.873E+00 0.000E+00 0.000E+00 3.169E+00 3.005E+00 
5.000E-02 1.143E-01 1.330E-01 1.467E+00 0.000E+00 0.000E+00 1.714E+00 1.600E+00 
6.000E-02 8.435E-02 1.330E-01 8.424E-01 0.000E+00 0.000E+00 1.060E+00 9.754E-01 
8.000E-02 5.145E-02 1.306E-01 3.486E-01 0.000E+00 0.000E+00 5.306E-01 4.791E-01 
1.000E-01 3.454E-02 1.270E-01 1.751E-01 0.000E+00 0.000E+00 3.366E-01 3.021E-01 
1.500E-01 1.631E-02 1.175E-01 5.002E-02 0.000E+00 0.000E+00 1.838E-01 1.675E-01 
2.000E-01 9.452E-03 1.090E-01 2.071E-02 0.000E+00 0.000E+00 1.391E-01 1.297E-01 
3.000E-01 4.322E-03 9.573E-02 6.167E-03 0.000E+00 0.000E+00 1.062E-01 1.019E-01 
4.000E-01 2.462E-03 8.615E-02 2.720E-03 0.000E+00 0.000E+00 9.133E-02 8.887E-02 
5.000E-01 1.585E-03 7.885E-02 1.492E-03 0.000E+00 0.000E+00 8.192E-02 8.034E-02 
6.000E-01 1.105E-03 7.305E-02 9.385E-04 0.000E+00 0.000E+00 7.509E-02 7.399E-02 
8.000E-01 6.239E-04 6.427E-02 4.778E-04 0.000E+00 0.000E+00 6.537E-02 6.475E-02 
1.000E+00 4.001E-04 5.782E-02 2.973E-04 0.000E+00 0.000E+00 5.852E-02 5.812E-02 
1.022E+00 3.831E-04 5.722E-02 2.820E-04 0.000E+00 0.000E+00 5.789E-02 5.750E-02 
1.250E+00 2.564E-04 5.173E-02 1.907E-04 6.519E-05 0.000E+00 5.224E-02 5.198E-02 
1.500E+00 1.781E-04 4.704E-02 1.376E-04 3.336E-04 0.000E+00 4.769E-02 4.751E-02 
2.000E+00 1.003E-04 4.015E-02 8.493E-05 1.278E-03 0.000E+00 4.162E-02 4.152E-02 
2.044E+00 9.599E-05 3.965E-02 8.204E-05 1.376E-03 0.000E+00 4.120E-02 4.111E-02 
3.000E+00 4.458E-05 3.159E-02 4.616E-05 3.546E-03 1.106E-05 3.524E-02 3.519E-02 
4.000E+00 2.508E-05 2.636E-02 3.112E-05 5.670E-03 4.514E-05 3.213E-02 3.211E-02 
5.000E+00 1.605E-05 2.277E-02 2.332E-05 7.549E-03 8.992E-05 3.045E-02 3.043E-02 
6.000E+00 1.115E-05 2.013E-02 1.858E-05 9.223E-03 1.380E-04 2.952E-02 2.951E-02 
7.000E+00 8.191E-06 1.809E-02 1.541E-05 1.071E-02 1.860E-04 2.901E-02 2.900E-02 
8.000E+00 6.271E-06 1.645E-02 1.315E-05 1.205E-02 2.326E-04 2.875E-02 2.875E-02 
9.000E+00 4.955E-06 1.513E-02 1.147E-05 1.326E-02 2.772E-04 2.868E-02 2.868E-02 
1.000E+01 4.013E-06 1.402E-02 1.016E-05 1.436E-02 3.196E-04 2.871E-02 2.871E-02 
1.100E+01 3.317E-06 1.308E-02 9.118E-06 1.536E-02 3.599E-04 2.881E-02 2.880E-02 
1.200E+01 2.788E-06 1.227E-02 8.267E-06 1.627E-02 3.978E-04 2.894E-02 2.894E-02 
1.300E+01 2.375E-06 1.155E-02 7.561E-06 1.711E-02 4.336E-04 2.911E-02 2.911E-02 
1.400E+01 2.048E-06 1.093E-02 6.965E-06 1.790E-02 4.677E-04 2.931E-02 2.930E-02 
1.500E+01 1.783E-06 1.038E-02 6.455E-06 1.862E-02 5.002E-04 2.951E-02 2.951E-02 
1.600E+01 1.568E-06 9.881E-03 6.016E-06 1.931E-02 5.310E-04 2.973E-02 2.973E-02 
1.800E+01 1.239E-06 9.030E-03 5.292E-06 2.058E-02 5.881E-04 3.020E-02 3.020E-02 
2.000E+01 1.003E-06 8.328E-03 4.724E-06 2.170E-02 6.403E-04 3.068E-02 3.068E-02 
2.200E+01 8.293E-07 7.736E-03 4.266E-06 2.271E-02 6.882E-04 3.114E-02 3.114E-02 
2.400E+01 6.968E-07 7.228E-03 3.888E-06 2.364E-02 7.324E-04 3.161E-02 3.161E-02 
2.600E+01 5.937E-07 6.787E-03 3.572E-06 2.449E-02 7.731E-04 3.205E-02 3.205E-02 
2.800E+01 5.119E-07 6.403E-03 3.303E-06 2.527E-02 8.112E-04 3.248E-02 3.248E-02 
3.000E+01 4.459E-07 6.063E-03 3.071E-06 2.599E-02 8.466E-04 3.290E-02 3.290E-02 
4.000E+01 2.508E-07 4.818E-03 2.275E-06 2.892E-02 9.943E-04 3.473E-02 3.473E-02 
5.000E+01 1.606E-07 4.022E-03 1.806E-06 3.112E-02 1.108E-03 3.625E-02 3.625E-02 
6.000E+01 1.115E-07 3.465E-03 1.497E-06 3.283E-02 1.198E-03 3.749E-02 3.749E-02 
8.000E+01 6.271E-08 2.733E-03 1.116E-06 3.538E-02 1.336E-03 3.945E-02 3.945E-02 
1.000E+02 4.013E-08 2.268E-03 8.891E-07 3.721E-02 1.438E-03 4.092E-02 4.092E-02 
1.500E+02 1.783E-08 1.615E-03 5.897E-07 4.016E-02 1.609E-03 4.339E-02 4.339E-02 
2.000E+02 1.003E-08 1.266E-03 4.411E-07 4.195E-02 1.719E-03 4.494E-02 4.494E-02 
3.000E+02 4.459E-09 8.977E-04 2.933E-07 4.404E-02 1.854E-03 4.680E-02 4.680E-02 
4.000E+02 2.508E-09 7.030E-04 2.197E-07 4.526E-02 1.936E-03 4.790E-02 4.790E-02 
5.000E+02 1.606E-09 5.820E-04 1.756E-07 4.606E-02 1.993E-03 4.864E-02 4.864E-02 
6.000E+02 1.115E-09 4.982E-04 1.462E-07 4.663E-02 2.034E-03 4.916E-02 4.916E-02 
8.000E+02 6.271E-10 3.891E-04 1.096E-07 4.740E-02 2.094E-03 4.988E-02 4.988E-02 
1.000E+03 4.013E-10 3.202E-04 8.767E-08 4.790E-02 2.132E-03 5.035E-02 5.035E-02 
1.500E+03 1.783E-10 2.236E-04 5.841E-08 4.863E-02 2.191E-03 5.104E-02 5.104E-02 
2.000E+03 1.003E-10 1.731E-04 4.380E-08 4.902E-02 2.225E-03 5.142E-02 5.142E-02 
3.000E+03 4.459E-11 1.204E-04 2.919E-08 4.945E-02 2.261E-03 5.183E-02 5.183E-02 
4.000E+03 2.508E-11 9.288E-05 2.189E-08 4.968E-02 2.283E-03 5.205E-02 5.205E-02 
5.000E+03 1.606E-11 7.593E-05 1.752E-08 4.982E-02 2.296E-03 5.219E-02 5.219E-02 
6.000E+03 1.115E-11 6.439E-05 1.459E-08 4.992E-02 2.306E-03 5.229E-02 5.229E-02 
8.000E+03 6.271E-12 4.961E-05 1.094E-08 5.005E-02 2.318E-03 5.242E-02 5.242E-02 
1.000E+04 4.013E-12 4.050E-05 8.754E-09 5.014E-02 2.327E-03 5.251E-02 5.251E-02 
1.500E+04 1.783E-12 2.800E-05 5.836E-09 5.025E-02 2.338E-03 5.261E-02 5.261E-02 
2.000E+04 1.003E-12 2.152E-05 4.377E-09 5.031E-02 2.345E-03 5.268E-02 5.268E-02 
3.000E+04 4.459E-13 1.484E-05 2.918E-09 5.038E-02 2.350E-03 5.274E-02 5.274E-02 
4.000E+04 2.508E-13 1.139E-05 2.188E-09 5.041E-02 2.355E-03 5.278E-02 5.278E-02 
5.000E+04 1.606E-13 9.279E-06 1.751E-09 5.043E-02 2.357E-03 5.280E-02 5.280E-02 
6.000E+04 1.115E-13 7.843E-06 1.459E-09 5.045E-02 2.358E-03 5.281E-02 5.281E-02 
8.000E+04 6.271E-14 6.015E-06 1.094E-09 5.047E-02 2.360E-03 5.283E-02 5.283E-02 
1.000E+05 4.013E-14 4.893E-06 8.753E-10 5.048E-02 2.361E-03 5.284E-02 5.284E-02 
