1.000E-03 6.942E+00 6.428E-03 4.936E+03 0.000E+00 0.000E+00 4.943E+03 4.936E+03 
1.500E-03 6.541E+00 1.122E-02 1.918E+03 0.000E+00 0.000E+00 1.925E+03 1.918E+03 
2.000E-03 6.106E+00 1.584E-02 9.535E+02 0.000E+00 0.000E+00 9.596E+02 9.535E+02 
2.520E-03 5.666E+00 2.045E-02 5.359E+02 0.000E+00 0.000E+00 5.416E+02 5.359E+02 
2.572E-03 5.622E+00 2.090E-02 1.855E+03 0.000E+00 0.000E+00 1.861E+03 1.855E+03 
2.625E-03 5.578E+00 2.135E-02 1.744E+03 0.000E+00 0.000E+00 1.750E+03 1.744E+03 
2.743E-03 5.481E+00 2.236E-02 2.179E+03 0.000E+00 0.000E+00 2.184E+03 2.179E+03 
2.865E-03 5.381E+00 2.341E-02 1.956E+03 0.000E+00 0.000E+00 1.961E+03 1.956E+03 
3.000E-03 5.275E+00 2.454E-02 2.006E+03 0.000E+00 0.000E+00 2.011E+03 2.006E+03 
4.000E-03 4.556E+00 3.250E-02 9.660E+02 0.000E+00 0.000E+00 9.706E+02 9.661E+02 
5.000E-03 3.965E+00 3.982E-02 5.410E+02 0.000E+00 0.000E+00 5.450E+02 5.411E+02 
6.000E-03 3.486E+00 4.654E-02 3.336E+02 0.000E+00 0.000E+00 3.372E+02 3.337E+02 
8.000E-03 2.774E+00 5.805E-02 1.537E+02 0.000E+00 0.000E+00 1.566E+02 1.538E+02 
1.000E-02 2.267E+00 6.716E-02 8.342E+01 0.000E+00 0.000E+00 8.576E+01 8.349E+01 
1.500E-02 1.448E+00 8.373E-02 2.700E+01 0.000E+00 0.000E+00 2.854E+01 2.709E+01 
2.000E-02 9.893E-01 9.510E-02 1.200E+01 0.000E+00 0.000E+00 1.308E+01 1.209E+01 
3.000E-02 5.583E-01 1.087E-01 2.743E+01 0.000E+00 0.000E+00 2.810E+01 2.754E+01 
4.000E-02 3.636E-01 1.156E-01 1.246E+01 0.000E+00 0.000E+00 1.294E+01 1.258E+01 
5.000E-02 2.544E-01 1.190E-01 6.666E+00 0.000E+00 0.000E+00 7.040E+00 6.785E+00 
6.000E-02 1.874E-01 1.204E-01 3.966E+00 0.000E+00 0.000E+00 4.274E+00 4.086E+00 
8.000E-02 1.142E-01 1.200E-01 1.728E+00 0.000E+00 0.000E+00 1.962E+00 1.848E+00 
1.000E-01 7.733E-02 1.177E-01 9.007E-01 0.000E+00 0.000E+00 1.096E+00 1.018E+00 
1.500E-01 3.740E-02 1.102E-01 2.732E-01 0.000E+00 0.000E+00 4.208E-01 3.834E-01 
2.000E-01 2.193E-02 1.029E-01 1.175E-01 0.000E+00 0.000E+00 2.423E-01 2.204E-01 
3.000E-01 1.014E-02 9.108E-02 3.665E-02 0.000E+00 0.000E+00 1.379E-01 1.277E-01 
4.000E-01 5.816E-03 8.229E-02 1.661E-02 0.000E+00 0.000E+00 1.047E-01 9.890E-02 
5.000E-01 3.764E-03 7.545E-02 9.265E-03 0.000E+00 0.000E+00 8.848E-02 8.471E-02 
6.000E-01 2.632E-03 6.999E-02 5.892E-03 0.000E+00 0.000E+00 7.851E-02 7.588E-02 
8.000E-01 1.492E-03 6.167E-02 3.030E-03 0.000E+00 0.000E+00 6.619E-02 6.470E-02 
1.000E+00 9.585E-04 5.553E-02 1.888E-03 0.000E+00 0.000E+00 5.837E-02 5.741E-02 
1.022E+00 9.177E-04 5.495E-02 1.796E-03 0.000E+00 0.000E+00 5.766E-02 5.675E-02 
1.250E+00 6.151E-04 4.970E-02 1.213E-03 1.340E-04 0.000E+00 5.166E-02 5.105E-02 
1.500E+00 4.277E-04 4.520E-02 8.700E-04 6.371E-04 0.000E+00 4.714E-02 4.671E-02 
2.000E+00 2.410E-04 3.860E-02 5.318E-04 2.261E-03 0.000E+00 4.163E-02 4.139E-02 
2.044E+00 2.307E-04 3.813E-02 5.132E-04 2.422E-03 0.000E+00 4.129E-02 4.106E-02 
3.000E+00 1.072E-04 3.038E-02 2.842E-04 5.966E-03 1.063E-05 3.675E-02 3.664E-02 
4.000E+00 6.032E-05 2.535E-02 1.894E-04 9.315E-03 4.337E-05 3.496E-02 3.490E-02 
5.000E+00 3.862E-05 2.189E-02 1.406E-04 1.223E-02 8.637E-05 3.439E-02 3.435E-02 
6.000E+00 2.682E-05 1.935E-02 1.114E-04 1.478E-02 1.325E-04 3.440E-02 3.437E-02 
7.000E+00 1.970E-05 1.739E-02 9.190E-05 1.705E-02 1.785E-04 3.473E-02 3.471E-02 
8.000E+00 1.509E-05 1.583E-02 7.815E-05 1.909E-02 2.231E-04 3.524E-02 3.522E-02 
9.000E+00 1.192E-05 1.456E-02 6.792E-05 2.094E-02 2.657E-04 3.584E-02 3.583E-02 
1.000E+01 9.654E-06 1.348E-02 6.000E-05 2.264E-02 3.062E-04 3.650E-02 3.649E-02 
1.100E+01 7.978E-06 1.258E-02 5.372E-05 2.419E-02 3.445E-04 3.718E-02 3.717E-02 
1.200E+01 6.704E-06 1.179E-02 4.862E-05 2.562E-02 3.807E-04 3.785E-02 3.785E-02 
1.300E+01 5.714E-06 1.111E-02 4.439E-05 2.694E-02 4.148E-04 3.852E-02 3.851E-02 
1.400E+01 4.927E-06 1.051E-02 4.083E-05 2.815E-02 4.472E-04 3.916E-02 3.915E-02 
1.500E+01 4.292E-06 9.980E-03 3.780E-05 2.928E-02 4.780E-04 3.978E-02 3.977E-02 
1.600E+01 3.772E-06 9.503E-03 3.518E-05 3.034E-02 5.072E-04 4.039E-02 4.038E-02 
1.800E+01 2.980E-06 8.687E-03 3.090E-05 3.226E-02 5.613E-04 4.154E-02 4.154E-02 
2.000E+01 2.414E-06 8.009E-03 2.754E-05 3.399E-02 6.105E-04 4.264E-02 4.264E-02 
2.200E+01 1.995E-06 7.438E-03 2.483E-05 3.557E-02 6.553E-04 4.369E-02 4.368E-02 
2.400E+01 1.677E-06 6.955E-03 2.261E-05 3.699E-02 6.967E-04 4.467E-02 4.466E-02 
2.600E+01 1.429E-06 6.528E-03 2.075E-05 3.830E-02 7.350E-04 4.558E-02 4.558E-02 
2.800E+01 1.232E-06 6.159E-03 1.917E-05 3.949E-02 7.708E-04 4.644E-02 4.644E-02 
3.000E+01 1.073E-06 5.833E-03 1.781E-05 4.059E-02 8.041E-04 4.724E-02 4.724E-02 
4.000E+01 6.035E-07 4.635E-03 1.316E-05 4.506E-02 9.409E-04 5.065E-02 5.065E-02 
5.000E+01 3.863E-07 3.869E-03 1.043E-05 4.836E-02 1.045E-03 5.329E-02 5.329E-02 
6.000E+01 2.682E-07 3.333E-03 8.637E-06 5.094E-02 1.127E-03 5.541E-02 5.541E-02 
8.000E+01 1.509E-07 2.629E-03 6.428E-06 5.475E-02 1.252E-03 5.864E-02 5.864E-02 
1.000E+02 9.654E-08 2.182E-03 5.120E-06 5.746E-02 1.343E-03 6.099E-02 6.099E-02 
1.500E+02 4.292E-08 1.554E-03 3.392E-06 6.177E-02 1.495E-03 6.482E-02 6.482E-02 
2.000E+02 2.414E-08 1.218E-03 2.536E-06 6.434E-02 1.590E-03 6.715E-02 6.715E-02 
3.000E+02 1.073E-08 8.637E-04 1.685E-06 6.735E-02 1.706E-03 6.992E-02 6.992E-02 
4.000E+02 6.035E-09 6.760E-04 1.262E-06 6.911E-02 1.776E-03 7.156E-02 7.156E-02 
5.000E+02 3.862E-09 5.598E-04 1.009E-06 7.024E-02 1.825E-03 7.263E-02 7.263E-02 
6.000E+02 2.682E-09 4.793E-04 8.399E-07 7.106E-02 1.860E-03 7.340E-02 7.340E-02 
8.000E+02 1.509E-09 3.744E-04 6.296E-07 7.212E-02 1.909E-03 7.441E-02 7.441E-02 
1.000E+03 9.654E-10 3.080E-04 5.034E-07 7.281E-02 1.941E-03 7.506E-02 7.506E-02 
1.500E+03 4.292E-10 2.151E-04 3.353E-07 7.382E-02 1.990E-03 7.602E-02 7.602E-02 
2.000E+03 2.414E-10 1.665E-04 2.515E-07 7.438E-02 2.018E-03 7.657E-02 7.657E-02 
3.000E+03 1.073E-10 1.157E-04 1.676E-07 7.501E-02 2.048E-03 7.717E-02 7.717E-02 
4.000E+03 6.035E-11 8.932E-05 1.257E-07 7.532E-02 2.066E-03 7.748E-02 7.748E-02 
5.000E+03 3.862E-11 7.306E-05 1.005E-07 7.551E-02 2.076E-03 7.766E-02 7.766E-02 
6.000E+03 2.682E-11 6.195E-05 8.373E-08 7.564E-02 2.085E-03 7.778E-02 7.778E-02 
8.000E+03 1.509E-11 4.772E-05 6.283E-08 7.583E-02 2.095E-03 7.797E-02 7.797E-02 
1.000E+04 9.654E-12 3.897E-05 5.025E-08 7.595E-02 2.101E-03 7.809E-02 7.809E-02 
1.500E+04 4.292E-12 2.693E-05 3.349E-08 7.614E-02 2.110E-03 7.828E-02 7.828E-02 
2.000E+04 2.414E-12 2.070E-05 2.512E-08 7.620E-02 2.115E-03 7.834E-02 7.834E-02 
3.000E+04 1.073E-12 1.428E-05 1.675E-08 7.633E-02 2.120E-03 7.846E-02 7.846E-02 
4.000E+04 6.035E-13 1.096E-05 1.256E-08 7.633E-02 2.123E-03 7.846E-02 7.846E-02 
5.000E+04 3.862E-13 8.926E-06 1.005E-08 7.639E-02 2.125E-03 7.852E-02 7.852E-02 
6.000E+04 2.682E-13 7.545E-06 8.373E-09 7.639E-02 2.126E-03 7.852E-02 7.852E-02 
8.000E+04 1.509E-13 5.785E-06 6.277E-09 7.645E-02 2.127E-03 7.859E-02 7.859E-02 
1.000E+05 9.654E-14 4.707E-06 5.024E-09 7.645E-02 2.129E-03 7.859E-02 7.859E-02 
