1.000E-03 1.495E+01 4.028E-03 7.771E+03 0.000E+00 0.000E+00 7.786E+03 7.771E+03 
1.016E-03 1.493E+01 4.114E-03 7.581E+03 0.000E+00 0.000E+00 7.596E+03 7.581E+03 
1.032E-03 1.491E+01 4.202E-03 7.396E+03 0.000E+00 0.000E+00 7.411E+03 7.396E+03 
1.168E-03 1.476E+01 4.930E-03 6.214E+03 0.000E+00 0.000E+00 6.229E+03 6.214E+03 
1.321E-03 1.458E+01 5.748E-03 5.067E+03 0.000E+00 0.000E+00 5.082E+03 5.067E+03 
1.500E-03 1.435E+01 6.723E-03 4.209E+03 0.000E+00 0.000E+00 4.224E+03 4.209E+03 
1.680E-03 1.411E+01 7.709E-03 3.345E+03 0.000E+00 0.000E+00 3.359E+03 3.345E+03 
1.772E-03 1.399E+01 8.211E-03 3.029E+03 0.000E+00 0.000E+00 3.043E+03 3.029E+03 
1.868E-03 1.387E+01 8.739E-03 2.711E+03 0.000E+00 0.000E+00 2.725E+03 2.711E+03 
2.000E-03 1.369E+01 9.460E-03 2.388E+03 0.000E+00 0.000E+00 2.402E+03 2.388E+03 
3.000E-03 1.234E+01 1.481E-02 9.797E+02 0.000E+00 0.000E+00 9.921E+02 9.797E+02 
4.000E-03 1.106E+01 1.980E-02 5.057E+02 0.000E+00 0.000E+00 5.168E+02 5.058E+02 
4.374E-03 1.061E+01 2.157E-02 4.102E+02 0.000E+00 0.000E+00 4.208E+02 4.102E+02 
4.500E-03 1.046E+01 2.215E-02 8.585E+02 0.000E+00 0.000E+00 8.690E+02 8.585E+02 
4.630E-03 1.031E+01 2.274E-02 8.139E+02 0.000E+00 0.000E+00 8.242E+02 8.139E+02 
5.000E-03 9.902E+00 2.439E-02 9.491E+02 0.000E+00 0.000E+00 9.591E+02 9.492E+02 
5.252E-03 9.635E+00 2.549E-02 8.397E+02 0.000E+00 0.000E+00 8.494E+02 8.397E+02 
6.000E-03 8.899E+00 2.857E-02 7.021E+02 0.000E+00 0.000E+00 7.110E+02 7.021E+02 
6.574E-03 8.390E+00 3.082E-02 5.542E+02 0.000E+00 0.000E+00 5.627E+02 5.543E+02 
6.773E-03 8.223E+00 3.158E-02 5.455E+02 0.000E+00 0.000E+00 5.537E+02 5.455E+02 
6.977E-03 8.056E+00 3.235E-02 5.065E+02 0.000E+00 0.000E+00 5.145E+02 5.065E+02 
8.000E-03 7.298E+00 3.600E-02 3.760E+02 0.000E+00 0.000E+00 3.834E+02 3.761E+02 
1.000E-02 6.104E+00 4.259E-02 2.156E+02 0.000E+00 0.000E+00 2.218E+02 2.157E+02 
1.500E-02 4.173E+00 5.602E-02 7.740E+01 0.000E+00 0.000E+00 8.163E+01 7.746E+01 
2.000E-02 3.036E+00 6.567E-02 3.698E+01 0.000E+00 0.000E+00 4.008E+01 3.705E+01 
2.041E-02 2.965E+00 6.634E-02 3.509E+01 0.000E+00 0.000E+00 3.812E+01 3.516E+01 
2.304E-02 2.548E+00 7.023E-02 5.881E+01 0.000E+00 0.000E+00 6.143E+01 5.888E+01 
2.602E-02 2.174E+00 7.391E-02 4.238E+01 0.000E+00 0.000E+00 4.463E+01 4.245E+01 
2.646E-02 2.127E+00 7.440E-02 5.847E+01 0.000E+00 0.000E+00 6.067E+01 5.854E+01 
2.690E-02 2.081E+00 7.489E-02 5.597E+01 0.000E+00 0.000E+00 5.813E+01 5.605E+01 
3.000E-02 1.799E+00 7.807E-02 4.895E+01 0.000E+00 0.000E+00 5.083E+01 4.903E+01 
4.000E-02 1.205E+00 8.557E-02 2.361E+01 0.000E+00 0.000E+00 2.490E+01 2.370E+01 
5.000E-02 8.760E-01 9.025E-02 1.324E+01 0.000E+00 0.000E+00 1.421E+01 1.333E+01 
6.000E-02 6.627E-01 9.312E-02 8.216E+00 0.000E+00 0.000E+00 8.971E+00 8.309E+00 
8.000E-02 4.169E-01 9.551E-02 3.844E+00 0.000E+00 0.000E+00 4.356E+00 3.939E+00 
1.000E-01 2.893E-01 9.563E-02 2.124E+00 0.000E+00 0.000E+00 2.509E+00 2.220E+00 
1.395E-01 1.655E-01 9.322E-02 8.760E-01 0.000E+00 0.000E+00 1.135E+00 9.692E-01 
1.500E-01 1.460E-01 9.233E-02 2.879E+00 0.000E+00 0.000E+00 3.117E+00 2.971E+00 
2.000E-01 8.770E-02 8.770E-02 1.394E+00 0.000E+00 0.000E+00 1.570E+00 1.482E+00 
3.000E-01 4.221E-02 7.900E-02 5.093E-01 0.000E+00 0.000E+00 6.305E-01 5.883E-01 
4.000E-01 2.496E-02 7.200E-02 2.554E-01 0.000E+00 0.000E+00 3.523E-01 3.274E-01 
5.000E-01 1.649E-02 6.644E-02 1.526E-01 0.000E+00 0.000E+00 2.356E-01 2.191E-01 
6.000E-01 1.169E-02 6.187E-02 1.017E-01 0.000E+00 0.000E+00 1.753E-01 1.636E-01 
8.000E-01 6.761E-03 5.475E-02 5.514E-02 0.000E+00 0.000E+00 1.167E-01 1.099E-01 
1.000E+00 4.400E-03 4.945E-02 3.505E-02 0.000E+00 0.000E+00 8.890E-02 8.450E-02 
1.022E+00 4.219E-03 4.893E-02 3.359E-02 0.000E+00 0.000E+00 8.673E-02 8.251E-02 
1.250E+00 2.855E-03 4.434E-02 2.273E-02 5.024E-04 0.000E+00 7.043E-02 6.757E-02 
1.500E+00 2.000E-03 4.037E-02 1.616E-02 2.551E-03 0.000E+00 6.108E-02 5.908E-02 
2.000E+00 1.137E-03 3.452E-02 9.752E-03 7.348E-03 0.000E+00 5.276E-02 5.162E-02 
2.044E+00 1.089E-03 3.411E-02 9.401E-03 7.743E-03 0.000E+00 5.235E-02 5.126E-02 
3.000E+00 5.103E-04 2.721E-02 5.069E-03 1.482E-02 9.503E-06 4.762E-02 4.711E-02 
4.000E+00 2.881E-04 2.272E-02 3.302E-03 2.040E-02 3.870E-05 4.675E-02 4.646E-02 
5.000E+00 1.848E-04 1.963E-02 2.410E-03 2.506E-02 7.695E-05 4.736E-02 4.717E-02 
6.000E+00 1.285E-04 1.735E-02 1.882E-03 2.893E-02 1.179E-04 4.841E-02 4.828E-02 
7.000E+00 9.446E-05 1.560E-02 1.538E-03 3.249E-02 1.586E-04 4.988E-02 4.978E-02 
8.000E+00 7.234E-05 1.420E-02 1.296E-03 3.571E-02 1.978E-04 5.148E-02 5.141E-02 
9.000E+00 5.719E-05 1.305E-02 1.118E-03 3.868E-02 2.353E-04 5.314E-02 5.308E-02 
1.000E+01 4.632E-05 1.209E-02 9.819E-04 4.142E-02 2.707E-04 5.482E-02 5.477E-02 
1.100E+01 3.829E-05 1.128E-02 8.746E-04 4.396E-02 3.041E-04 5.645E-02 5.642E-02 
1.200E+01 3.218E-05 1.058E-02 7.881E-04 4.635E-02 3.356E-04 5.808E-02 5.805E-02 
1.300E+01 2.743E-05 9.967E-03 7.167E-04 4.857E-02 3.653E-04 5.964E-02 5.962E-02 
1.400E+01 2.365E-05 9.429E-03 6.570E-04 5.065E-02 3.932E-04 6.115E-02 6.113E-02 
1.500E+01 2.060E-05 8.951E-03 6.063E-04 5.260E-02 4.197E-04 6.260E-02 6.258E-02 
1.600E+01 1.811E-05 8.526E-03 5.628E-04 5.444E-02 4.448E-04 6.400E-02 6.398E-02 
1.800E+01 1.431E-05 7.793E-03 4.921E-04 5.776E-02 4.912E-04 6.656E-02 6.654E-02 
2.000E+01 1.159E-05 7.186E-03 4.369E-04 6.073E-02 5.332E-04 6.889E-02 6.888E-02 
2.200E+01 9.580E-06 6.675E-03 3.927E-04 6.345E-02 5.714E-04 7.110E-02 7.109E-02 
2.400E+01 8.051E-06 6.238E-03 3.567E-04 6.594E-02 6.066E-04 7.314E-02 7.314E-02 
2.600E+01 6.861E-06 5.858E-03 3.266E-04 6.820E-02 6.388E-04 7.503E-02 7.503E-02 
2.800E+01 5.915E-06 5.526E-03 3.012E-04 7.028E-02 6.684E-04 7.678E-02 7.678E-02 
3.000E+01 5.153E-06 5.232E-03 2.795E-04 7.219E-02 6.961E-04 7.841E-02 7.840E-02 
4.000E+01 2.898E-06 4.157E-03 2.051E-04 8.001E-02 8.094E-04 8.518E-02 8.518E-02 
5.000E+01 1.855E-06 3.471E-03 1.620E-04 8.583E-02 8.944E-04 9.036E-02 9.036E-02 
6.000E+01 1.288E-06 2.991E-03 1.338E-04 9.035E-02 9.611E-04 9.444E-02 9.444E-02 
8.000E+01 7.248E-07 2.358E-03 9.924E-05 9.699E-02 1.060E-03 1.005E-01 1.005E-01 
1.000E+02 4.639E-07 1.957E-03 7.886E-05 1.017E-01 1.131E-03 1.048E-01 1.048E-01 
1.500E+02 2.061E-07 1.394E-03 5.210E-05 1.090E-01 1.248E-03 1.117E-01 1.117E-01 
2.000E+02 1.160E-07 1.093E-03 3.889E-05 1.134E-01 1.320E-03 1.158E-01 1.158E-01 
3.000E+02 5.153E-08 7.747E-04 2.582E-05 1.185E-01 1.407E-03 1.207E-01 1.207E-01 
4.000E+02 2.898E-08 6.068E-04 1.932E-05 1.214E-01 1.458E-03 1.235E-01 1.235E-01 
5.000E+02 1.855E-08 5.022E-04 1.544E-05 1.233E-01 1.493E-03 1.253E-01 1.253E-01 
6.000E+02 1.288E-08 4.300E-04 1.285E-05 1.247E-01 1.519E-03 1.266E-01 1.266E-01 
8.000E+02 7.248E-09 3.359E-04 9.627E-06 1.264E-01 1.554E-03 1.283E-01 1.283E-01 
1.000E+03 4.637E-09 2.764E-04 7.695E-06 1.276E-01 1.577E-03 1.295E-01 1.295E-01 
1.500E+03 2.061E-09 1.930E-04 5.127E-06 1.293E-01 1.611E-03 1.311E-01 1.311E-01 
2.000E+03 1.160E-09 1.493E-04 3.841E-06 1.302E-01 1.631E-03 1.320E-01 1.320E-01 
3.000E+03 5.153E-10 1.038E-04 2.561E-06 1.312E-01 1.652E-03 1.329E-01 1.329E-01 
4.000E+03 2.898E-10 8.015E-05 1.920E-06 1.318E-01 1.665E-03 1.335E-01 1.335E-01 
5.000E+03 1.855E-10 6.553E-05 1.536E-06 1.321E-01 1.673E-03 1.339E-01 1.339E-01 
6.000E+03 1.288E-10 5.557E-05 1.280E-06 1.324E-01 1.678E-03 1.341E-01 1.341E-01 
8.000E+03 7.248E-11 4.281E-05 9.596E-07 1.327E-01 1.685E-03 1.344E-01 1.344E-01 
1.000E+04 4.637E-11 3.495E-05 7.676E-07 1.329E-01 1.689E-03 1.346E-01 1.346E-01 
1.500E+04 2.061E-11 2.415E-05 5.117E-07 1.331E-01 1.696E-03 1.348E-01 1.348E-01 
2.000E+04 1.160E-11 1.857E-05 3.837E-07 1.333E-01 1.699E-03 1.350E-01 1.350E-01 
3.000E+04 5.153E-12 1.281E-05 2.559E-07 1.334E-01 1.703E-03 1.351E-01 1.351E-01 
4.000E+04 2.898E-12 9.833E-06 1.919E-07 1.335E-01 1.705E-03 1.352E-01 1.352E-01 
5.000E+04 1.855E-12 8.008E-06 1.535E-07 1.336E-01 1.706E-03 1.353E-01 1.353E-01 
6.000E+04 1.288E-12 6.770E-06 1.279E-07 1.336E-01 1.707E-03 1.353E-01 1.353E-01 
8.000E+04 7.248E-13 5.191E-06 9.594E-08 1.336E-01 1.708E-03 1.354E-01 1.354E-01 
1.000E+05 4.637E-13 4.224E-06 7.676E-08 1.337E-01 1.709E-03 1.354E-01 1.354E-01 
