1.000E-03 1.113E+01 4.616E-03 3.324E+03 0.000E+00 0.000E+00 3.335E+03 3.324E+03 
1.500E-03 1.066E+01 7.838E-03 1.478E+03 0.000E+00 0.000E+00 1.489E+03 1.478E+03 
1.662E-03 1.049E+01 8.853E-03 1.192E+03 0.000E+00 0.000E+00 1.203E+03 1.192E+03 
1.689E-03 1.046E+01 9.023E-03 2.183E+03 0.000E+00 0.000E+00 2.193E+03 2.183E+03 
1.716E-03 1.043E+01 9.194E-03 3.222E+03 0.000E+00 0.000E+00 3.233E+03 3.222E+03 
2.000E-03 1.015E+01 1.091E-02 3.586E+03 0.000E+00 0.000E+00 3.597E+03 3.587E+03 
2.108E-03 1.003E+01 1.157E-02 3.143E+03 0.000E+00 0.000E+00 3.153E+03 3.143E+03 
2.233E-03 9.895E+00 1.233E-02 3.173E+03 0.000E+00 0.000E+00 3.183E+03 3.173E+03 
2.365E-03 9.757E+00 1.313E-02 2.760E+03 0.000E+00 0.000E+00 2.769E+03 2.760E+03 
2.480E-03 9.649E+00 1.382E-02 2.628E+03 0.000E+00 0.000E+00 2.637E+03 2.628E+03 
2.601E-03 9.535E+00 1.454E-02 2.354E+03 0.000E+00 0.000E+00 2.363E+03 2.354E+03 
3.000E-03 9.123E+00 1.690E-02 1.759E+03 0.000E+00 0.000E+00 1.768E+03 1.759E+03 
4.000E-03 8.158E+00 2.257E-02 8.776E+02 0.000E+00 0.000E+00 8.857E+02 8.776E+02 
5.000E-03 7.281E+00 2.788E-02 5.041E+02 0.000E+00 0.000E+00 5.114E+02 5.041E+02 
6.000E-03 6.508E+00 3.278E-02 3.179E+02 0.000E+00 0.000E+00 3.244E+02 3.179E+02 
8.000E-03 5.243E+00 4.136E-02 1.518E+02 0.000E+00 0.000E+00 1.571E+02 1.518E+02 
9.561E-03 4.477E+00 4.707E-02 9.545E+01 0.000E+00 0.000E+00 9.997E+01 9.550E+01 
1.000E-02 4.292E+00 4.855E-02 2.258E+02 0.000E+00 0.000E+00 2.301E+02 2.258E+02 
1.074E-02 3.998E+00 5.095E-02 1.854E+02 0.000E+00 0.000E+00 1.894E+02 1.854E+02 
1.100E-02 3.903E+00 5.177E-02 2.404E+02 0.000E+00 0.000E+00 2.443E+02 2.404E+02 
1.127E-02 3.809E+00 5.260E-02 2.267E+02 0.000E+00 0.000E+00 2.306E+02 2.267E+02 
1.500E-02 2.772E+00 6.276E-02 1.261E+02 0.000E+00 0.000E+00 1.290E+02 1.262E+02 
2.000E-02 1.958E+00 7.342E-02 5.884E+01 0.000E+00 0.000E+00 6.087E+01 5.891E+01 
3.000E-02 1.157E+00 8.749E-02 1.974E+01 0.000E+00 0.000E+00 2.098E+01 1.983E+01 
4.000E-02 7.605E-01 9.521E-02 8.971E+00 0.000E+00 0.000E+00 9.827E+00 9.067E+00 
5.000E-02 5.375E-01 9.946E-02 4.842E+00 0.000E+00 0.000E+00 5.479E+00 4.941E+00 
6.000E-02 4.028E-01 1.018E-01 2.915E+00 0.000E+00 0.000E+00 3.420E+00 3.017E+00 
6.535E-02 3.516E-01 1.025E-01 2.297E+00 0.000E+00 0.000E+00 2.751E+00 2.399E+00 
8.000E-02 2.530E-01 1.033E-01 6.994E+00 0.000E+00 0.000E+00 7.350E+00 7.097E+00 
1.000E-01 1.735E-01 1.026E-01 3.877E+00 0.000E+00 0.000E+00 4.153E+00 3.979E+00 
1.500E-01 8.475E-02 9.784E-02 1.295E+00 0.000E+00 0.000E+00 1.477E+00 1.392E+00 
2.000E-01 5.047E-02 9.221E-02 5.911E-01 0.000E+00 0.000E+00 7.338E-01 6.833E-01 
3.000E-01 2.394E-02 8.239E-02 1.991E-01 0.000E+00 0.000E+00 3.055E-01 2.815E-01 
4.000E-01 1.391E-02 7.483E-02 9.464E-02 0.000E+00 0.000E+00 1.834E-01 1.695E-01 
5.000E-01 9.073E-03 6.886E-02 5.449E-02 0.000E+00 0.000E+00 1.324E-01 1.234E-01 
6.000E-01 6.380E-03 6.404E-02 3.539E-02 0.000E+00 0.000E+00 1.058E-01 9.943E-02 
8.000E-01 3.644E-03 5.655E-02 1.860E-02 0.000E+00 0.000E+00 7.879E-02 7.515E-02 
1.000E+00 2.353E-03 5.098E-02 1.168E-02 0.000E+00 0.000E+00 6.502E-02 6.266E-02 
1.022E+00 2.255E-03 5.044E-02 1.118E-02 0.000E+00 0.000E+00 6.388E-02 6.162E-02 
1.250E+00 1.516E-03 4.568E-02 7.537E-03 3.085E-04 0.000E+00 5.505E-02 5.353E-02 
1.500E+00 1.057E-03 4.157E-02 5.375E-03 1.439E-03 0.000E+00 4.944E-02 4.838E-02 
2.000E+00 5.972E-04 3.553E-02 3.257E-03 4.494E-03 0.000E+00 4.388E-02 4.328E-02 
2.044E+00 5.719E-04 3.509E-02 3.140E-03 4.771E-03 0.000E+00 4.357E-02 4.300E-02 
3.000E+00 2.663E-04 2.797E-02 1.710E-03 1.034E-02 9.778E-06 4.030E-02 4.003E-02 
4.000E+00 1.500E-04 2.335E-02 1.123E-03 1.523E-02 3.985E-05 3.989E-02 3.974E-02 
5.000E+00 9.606E-05 2.017E-02 8.256E-04 1.935E-02 7.929E-05 4.052E-02 4.042E-02 
6.000E+00 6.670E-05 1.783E-02 6.481E-04 2.289E-02 1.216E-04 4.155E-02 4.148E-02 
7.000E+00 4.902E-05 1.603E-02 5.317E-04 2.601E-02 1.636E-04 4.278E-02 4.273E-02 
8.000E+00 3.755E-05 1.459E-02 4.497E-04 2.881E-02 2.043E-04 4.409E-02 4.405E-02 
9.000E+00 2.966E-05 1.341E-02 3.894E-04 3.136E-02 2.431E-04 4.543E-02 4.540E-02 
1.000E+01 2.403E-05 1.242E-02 3.428E-04 3.371E-02 2.800E-04 4.678E-02 4.675E-02 
1.100E+01 1.986E-05 1.159E-02 3.059E-04 3.586E-02 3.148E-04 4.809E-02 4.808E-02 
1.200E+01 1.669E-05 1.087E-02 2.761E-04 3.789E-02 3.475E-04 4.940E-02 4.938E-02 
1.300E+01 1.422E-05 1.024E-02 2.516E-04 3.978E-02 3.786E-04 5.066E-02 5.065E-02 
1.400E+01 1.226E-05 9.687E-03 2.309E-04 4.153E-02 4.076E-04 5.187E-02 5.186E-02 
1.500E+01 1.068E-05 9.197E-03 2.134E-04 4.315E-02 4.356E-04 5.301E-02 5.300E-02 
1.600E+01 9.390E-06 8.759E-03 1.983E-04 4.467E-02 4.616E-04 5.410E-02 5.409E-02 
1.800E+01 7.419E-06 8.003E-03 1.737E-04 4.740E-02 5.105E-04 5.610E-02 5.609E-02 
2.000E+01 6.009E-06 7.382E-03 1.545E-04 4.987E-02 5.543E-04 5.796E-02 5.796E-02 
2.200E+01 4.966E-06 6.856E-03 1.390E-04 5.209E-02 5.948E-04 5.969E-02 5.968E-02 
2.400E+01 4.174E-06 6.407E-03 1.264E-04 5.408E-02 6.316E-04 6.125E-02 6.125E-02 
2.600E+01 3.556E-06 6.016E-03 1.159E-04 5.594E-02 6.657E-04 6.274E-02 6.274E-02 
2.800E+01 3.066E-06 5.675E-03 1.069E-04 5.763E-02 6.971E-04 6.411E-02 6.411E-02 
3.000E+01 2.670E-06 5.375E-03 9.929E-05 5.921E-02 7.264E-04 6.542E-02 6.541E-02 
4.000E+01 1.502E-06 4.271E-03 7.308E-05 6.556E-02 8.469E-04 7.075E-02 7.075E-02 
5.000E+01 9.616E-07 3.566E-03 5.780E-05 7.028E-02 9.373E-04 7.484E-02 7.484E-02 
6.000E+01 6.677E-07 3.071E-03 4.781E-05 7.396E-02 1.008E-03 7.808E-02 7.808E-02 
8.000E+01 3.755E-07 2.422E-03 3.549E-05 7.935E-02 1.115E-03 8.293E-02 8.293E-02 
1.000E+02 2.404E-07 2.011E-03 2.824E-05 8.317E-02 1.192E-03 8.640E-02 8.640E-02 
1.500E+02 1.068E-07 1.432E-03 1.868E-05 8.917E-02 1.318E-03 9.194E-02 9.194E-02 
2.000E+02 6.009E-08 1.123E-03 1.395E-05 9.275E-02 1.396E-03 9.528E-02 9.528E-02 
3.000E+02 2.670E-08 7.956E-04 9.265E-06 9.690E-02 1.491E-03 9.920E-02 9.920E-02 
4.000E+02 1.502E-08 6.232E-04 6.937E-06 9.926E-02 1.548E-03 1.014E-01 1.014E-01 
5.000E+02 9.612E-09 5.159E-04 5.543E-06 1.008E-01 1.586E-03 1.029E-01 1.029E-01 
6.000E+02 6.677E-09 4.416E-04 4.616E-06 1.019E-01 1.614E-03 1.040E-01 1.040E-01 
8.000E+02 3.755E-09 3.448E-04 3.458E-06 1.034E-01 1.653E-03 1.054E-01 1.054E-01 
1.000E+03 2.404E-09 2.838E-04 2.764E-06 1.044E-01 1.678E-03 1.063E-01 1.063E-01 
1.500E+03 1.068E-09 1.982E-04 1.841E-06 1.057E-01 1.716E-03 1.077E-01 1.077E-01 
2.000E+03 6.009E-10 1.534E-04 1.381E-06 1.065E-01 1.738E-03 1.084E-01 1.084E-01 
3.000E+03 2.670E-10 1.067E-04 9.201E-07 1.073E-01 1.762E-03 1.092E-01 1.092E-01 
4.000E+03 1.502E-10 8.232E-05 6.900E-07 1.077E-01 1.775E-03 1.096E-01 1.096E-01 
5.000E+03 9.612E-11 6.731E-05 5.520E-07 1.080E-01 1.784E-03 1.099E-01 1.099E-01 
6.000E+03 6.677E-11 5.709E-05 4.599E-07 1.082E-01 1.790E-03 1.100E-01 1.100E-01 
8.000E+03 3.755E-11 4.396E-05 3.448E-07 1.084E-01 1.798E-03 1.103E-01 1.103E-01 
1.000E+04 2.404E-11 3.590E-05 2.759E-07 1.086E-01 1.803E-03 1.104E-01 1.104E-01 
1.500E+04 1.068E-11 2.482E-05 1.839E-07 1.088E-01 1.809E-03 1.106E-01 1.106E-01 
2.000E+04 6.009E-12 1.908E-05 1.379E-07 1.089E-01 1.813E-03 1.108E-01 1.108E-01 
3.000E+04 2.670E-12 1.315E-05 9.194E-08 1.090E-01 1.817E-03 1.109E-01 1.109E-01 
4.000E+04 1.502E-12 1.010E-05 6.896E-08 1.091E-01 1.820E-03 1.109E-01 1.109E-01 
5.000E+04 9.612E-13 8.226E-06 5.516E-08 1.092E-01 1.821E-03 1.110E-01 1.110E-01 
6.000E+04 6.677E-13 6.954E-06 4.595E-08 1.092E-01 1.822E-03 1.110E-01 1.110E-01 
8.000E+04 3.755E-13 5.331E-06 3.448E-08 1.092E-01 1.823E-03 1.110E-01 1.110E-01 
1.000E+05 2.404E-13 4.339E-06 2.758E-08 1.092E-01 1.824E-03 1.111E-01 1.111E-01 
