1.000E-03  1.384E+02  2.514E+01  1.635E+02  8.354E-06  3.084E-06  0.3691
1.500E-03  1.695E+02  2.106E+01  1.905E+02  1.116E-05  4.658E-06  0.4174
2.000E-03  1.957E+02  1.829E+01  2.140E+02  1.363E-05  6.204E-06  0.4551
2.500E-03  2.188E+02  1.625E+01  2.351E+02  1.586E-05  7.703E-06  0.4856
3.000E-03  2.397E+02  1.469E+01  2.544E+02  1.790E-05  9.151E-06  0.5112
4.000E-03  2.702E+02  1.241E+01  2.826E+02  2.162E-05  1.194E-05  0.5524
5.000E-03  2.978E+02  1.081E+01  3.086E+02  2.501E-05  1.462E-05  0.5846
6.000E-03  3.227E+02  9.618E+00  3.323E+02  2.813E-05  1.718E-05  0.6107
7.000E-03  3.454E+02  8.690E+00  3.541E+02  3.104E-05  1.963E-05  0.6324
8.000E-03  3.651E+02  7.943E+00  3.730E+02  3.379E-05  2.199E-05  0.6509
9.000E-03  3.826E+02  7.328E+00  3.899E+02  3.641E-05  2.428E-05  0.6669
1.000E-02  3.987E+02  6.810E+00  4.055E+02  3.893E-05  2.651E-05  0.6810
1.250E-02  4.335E+02  5.814E+00  4.393E+02  4.484E-05  3.183E-05  0.7100
1.500E-02  4.624E+02  5.094E+00  4.675E+02  5.035E-05  3.689E-05  0.7326
1.750E-02  4.874E+02  4.547E+00  4.920E+02  5.556E-05  4.173E-05  0.7511
2.000E-02  5.099E+02  4.115E+00  5.140E+02  6.053E-05  4.639E-05  0.7664
2.250E-02  5.300E+02  3.765E+00  5.337E+02  6.530E-05  5.090E-05  0.7795
2.500E-02  5.477E+02  3.475E+00  5.512E+02  6.991E-05  5.528E-05  0.7908
2.750E-02  5.634E+02  3.229E+00  5.667E+02  7.438E-05  5.956E-05  0.8007
3.000E-02  5.776E+02  3.019E+00  5.806E+02  7.874E-05  6.374E-05  0.8095
3.500E-02  6.039E+02  2.678E+00  6.065E+02  8.716E-05  7.186E-05  0.8244
4.000E-02  6.283E+02  2.411E+00  6.307E+02  9.524E-05  7.969E-05  0.8367
4.500E-02  6.501E+02  2.196E+00  6.523E+02  1.030E-04  8.726E-05  0.8470
5.000E-02  6.686E+02  2.019E+00  6.706E+02  1.106E-04  9.464E-05  0.8558
5.500E-02  6.835E+02  1.870E+00  6.854E+02  1.180E-04  1.018E-04  0.8634
6.000E-02  6.953E+02  1.744E+00  6.971E+02  1.252E-04  1.089E-04  0.8701
6.500E-02  7.045E+02  1.634E+00  7.062E+02  1.323E-04  1.159E-04  0.8761
7.000E-02  7.114E+02  1.539E+00  7.130E+02  1.394E-04  1.229E-04  0.8815
7.500E-02  7.163E+02  1.455E+00  7.178E+02  1.463E-04  1.297E-04  0.8864
8.000E-02  7.194E+02  1.380E+00  7.208E+02  1.533E-04  1.366E-04  0.8909
8.500E-02  7.208E+02  1.313E+00  7.222E+02  1.602E-04  1.434E-04  0.8950
9.000E-02  7.209E+02  1.253E+00  7.221E+02  1.671E-04  1.502E-04  0.8989
9.500E-02  7.197E+02  1.199E+00  7.209E+02  1.741E-04  1.571E-04  0.9024
1.000E-01  7.174E+02  1.149E+00  7.186E+02  1.810E-04  1.640E-04  0.9057
1.250E-01  6.945E+02  9.548E-01  6.954E+02  2.163E-04  1.989E-04  0.9194
1.500E-01  6.611E+02  8.200E-01  6.619E+02  2.531E-04  2.354E-04  0.9299
1.750E-01  6.247E+02  7.204E-01  6.254E+02  2.920E-04  2.740E-04  0.9383
2.000E-01  5.891E+02  6.436E-01  5.898E+02  3.332E-04  3.149E-04  0.9451
2.250E-01  5.560E+02  5.825E-01  5.566E+02  3.768E-04  3.583E-04  0.9508
2.500E-01  5.260E+02  5.326E-01  5.265E+02  4.230E-04  4.042E-04  0.9556
2.750E-01  4.991E+02  4.911E-01  4.996E+02  4.718E-04  4.527E-04  0.9596
3.000E-01  4.750E+02  4.559E-01  4.754E+02  5.231E-04  5.038E-04  0.9631
3.500E-01  4.358E+02  3.995E-01  4.362E+02  6.330E-04  6.133E-04  0.9688
4.000E-01  4.044E+02  3.561E-01  4.048E+02  7.522E-04  7.319E-04  0.9731
4.500E-01  3.779E+02  3.217E-01  3.782E+02  8.800E-04  8.593E-04  0.9764
5.000E-01  3.546E+02  2.937E-01  3.549E+02  1.017E-03  9.953E-04  0.9791
5.500E-01  3.340E+02  2.704E-01  3.343E+02  1.162E-03  1.140E-03  0.9813
6.000E-01  3.159E+02  2.505E-01  3.161E+02  1.316E-03  1.293E-03  0.9831
6.500E-01  3.002E+02  2.335E-01  3.004E+02  1.478E-03  1.455E-03  0.9846
7.000E-01  2.862E+02  2.187E-01  2.864E+02  1.649E-03  1.625E-03  0.9859
7.500E-01  2.737E+02  2.058E-01  2.739E+02  1.827E-03  1.803E-03  0.9870
8.000E-01  2.624E+02  1.943E-01  2.626E+02  2.014E-03  1.989E-03  0.9879
8.500E-01  2.522E+02  1.842E-01  2.523E+02  2.208E-03  2.183E-03  0.9887
9.000E-01  2.427E+02  1.750E-01  2.429E+02  2.410E-03  2.384E-03  0.9894
9.500E-01  2.341E+02  1.668E-01  2.342E+02  2.620E-03  2.593E-03  0.9900
1.000E+00  2.261E+02  1.594E-01  2.263E+02  2.837E-03  2.810E-03  0.9906
1.250E+00  1.942E+02  1.305E-01  1.943E+02  4.033E-03  4.003E-03  0.9926
1.500E+00  1.711E+02  1.108E-01  1.712E+02  5.407E-03  5.374E-03  0.9939
1.750E+00  1.534E+02  9.640E-02  1.535E+02  6.952E-03  6.915E-03  0.9947
2.000E+00  1.394E+02  8.541E-02  1.395E+02  8.662E-03  8.621E-03  0.9953
2.250E+00  1.280E+02  7.674E-02  1.281E+02  1.053E-02  1.049E-02  0.9958
2.500E+00  1.185E+02  6.971E-02  1.186E+02  1.256E-02  1.252E-02  0.9961
2.750E+00  1.104E+02  6.390E-02  1.105E+02  1.475E-02  1.470E-02  0.9964
3.000E+00  1.035E+02  5.901E-02  1.036E+02  1.709E-02  1.703E-02  0.9966
3.500E+00  9.218E+01  5.122E-02  9.223E+01  2.221E-02  2.215E-02  0.9969
4.000E+00  8.326E+01  4.529E-02  8.330E+01  2.793E-02  2.785E-02  0.9972
4.500E+00  7.606E+01  4.063E-02  7.610E+01  3.422E-02  3.412E-02  0.9973
5.000E+00  7.010E+01  3.685E-02  7.014E+01  4.107E-02  4.096E-02  0.9975
5.500E+00  6.509E+01  3.373E-02  6.512E+01  4.847E-02  4.835E-02  0.9976
6.000E+00  6.081E+01  3.112E-02  6.084E+01  5.642E-02  5.629E-02  0.9977
6.500E+00  5.710E+01  2.888E-02  5.713E+01  6.490E-02  6.476E-02  0.9978
7.000E+00  5.386E+01  2.696E-02  5.388E+01  7.392E-02  7.376E-02  0.9978
7.500E+00  5.099E+01  2.528E-02  5.102E+01  8.346E-02  8.328E-02  0.9979
8.000E+00  4.845E+01  2.380E-02  4.847E+01  9.352E-02  9.332E-02  0.9979
8.500E+00  4.617E+01  2.249E-02  4.620E+01  1.041E-01  1.039E-01  0.9980
9.000E+00  4.411E+01  2.132E-02  4.414E+01  1.152E-01  1.149E-01  0.9980
9.500E+00  4.225E+01  2.027E-02  4.227E+01  1.267E-01  1.265E-01  0.9980
1.000E+01  4.055E+01  1.932E-02  4.057E+01  1.388E-01  1.386E-01  0.9981
1.250E+01  3.389E+01  1.567E-02  3.391E+01  2.065E-01  2.062E-01  0.9982
1.500E+01  2.925E+01  1.320E-02  2.926E+01  2.862E-01  2.857E-01  0.9983
1.750E+01  2.582E+01  1.141E-02  2.583E+01  3.773E-01  3.767E-01  0.9983
2.000E+01  2.317E+01  1.006E-02  2.318E+01  4.796E-01  4.789E-01  0.9984
2.500E+01  1.933E+01  8.149E-03  1.934E+01  7.169E-01  7.158E-01  0.9984
2.750E+01  1.790E+01  7.446E-03  1.791E+01  8.513E-01  8.500E-01  0.9985
3.000E+01  1.668E+01  6.858E-03  1.669E+01  9.961E-01  9.946E-01  0.9985
3.500E+01  1.473E+01  5.926E-03  1.474E+01  1.316E+00  1.314E+00  0.9985
4.000E+01  1.323E+01  5.221E-03  1.324E+01  1.674E+00  1.672E+00  0.9986
4.500E+01  1.204E+01  4.669E-03  1.205E+01  2.071E+00  2.068E+00  0.9986
5.000E+01  1.107E+01  4.225E-03  1.108E+01  2.504E+00  2.500E+00  0.9986
5.500E+01  1.027E+01  3.859E-03  1.027E+01  2.973E+00  2.969E+00  0.9986
6.000E+01  9.591E+00  3.553E-03  9.595E+00  3.477E+00  3.472E+00  0.9986
6.500E+01  9.010E+00  3.293E-03  9.013E+00  4.015E+00  4.010E+00  0.9987
7.000E+01  8.506E+00  3.069E-03  8.509E+00  4.586E+00  4.580E+00  0.9987
7.500E+01  8.065E+00  2.874E-03  8.068E+00  5.190E+00  5.183E+00  0.9987
8.000E+01  7.675E+00  2.703E-03  7.678E+00  5.825E+00  5.818E+00  0.9987
8.500E+01  7.329E+00  2.551E-03  7.331E+00  6.492E+00  6.484E+00  0.9987
9.000E+01  7.019E+00  2.416E-03  7.021E+00  7.189E+00  7.180E+00  0.9987
9.500E+01  6.739E+00  2.295E-03  6.742E+00  7.916E+00  7.906E+00  0.9987
1.000E+02  6.486E+00  2.186E-03  6.488E+00  8.672E+00  8.662E+00  0.9988
1.250E+02  5.509E+00  1.768E-03  5.511E+00  1.287E+01  1.286E+01  0.9988
1.500E+02  4.844E+00  1.486E-03  4.845E+00  1.773E+01  1.770E+01  0.9988
1.750E+02  4.360E+00  1.283E-03  4.362E+00  2.318E+01  2.315E+01  0.9989
2.000E+02  3.994E+00  1.130E-03  3.995E+00  2.917E+01  2.914E+01  0.9989
2.250E+02  3.706E+00  1.010E-03  3.707E+00  3.568E+01  3.564E+01  0.9989
2.500E+02  3.475E+00  9.141E-04  3.475E+00  4.265E+01  4.260E+01  0.9989
2.750E+02  3.284E+00  8.349E-04  3.285E+00  5.005E+01  5.000E+01  0.9990
3.000E+02  3.125E+00  7.686E-04  3.126E+00  5.786E+01  5.780E+01  0.9990
3.500E+02  2.875E+00  6.638E-04  2.875E+00  7.457E+01  7.449E+01  0.9990
4.000E+02  2.687E+00  5.847E-04  2.688E+00  9.258E+01  9.249E+01  0.9990
4.500E+02  2.542E+00  5.228E-04  2.542E+00  1.117E+02  1.116E+02  0.9991
5.000E+02  2.426E+00  4.730E-04  2.427E+00  1.319E+02  1.318E+02  0.9991
5.500E+02  2.333E+00  4.321E-04  2.333E+00  1.529E+02  1.528E+02  0.9991
6.000E+02  2.256E+00  3.979E-04  2.256E+00  1.747E+02  1.746E+02  0.9991
6.500E+02  2.191E+00  3.688E-04  2.192E+00  1.972E+02  1.970E+02  0.9992
7.000E+02  2.137E+00  3.438E-04  2.137E+00  2.203E+02  2.201E+02  0.9992
7.500E+02  2.091E+00  3.220E-04  2.091E+00  2.440E+02  2.438E+02  0.9992
8.000E+02  2.051E+00  3.029E-04  2.051E+00  2.681E+02  2.679E+02  0.9992
8.500E+02  2.016E+00  2.860E-04  2.016E+00  2.927E+02  2.925E+02  0.9992
9.000E+02  1.986E+00  2.710E-04  1.986E+00  3.177E+02  3.175E+02  0.9992
9.500E+02  1.960E+00  2.575E-04  1.960E+00  3.430E+02  3.428E+02  0.9993
1.000E+03  1.937E+00  2.453E-04  1.937E+00  3.687E+02  3.684E+02  0.9993
1.500E+03  1.807E+00  1.672E-04  1.808E+00  6.375E+02  6.372E+02  0.9994
2.000E+03  1.763E+00  1.275E-04  1.763E+00  9.183E+02  9.178E+02  0.9995
2.500E+03  1.748E+00  1.034E-04  1.748E+00  1.203E+03  1.203E+03  0.9995
3.000E+03  1.746E+00  8.710E-05  1.746E+00  1.490E+03  1.489E+03  0.9995
4.000E+03  1.759E+00  6.650E-05  1.759E+00  2.061E+03  2.060E+03  0.9996
5.000E+03  1.778E+00  5.395E-05  1.778E+00  2.626E+03  2.625E+03  0.9997
6.000E+03  1.799E+00  4.548E-05  1.799E+00  3.185E+03  3.184E+03  0.9997
7.000E+03  1.819E+00  3.937E-05  1.819E+00  3.738E+03  3.737E+03  0.9997
8.000E+03  1.837E+00  3.474E-05  1.837E+00  4.285E+03  4.284E+03  0.9997
9.000E+03  1.855E+00  3.112E-05  1.855E+00  4.827E+03  4.826E+03  0.9998
1.000E+04  1.871E+00  2.820E-05  1.871E+00  5.363E+03  5.362E+03  0.9998
