1.000E-03  9.946E+01  2.006E+01  1.195E+02  1.158E-05  3.456E-06  0.2985
1.500E-03  1.218E+02  1.721E+01  1.390E+02  1.542E-05  5.267E-06  0.3416
2.000E-03  1.407E+02  1.519E+01  1.558E+02  1.881E-05  7.083E-06  0.3765
2.500E-03  1.573E+02  1.366E+01  1.709E+02  2.187E-05  8.871E-06  0.4056
3.000E-03  1.723E+02  1.246E+01  1.847E+02  2.468E-05  1.063E-05  0.4304
4.000E-03  1.989E+02  1.067E+01  2.096E+02  2.976E-05  1.402E-05  0.4712
5.000E-03  2.224E+02  9.393E+00  2.318E+02  3.429E-05  1.727E-05  0.5038
6.000E-03  2.436E+02  8.423E+00  2.520E+02  3.842E-05  2.039E-05  0.5306
7.000E-03  2.631E+02  7.657E+00  2.708E+02  4.225E-05  2.337E-05  0.5533
8.000E-03  2.813E+02  7.035E+00  2.883E+02  4.582E-05  2.625E-05  0.5728
9.000E-03  2.984E+02  6.517E+00  3.049E+02  4.919E-05  2.902E-05  0.5899
1.000E-02  3.145E+02  6.079E+00  3.206E+02  5.239E-05  3.169E-05  0.6050
1.250E-02  3.466E+02  5.228E+00  3.518E+02  5.982E-05  3.807E-05  0.6364
1.500E-02  3.747E+02  4.606E+00  3.793E+02  6.666E-05  4.410E-05  0.6616
1.750E-02  3.998E+02  4.128E+00  4.039E+02  7.304E-05  4.983E-05  0.6823
2.000E-02  4.224E+02  3.750E+00  4.262E+02  7.906E-05  5.532E-05  0.6997
2.250E-02  4.430E+02  3.440E+00  4.465E+02  8.479E-05  6.059E-05  0.7146
2.500E-02  4.619E+02  3.183E+00  4.650E+02  9.027E-05  6.569E-05  0.7277
2.750E-02  4.791E+02  2.965E+00  4.821E+02  9.555E-05  7.063E-05  0.7392
3.000E-02  4.950E+02  2.777E+00  4.978E+02  1.007E-04  7.543E-05  0.7494
3.500E-02  5.231E+02  2.470E+00  5.255E+02  1.104E-04  8.469E-05  0.7670
4.000E-02  5.470E+02  2.230E+00  5.492E+02  1.197E-04  9.357E-05  0.7816
4.500E-02  5.672E+02  2.036E+00  5.693E+02  1.287E-04  1.022E-04  0.7940
5.000E-02  5.844E+02  1.875E+00  5.862E+02  1.373E-04  1.105E-04  0.8048
5.500E-02  5.987E+02  1.740E+00  6.004E+02  1.457E-04  1.187E-04  0.8142
6.000E-02  6.106E+02  1.624E+00  6.122E+02  1.540E-04  1.267E-04  0.8226
6.500E-02  6.202E+02  1.524E+00  6.218E+02  1.621E-04  1.346E-04  0.8302
7.000E-02  6.280E+02  1.437E+00  6.294E+02  1.701E-04  1.424E-04  0.8370
7.500E-02  6.339E+02  1.360E+00  6.353E+02  1.780E-04  1.501E-04  0.8432
8.000E-02  6.383E+02  1.291E+00  6.396E+02  1.858E-04  1.578E-04  0.8490
8.500E-02  6.413E+02  1.229E+00  6.425E+02  1.936E-04  1.654E-04  0.8543
9.000E-02  6.430E+02  1.174E+00  6.442E+02  2.014E-04  1.730E-04  0.8592
9.500E-02  6.436E+02  1.124E+00  6.448E+02  2.091E-04  1.806E-04  0.8637
1.000E-01  6.433E+02  1.078E+00  6.444E+02  2.169E-04  1.883E-04  0.8680
1.250E-01  6.305E+02  8.982E-01  6.314E+02  2.560E-04  2.268E-04  0.8859
1.500E-01  6.067E+02  7.729E-01  6.074E+02  2.963E-04  2.667E-04  0.8998
1.750E-01  5.783E+02  6.802E-01  5.790E+02  3.385E-04  3.084E-04  0.9110
2.000E-01  5.491E+02  6.085E-01  5.497E+02  3.828E-04  3.523E-04  0.9203
2.250E-01  5.209E+02  5.514E-01  5.214E+02  4.295E-04  3.986E-04  0.9281
2.500E-01  4.946E+02  5.046E-01  4.951E+02  4.787E-04  4.474E-04  0.9347
2.750E-01  4.709E+02  4.657E-01  4.714E+02  5.305E-04  4.988E-04  0.9404
3.000E-01  4.497E+02  4.326E-01  4.501E+02  5.848E-04  5.528E-04  0.9453
3.500E-01  4.132E+02  3.796E-01  4.136E+02  7.008E-04  6.681E-04  0.9533
4.000E-01  3.831E+02  3.388E-01  3.834E+02  8.265E-04  7.931E-04  0.9596
4.500E-01  3.578E+02  3.063E-01  3.581E+02  9.615E-04  9.274E-04  0.9645
5.000E-01  3.363E+02  2.799E-01  3.365E+02  1.106E-03  1.071E-03  0.9685
5.500E-01  3.176E+02  2.579E-01  3.178E+02  1.259E-03  1.223E-03  0.9718
6.000E-01  3.011E+02  2.392E-01  3.013E+02  1.420E-03  1.384E-03  0.9745
6.500E-01  2.863E+02  2.233E-01  2.866E+02  1.590E-03  1.553E-03  0.9767
7.000E-01  2.732E+02  2.094E-01  2.734E+02  1.769E-03  1.731E-03  0.9787
7.500E-01  2.613E+02  1.973E-01  2.615E+02  1.956E-03  1.918E-03  0.9803
8.000E-01  2.505E+02  1.864E-01  2.507E+02  2.152E-03  2.112E-03  0.9817
8.500E-01  2.408E+02  1.768E-01  2.410E+02  2.355E-03  2.315E-03  0.9830
9.000E-01  2.319E+02  1.681E-01  2.321E+02  2.566E-03  2.526E-03  0.9841
9.500E-01  2.237E+02  1.603E-01  2.238E+02  2.786E-03  2.744E-03  0.9850
1.000E+00  2.161E+02  1.532E-01  2.163E+02  3.013E-03  2.971E-03  0.9859
1.250E+00  1.857E+02  1.258E-01  1.858E+02  4.265E-03  4.218E-03  0.9890
1.500E+00  1.637E+02  1.070E-01  1.638E+02  5.701E-03  5.650E-03  0.9909
1.750E+00  1.467E+02  9.324E-02  1.468E+02  7.316E-03  7.260E-03  0.9922
2.000E+00  1.334E+02  8.273E-02  1.335E+02  9.104E-03  9.042E-03  0.9932
2.250E+00  1.225E+02  7.443E-02  1.226E+02  1.106E-02  1.099E-02  0.9939
2.500E+00  1.135E+02  6.769E-02  1.136E+02  1.318E-02  1.311E-02  0.9944
2.750E+00  1.059E+02  6.211E-02  1.059E+02  1.546E-02  1.538E-02  0.9948
3.000E+00  9.929E+01  5.740E-02  9.934E+01  1.790E-02  1.781E-02  0.9951
3.500E+00  8.852E+01  4.991E-02  8.857E+01  2.324E-02  2.314E-02  0.9956
4.000E+00  8.006E+01  4.419E-02  8.011E+01  2.919E-02  2.907E-02  0.9960
4.500E+00  7.322E+01  3.969E-02  7.326E+01  3.572E-02  3.559E-02  0.9963
5.000E+00  6.757E+01  3.604E-02  6.760E+01  4.283E-02  4.268E-02  0.9965
5.500E+00  6.280E+01  3.302E-02  6.284E+01  5.051E-02  5.034E-02  0.9966
6.000E+00  5.872E+01  3.048E-02  5.875E+01  5.874E-02  5.855E-02  0.9968
6.500E+00  5.518E+01  2.831E-02  5.521E+01  6.753E-02  6.732E-02  0.9969
7.000E+00  5.208E+01  2.644E-02  5.211E+01  7.685E-02  7.662E-02  0.9970
7.500E+00  4.934E+01  2.481E-02  4.936E+01  8.672E-02  8.646E-02  0.9971
8.000E+00  4.690E+01  2.337E-02  4.693E+01  9.711E-02  9.683E-02  0.9971
8.500E+00  4.472E+01  2.209E-02  4.474E+01  1.080E-01  1.077E-01  0.9972
9.000E+00  4.274E+01  2.095E-02  4.276E+01  1.195E-01  1.191E-01  0.9973
9.500E+00  4.095E+01  1.993E-02  4.097E+01  1.314E-01  1.311E-01  0.9973
1.000E+01  3.932E+01  1.900E-02  3.934E+01  1.439E-01  1.435E-01  0.9973
1.250E+01  3.292E+01  1.543E-02  3.293E+01  2.136E-01  2.131E-01  0.9975
1.500E+01  2.845E+01  1.301E-02  2.846E+01  2.955E-01  2.948E-01  0.9976
1.750E+01  2.513E+01  1.126E-02  2.515E+01  3.892E-01  3.883E-01  0.9977
2.000E+01  2.257E+01  9.938E-03  2.258E+01  4.943E-01  4.932E-01  0.9978
2.500E+01  1.886E+01  8.056E-03  1.887E+01  7.376E-01  7.361E-01  0.9979
2.750E+01  1.747E+01  7.364E-03  1.748E+01  8.754E-01  8.736E-01  0.9979
3.000E+01  1.629E+01  6.784E-03  1.629E+01  1.024E+00  1.022E+00  0.9979
3.500E+01  1.439E+01  5.865E-03  1.440E+01  1.351E+00  1.348E+00  0.9980
4.000E+01  1.294E+01  5.170E-03  1.294E+01  1.718E+00  1.714E+00  0.9980
4.500E+01  1.178E+01  4.625E-03  1.178E+01  2.123E+00  2.119E+00  0.9981
5.000E+01  1.084E+01  4.186E-03  1.084E+01  2.566E+00  2.561E+00  0.9981
5.500E+01  1.005E+01  3.824E-03  1.006E+01  3.045E+00  3.039E+00  0.9981
6.000E+01  9.393E+00  3.522E-03  9.396E+00  3.560E+00  3.553E+00  0.9982
6.500E+01  8.826E+00  3.264E-03  8.829E+00  4.109E+00  4.102E+00  0.9982
7.000E+01  8.335E+00  3.043E-03  8.338E+00  4.692E+00  4.684E+00  0.9982
7.500E+01  7.905E+00  2.850E-03  7.908E+00  5.308E+00  5.299E+00  0.9982
8.000E+01  7.525E+00  2.681E-03  7.528E+00  5.957E+00  5.946E+00  0.9983
8.500E+01  7.187E+00  2.531E-03  7.190E+00  6.636E+00  6.625E+00  0.9983
9.000E+01  6.884E+00  2.397E-03  6.887E+00  7.347E+00  7.335E+00  0.9983
9.500E+01  6.612E+00  2.277E-03  6.614E+00  8.088E+00  8.075E+00  0.9983
1.000E+02  6.365E+00  2.169E-03  6.367E+00  8.859E+00  8.844E+00  0.9983
1.250E+02  5.411E+00  1.754E-03  5.413E+00  1.314E+01  1.312E+01  0.9984
1.500E+02  4.761E+00  1.475E-03  4.763E+00  1.808E+01  1.805E+01  0.9984
1.750E+02  4.289E+00  1.274E-03  4.291E+00  2.362E+01  2.358E+01  0.9985
2.000E+02  3.932E+00  1.122E-03  3.933E+00  2.971E+01  2.967E+01  0.9985
2.250E+02  3.651E+00  1.003E-03  3.652E+00  3.632E+01  3.626E+01  0.9985
2.500E+02  3.425E+00  9.078E-04  3.426E+00  4.339E+01  4.333E+01  0.9986
2.750E+02  3.240E+00  8.292E-04  3.241E+00  5.090E+01  5.083E+01  0.9986
3.000E+02  3.085E+00  7.634E-04  3.086E+00  5.881E+01  5.873E+01  0.9986
3.500E+02  2.841E+00  6.594E-04  2.842E+00  7.573E+01  7.563E+01  0.9987
4.000E+02  2.659E+00  5.808E-04  2.660E+00  9.394E+01  9.382E+01  0.9987
4.500E+02  2.519E+00  5.194E-04  2.519E+00  1.133E+02  1.131E+02  0.9988
5.000E+02  2.407E+00  4.700E-04  2.408E+00  1.336E+02  1.334E+02  0.9988
5.500E+02  2.317E+00  4.294E-04  2.318E+00  1.548E+02  1.546E+02  0.9988
6.000E+02  2.244E+00  3.954E-04  2.244E+00  1.767E+02  1.765E+02  0.9988
6.500E+02  2.182E+00  3.665E-04  2.183E+00  1.993E+02  1.991E+02  0.9989
7.000E+02  2.131E+00  3.416E-04  2.131E+00  2.225E+02  2.222E+02  0.9989
7.500E+02  2.087E+00  3.200E-04  2.088E+00  2.462E+02  2.459E+02  0.9989
8.000E+02  2.050E+00  3.011E-04  2.050E+00  2.704E+02  2.701E+02  0.9989
8.500E+02  2.018E+00  2.843E-04  2.018E+00  2.950E+02  2.947E+02  0.9990
9.000E+02  1.990E+00  2.693E-04  1.990E+00  3.199E+02  3.196E+02  0.9990
9.500E+02  1.966E+00  2.559E-04  1.966E+00  3.452E+02  3.448E+02  0.9990
1.000E+03  1.945E+00  2.438E-04  1.945E+00  3.708E+02  3.704E+02  0.9990
1.500E+03  1.834E+00  1.663E-04  1.835E+00  6.370E+02  6.365E+02  0.9992
2.000E+03  1.805E+00  1.268E-04  1.805E+00  9.123E+02  9.116E+02  0.9993
2.500E+03  1.804E+00  1.028E-04  1.804E+00  1.190E+03  1.189E+03  0.9993
3.000E+03  1.815E+00  8.662E-05  1.815E+00  1.466E+03  1.465E+03  0.9994
4.000E+03  1.848E+00  6.614E-05  1.848E+00  2.012E+03  2.011E+03  0.9995
5.000E+03  1.885E+00  5.366E-05  1.885E+00  2.548E+03  2.547E+03  0.9995
6.000E+03  1.921E+00  4.524E-05  1.921E+00  3.074E+03  3.072E+03  0.9996
7.000E+03  1.954E+00  3.917E-05  1.954E+00  3.590E+03  3.588E+03  0.9996
8.000E+03  1.985E+00  3.457E-05  1.985E+00  4.097E+03  4.096E+03  0.9996
9.000E+03  2.013E+00  3.096E-05  2.014E+00  4.598E+03  4.596E+03  0.9997
1.000E+04  2.040E+00  2.806E-05  2.040E+00  5.091E+03  5.089E+03  0.9997
