1.000E-03  4.592E+01  2.984E+00  4.890E+01  3.486E-05  5.921E-06  0.1699
1.500E-03  5.624E+01  2.910E+00  5.915E+01  4.404E-05  8.525E-06  0.1936
2.000E-03  6.494E+01  2.820E+00  6.776E+01  5.193E-05  1.109E-05  0.2136
2.500E-03  7.260E+01  2.728E+00  7.533E+01  5.892E-05  1.362E-05  0.2311
3.000E-03  7.953E+01  2.639E+00  8.217E+01  6.527E-05  1.611E-05  0.2468
4.000E-03  9.184E+01  2.477E+00  9.431E+01  7.660E-05  2.100E-05  0.2741
5.000E-03  1.027E+02  2.335E+00  1.050E+02  8.663E-05  2.577E-05  0.2975
6.000E-03  1.125E+02  2.210E+00  1.147E+02  9.573E-05  3.045E-05  0.3181
7.000E-03  1.215E+02  2.101E+00  1.236E+02  1.041E-04  3.503E-05  0.3364
8.000E-03  1.299E+02  2.004E+00  1.319E+02  1.120E-04  3.951E-05  0.3529
9.000E-03  1.378E+02  1.918E+00  1.397E+02  1.193E-04  4.391E-05  0.3680
1.000E-02  1.452E+02  1.840E+00  1.470E+02  1.263E-04  4.823E-05  0.3819
1.250E-02  1.601E+02  1.675E+00  1.618E+02  1.425E-04  5.875E-05  0.4124
1.500E-02  1.732E+02  1.543E+00  1.748E+02  1.573E-04  6.896E-05  0.4383
1.750E-02  1.849E+02  1.433E+00  1.864E+02  1.712E-04  7.889E-05  0.4609
2.000E-02  1.955E+02  1.341E+00  1.968E+02  1.842E-04  8.856E-05  0.4807
2.250E-02  2.051E+02  1.261E+00  2.063E+02  1.966E-04  9.800E-05  0.4984
2.500E-02  2.138E+02  1.192E+00  2.150E+02  2.085E-04  1.072E-04  0.5144
2.750E-02  2.218E+02  1.132E+00  2.229E+02  2.199E-04  1.163E-04  0.5289
3.000E-02  2.291E+02  1.078E+00  2.302E+02  2.309E-04  1.252E-04  0.5421
3.500E-02  2.420E+02  9.863E-01  2.430E+02  2.520E-04  1.426E-04  0.5656
4.000E-02  2.527E+02  9.111E-01  2.536E+02  2.722E-04  1.595E-04  0.5859
4.500E-02  2.616E+02  8.480E-01  2.625E+02  2.915E-04  1.760E-04  0.6038
5.000E-02  2.688E+02  7.941E-01  2.696E+02  3.103E-04  1.923E-04  0.6197
5.500E-02  2.746E+02  7.476E-01  2.753E+02  3.287E-04  2.084E-04  0.6341
6.000E-02  2.790E+02  7.069E-01  2.797E+02  3.467E-04  2.244E-04  0.6472
6.500E-02  2.823E+02  6.709E-01  2.829E+02  3.644E-04  2.402E-04  0.6592
7.000E-02  2.845E+02  6.388E-01  2.851E+02  3.820E-04  2.561E-04  0.6703
7.500E-02  2.858E+02  6.101E-01  2.864E+02  3.995E-04  2.719E-04  0.6805
8.000E-02  2.862E+02  5.841E-01  2.868E+02  4.170E-04  2.878E-04  0.6901
8.500E-02  2.860E+02  5.605E-01  2.865E+02  4.344E-04  3.037E-04  0.6991
9.000E-02  2.851E+02  5.389E-01  2.857E+02  4.519E-04  3.198E-04  0.7076
9.500E-02  2.838E+02  5.192E-01  2.843E+02  4.694E-04  3.359E-04  0.7156
1.000E-01  2.819E+02  5.010E-01  2.824E+02  4.871E-04  3.522E-04  0.7232
1.250E-01  2.686E+02  4.278E-01  2.690E+02  5.776E-04  4.367E-04  0.7560
1.500E-01  2.522E+02  3.749E-01  2.526E+02  6.735E-04  5.269E-04  0.7824
1.750E-01  2.362E+02  3.347E-01  2.365E+02  7.758E-04  6.239E-04  0.8042
2.000E-01  2.217E+02  3.030E-01  2.220E+02  8.850E-04  7.279E-04  0.8225
2.250E-01  2.090E+02  2.773E-01  2.093E+02  1.001E-03  8.388E-04  0.8379
2.500E-01  1.982E+02  2.559E-01  1.984E+02  1.124E-03  9.564E-04  0.8510
2.750E-01  1.889E+02  2.379E-01  1.891E+02  1.253E-03  1.080E-03  0.8623
3.000E-01  1.809E+02  2.224E-01  1.812E+02  1.388E-03  1.210E-03  0.8720
3.500E-01  1.681E+02  1.973E-01  1.683E+02  1.675E-03  1.487E-03  0.8877
4.000E-01  1.581E+02  1.776E-01  1.583E+02  1.981E-03  1.783E-03  0.8998
4.500E-01  1.502E+02  1.618E-01  1.504E+02  2.306E-03  2.097E-03  0.9094
5.000E-01  1.437E+02  1.488E-01  1.438E+02  2.646E-03  2.427E-03  0.9171
5.500E-01  1.381E+02  1.378E-01  1.382E+02  3.001E-03  2.771E-03  0.9234
6.000E-01  1.332E+02  1.285E-01  1.333E+02  3.369E-03  3.129E-03  0.9287
6.500E-01  1.288E+02  1.205E-01  1.289E+02  3.751E-03  3.500E-03  0.9331
7.000E-01  1.248E+02  1.134E-01  1.250E+02  4.145E-03  3.883E-03  0.9370
7.500E-01  1.212E+02  1.072E-01  1.213E+02  4.551E-03  4.279E-03  0.9403
8.000E-01  1.178E+02  1.017E-01  1.179E+02  4.969E-03  4.687E-03  0.9432
8.500E-01  1.146E+02  9.682E-02  1.147E+02  5.399E-03  5.106E-03  0.9458
9.000E-01  1.116E+02  9.238E-02  1.117E+02  5.841E-03  5.537E-03  0.9480
9.500E-01  1.088E+02  8.836E-02  1.089E+02  6.294E-03  5.980E-03  0.9501
1.000E+00  1.061E+02  8.470E-02  1.062E+02  6.759E-03  6.435E-03  0.9520
1.250E+00  9.463E+01  7.041E-02  9.470E+01  9.256E-03  8.877E-03  0.9591
1.500E+00  8.543E+01  6.047E-02  8.549E+01  1.204E-02  1.160E-02  0.9639
1.750E+00  7.791E+01  5.313E-02  7.797E+01  1.510E-02  1.461E-02  0.9674
2.000E+00  7.184E+01  4.747E-02  7.188E+01  1.845E-02  1.789E-02  0.9700
2.250E+00  6.689E+01  4.296E-02  6.693E+01  2.206E-02  2.144E-02  0.9721
2.500E+00  6.269E+01  3.929E-02  6.273E+01  2.592E-02  2.524E-02  0.9737
2.750E+00  5.913E+01  3.622E-02  5.917E+01  3.002E-02  2.927E-02  0.9751
3.000E+00  5.601E+01  3.363E-02  5.604E+01  3.437E-02  3.355E-02  0.9762
3.500E+00  5.073E+01  2.947E-02  5.076E+01  4.375E-02  4.279E-02  0.9780
4.000E+00  4.648E+01  2.626E-02  4.650E+01  5.406E-02  5.295E-02  0.9794
4.500E+00  4.301E+01  2.372E-02  4.304E+01  6.524E-02  6.397E-02  0.9805
5.000E+00  4.007E+01  2.165E-02  4.010E+01  7.729E-02  7.585E-02  0.9814
5.500E+00  3.758E+01  1.992E-02  3.760E+01  9.018E-02  8.856E-02  0.9821
6.000E+00  3.541E+01  1.847E-02  3.543E+01  1.039E-01  1.021E-01  0.9827
6.500E+00  3.351E+01  1.722E-02  3.353E+01  1.184E-01  1.164E-01  0.9833
7.000E+00  3.184E+01  1.614E-02  3.185E+01  1.337E-01  1.315E-01  0.9837
7.500E+00  3.034E+01  1.520E-02  3.036E+01  1.498E-01  1.474E-01  0.9841
8.000E+00  2.900E+01  1.436E-02  2.901E+01  1.666E-01  1.640E-01  0.9845
8.500E+00  2.778E+01  1.361E-02  2.780E+01  1.842E-01  1.814E-01  0.9848
9.000E+00  2.668E+01  1.295E-02  2.669E+01  2.026E-01  1.996E-01  0.9851
9.500E+00  2.567E+01  1.234E-02  2.569E+01  2.217E-01  2.185E-01  0.9853
1.000E+01  2.475E+01  1.180E-02  2.476E+01  2.415E-01  2.381E-01  0.9856
1.250E+01  2.106E+01  9.686E-03  2.107E+01  3.514E-01  3.467E-01  0.9865
1.500E+01  1.843E+01  8.238E-03  1.844E+01  4.786E-01  4.724E-01  0.9872
1.750E+01  1.645E+01  7.181E-03  1.645E+01  6.224E-01  6.147E-01  0.9877
2.000E+01  1.489E+01  6.373E-03  1.489E+01  7.823E-01  7.730E-01  0.9881
2.500E+01  1.260E+01  5.216E-03  1.260E+01  1.149E+00  1.136E+00  0.9887
2.750E+01  1.172E+01  4.787E-03  1.173E+01  1.355E+00  1.340E+00  0.9889
3.000E+01  1.098E+01  4.426E-03  1.099E+01  1.575E+00  1.558E+00  0.9891
3.500E+01  9.776E+00  3.850E-03  9.780E+00  2.058E+00  2.037E+00  0.9894
4.000E+01  8.840E+00  3.411E-03  8.843E+00  2.597E+00  2.570E+00  0.9897
4.500E+01  8.090E+00  3.064E-03  8.093E+00  3.189E+00  3.157E+00  0.9900
5.000E+01  7.475E+00  2.784E-03  7.478E+00  3.832E+00  3.794E+00  0.9902
5.500E+01  6.961E+00  2.552E-03  6.964E+00  4.525E+00  4.482E+00  0.9903
6.000E+01  6.525E+00  2.357E-03  6.527E+00  5.267E+00  5.217E+00  0.9905
6.500E+01  6.149E+00  2.190E-03  6.151E+00  6.057E+00  6.000E+00  0.9906
7.000E+01  5.822E+00  2.046E-03  5.824E+00  6.893E+00  6.829E+00  0.9907
7.500E+01  5.535E+00  1.920E-03  5.536E+00  7.774E+00  7.703E+00  0.9908
8.000E+01  5.280E+00  1.810E-03  5.282E+00  8.699E+00  8.620E+00  0.9910
8.500E+01  5.053E+00  1.711E-03  5.055E+00  9.667E+00  9.580E+00  0.9911
9.000E+01  4.849E+00  1.623E-03  4.851E+00  1.068E+01  1.058E+01  0.9911
9.500E+01  4.665E+00  1.544E-03  4.666E+00  1.173E+01  1.163E+01  0.9912
1.000E+02  4.497E+00  1.473E-03  4.499E+00  1.282E+01  1.271E+01  0.9913
1.250E+02  3.848E+00  1.198E-03  3.849E+00  1.885E+01  1.870E+01  0.9917
1.500E+02  3.402E+00  1.011E-03  3.403E+00  2.578E+01  2.557E+01  0.9919
1.750E+02  3.077E+00  8.760E-04  3.078E+00  3.352E+01  3.326E+01  0.9922
2.000E+02  2.829E+00  7.734E-04  2.830E+00  4.201E+01  4.168E+01  0.9924
2.250E+02  2.634E+00  6.928E-04  2.635E+00  5.117E+01  5.079E+01  0.9926
2.500E+02  2.477E+00  6.278E-04  2.477E+00  6.097E+01  6.052E+01  0.9927
2.750E+02  2.347E+00  5.742E-04  2.348E+00  7.134E+01  7.083E+01  0.9929
3.000E+02  2.239E+00  5.293E-04  2.239E+00  8.225E+01  8.168E+01  0.9930
3.500E+02  2.068E+00  4.580E-04  2.069E+00  1.055E+02  1.048E+02  0.9933
4.000E+02  1.941E+00  4.041E-04  1.941E+00  1.305E+02  1.297E+02  0.9935
4.500E+02  1.842E+00  3.618E-04  1.843E+00  1.570E+02  1.560E+02  0.9937
5.000E+02  1.764E+00  3.277E-04  1.765E+00  1.847E+02  1.836E+02  0.9939
5.500E+02  1.701E+00  2.996E-04  1.702E+00  2.136E+02  2.123E+02  0.9940
6.000E+02  1.650E+00  2.761E-04  1.650E+00  2.434E+02  2.420E+02  0.9942
6.500E+02  1.607E+00  2.561E-04  1.607E+00  2.742E+02  2.726E+02  0.9943
7.000E+02  1.571E+00  2.388E-04  1.572E+00  3.056E+02  3.039E+02  0.9945
7.500E+02  1.541E+00  2.238E-04  1.541E+00  3.378E+02  3.359E+02  0.9946
8.000E+02  1.515E+00  2.107E-04  1.516E+00  3.705E+02  3.685E+02  0.9947
8.500E+02  1.493E+00  1.990E-04  1.493E+00  4.037E+02  4.016E+02  0.9948
9.000E+02  1.474E+00  1.886E-04  1.474E+00  4.374E+02  4.352E+02  0.9949
9.500E+02  1.458E+00  1.793E-04  1.458E+00  4.715E+02  4.692E+02  0.9950
1.000E+03  1.444E+00  1.708E-04  1.444E+00  5.060E+02  5.035E+02  0.9951
1.500E+03  1.372E+00  1.167E-04  1.372E+00  8.632E+02  8.596E+02  0.9958
2.000E+03  1.357E+00  8.915E-05  1.357E+00  1.230E+03  1.226E+03  0.9963
2.500E+03  1.362E+00  7.234E-05  1.362E+00  1.598E+03  1.593E+03  0.9967
3.000E+03  1.375E+00  6.100E-05  1.375E+00  1.964E+03  1.958E+03  0.9970
4.000E+03  1.407E+00  4.662E-05  1.407E+00  2.683E+03  2.676E+03  0.9974
5.000E+03  1.441E+00  3.786E-05  1.441E+00  3.385E+03  3.377E+03  0.9977
6.000E+03  1.473E+00  3.194E-05  1.473E+00  4.071E+03  4.063E+03  0.9979
7.000E+03  1.502E+00  2.766E-05  1.503E+00  4.744E+03  4.734E+03  0.9981
8.000E+03  1.530E+00  2.442E-05  1.530E+00  5.403E+03  5.393E+03  0.9982
9.000E+03  1.554E+00  2.188E-05  1.555E+00  6.051E+03  6.041E+03  0.9984
1.000E+04  1.577E+00  1.983E-05  1.577E+00  6.690E+03  6.680E+03  0.9985
