1.000E-03  4.591E+01  3.642E+00  4.955E+01  3.390E-05  5.626E-06  0.1660
1.500E-03  5.623E+01  3.522E+00  5.975E+01  4.298E-05  8.165E-06  0.1900
2.000E-03  6.493E+01  3.390E+00  6.831E+01  5.080E-05  1.069E-05  0.2104
2.500E-03  7.259E+01  3.261E+00  7.585E+01  5.773E-05  1.317E-05  0.2282
3.000E-03  7.952E+01  3.140E+00  8.266E+01  6.404E-05  1.564E-05  0.2442
4.000E-03  9.182E+01  2.924E+00  9.474E+01  7.531E-05  2.050E-05  0.2722
5.000E-03  1.027E+02  2.740E+00  1.054E+02  8.531E-05  2.526E-05  0.2962
6.000E-03  1.125E+02  2.582E+00  1.150E+02  9.438E-05  2.994E-05  0.3172
7.000E-03  1.215E+02  2.444E+00  1.239E+02  1.028E-04  3.452E-05  0.3360
8.000E-03  1.299E+02  2.323E+00  1.322E+02  1.106E-04  3.902E-05  0.3530
9.000E-03  1.377E+02  2.216E+00  1.399E+02  1.179E-04  4.344E-05  0.3684
1.000E-02  1.452E+02  2.121E+00  1.473E+02  1.249E-04  4.777E-05  0.3826
1.250E-02  1.597E+02  1.920E+00  1.617E+02  1.410E-04  5.835E-05  0.4137
1.500E-02  1.723E+02  1.760E+00  1.741E+02  1.559E-04  6.865E-05  0.4403
1.750E-02  1.833E+02  1.630E+00  1.850E+02  1.698E-04  7.870E-05  0.4633
2.000E-02  1.931E+02  1.520E+00  1.946E+02  1.830E-04  8.852E-05  0.4837
2.250E-02  2.017E+02  1.426E+00  2.032E+02  1.956E-04  9.814E-05  0.5018
2.500E-02  2.094E+02  1.345E+00  2.108E+02  2.077E-04  1.076E-04  0.5181
2.750E-02  2.163E+02  1.274E+00  2.175E+02  2.193E-04  1.169E-04  0.5330
3.000E-02  2.223E+02  1.212E+00  2.235E+02  2.307E-04  1.261E-04  0.5466
3.500E-02  2.323E+02  1.105E+00  2.334E+02  2.525E-04  1.441E-04  0.5707
4.000E-02  2.400E+02  1.018E+00  2.410E+02  2.736E-04  1.619E-04  0.5917
4.500E-02  2.456E+02  9.459E-01  2.466E+02  2.941E-04  1.795E-04  0.6102
5.000E-02  2.496E+02  8.842E-01  2.505E+02  3.142E-04  1.969E-04  0.6268
5.500E-02  2.523E+02  8.310E-01  2.531E+02  3.341E-04  2.144E-04  0.6417
6.000E-02  2.539E+02  7.847E-01  2.546E+02  3.537E-04  2.318E-04  0.6554
6.500E-02  2.545E+02  7.438E-01  2.553E+02  3.733E-04  2.493E-04  0.6679
7.000E-02  2.545E+02  7.074E-01  2.552E+02  3.929E-04  2.670E-04  0.6794
7.500E-02  2.539E+02  6.749E-01  2.546E+02  4.125E-04  2.847E-04  0.6901
8.000E-02  2.529E+02  6.455E-01  2.535E+02  4.322E-04  3.026E-04  0.7001
8.500E-02  2.515E+02  6.189E-01  2.521E+02  4.520E-04  3.207E-04  0.7095
9.000E-02  2.500E+02  5.946E-01  2.505E+02  4.719E-04  3.389E-04  0.7182
9.500E-02  2.482E+02  5.724E-01  2.488E+02  4.919E-04  3.574E-04  0.7265
1.000E-01  2.464E+02  5.520E-01  2.469E+02  5.121E-04  3.760E-04  0.7342
1.250E-01  2.365E+02  4.701E-01  2.370E+02  6.154E-04  4.722E-04  0.7672
1.500E-01  2.272E+02  4.111E-01  2.276E+02  7.231E-04  5.733E-04  0.7929
1.750E-01  2.189E+02  3.664E-01  2.193E+02  8.350E-04  6.792E-04  0.8134
2.000E-01  2.116E+02  3.312E-01  2.120E+02  9.510E-04  7.895E-04  0.8302
2.250E-01  2.051E+02  3.027E-01  2.054E+02  1.071E-03  9.039E-04  0.8441
2.500E-01  1.993E+02  2.792E-01  1.996E+02  1.194E-03  1.022E-03  0.8558
2.750E-01  1.939E+02  2.593E-01  1.942E+02  1.321E-03  1.144E-03  0.8658
3.000E-01  1.890E+02  2.423E-01  1.893E+02  1.452E-03  1.269E-03  0.8745
3.500E-01  1.801E+02  2.146E-01  1.804E+02  1.723E-03  1.531E-03  0.8886
4.000E-01  1.723E+02  1.930E-01  1.725E+02  2.006E-03  1.805E-03  0.8998
4.500E-01  1.652E+02  1.757E-01  1.654E+02  2.302E-03  2.092E-03  0.9087
5.000E-01  1.588E+02  1.615E-01  1.590E+02  2.611E-03  2.392E-03  0.9161
5.500E-01  1.526E+02  1.495E-01  1.527E+02  2.932E-03  2.704E-03  0.9223
6.000E-01  1.466E+02  1.393E-01  1.467E+02  3.266E-03  3.029E-03  0.9276
6.500E-01  1.409E+02  1.305E-01  1.411E+02  3.613E-03  3.368E-03  0.9322
7.000E-01  1.357E+02  1.229E-01  1.358E+02  3.975E-03  3.721E-03  0.9362
7.500E-01  1.308E+02  1.161E-01  1.309E+02  4.350E-03  4.087E-03  0.9397
8.000E-01  1.263E+02  1.101E-01  1.264E+02  4.738E-03  4.467E-03  0.9428
8.500E-01  1.221E+02  1.047E-01  1.222E+02  5.141E-03  4.861E-03  0.9455
9.000E-01  1.183E+02  9.991E-02  1.184E+02  5.556E-03  5.267E-03  0.9480
9.500E-01  1.147E+02  9.554E-02  1.148E+02  5.985E-03  5.688E-03  0.9502
1.000E+00  1.113E+02  9.156E-02  1.114E+02  6.428E-03  6.121E-03  0.9523
1.250E+00  9.772E+01  7.603E-02  9.779E+01  8.830E-03  8.476E-03  0.9600
1.500E+00  8.777E+01  6.524E-02  8.783E+01  1.153E-02  1.113E-02  0.9651
1.750E+00  8.018E+01  5.728E-02  8.024E+01  1.452E-02  1.406E-02  0.9688
2.000E+00  7.418E+01  5.116E-02  7.423E+01  1.776E-02  1.725E-02  0.9715
2.250E+00  6.920E+01  4.628E-02  6.925E+01  2.125E-02  2.069E-02  0.9736
2.500E+00  6.489E+01  4.230E-02  6.493E+01  2.498E-02  2.436E-02  0.9753
2.750E+00  6.112E+01  3.899E-02  6.116E+01  2.895E-02  2.827E-02  0.9767
3.000E+00  5.783E+01  3.619E-02  5.787E+01  3.315E-02  3.242E-02  0.9778
3.500E+00  5.243E+01  3.168E-02  5.246E+01  4.224E-02  4.138E-02  0.9796
4.000E+00  4.804E+01  2.822E-02  4.807E+01  5.221E-02  5.122E-02  0.9810
4.500E+00  4.445E+01  2.548E-02  4.448E+01  6.303E-02  6.190E-02  0.9820
5.000E+00  4.141E+01  2.324E-02  4.144E+01  7.469E-02  7.341E-02  0.9829
5.500E+00  3.883E+01  2.139E-02  3.885E+01  8.716E-02  8.573E-02  0.9836
6.000E+00  3.658E+01  1.982E-02  3.660E+01  1.004E-01  9.884E-02  0.9842
6.500E+00  3.462E+01  1.848E-02  3.464E+01  1.145E-01  1.127E-01  0.9847
7.000E+00  3.288E+01  1.731E-02  3.290E+01  1.293E-01  1.274E-01  0.9851
7.500E+00  3.133E+01  1.630E-02  3.135E+01  1.449E-01  1.428E-01  0.9855
8.000E+00  2.994E+01  1.540E-02  2.995E+01  1.612E-01  1.589E-01  0.9859
8.500E+00  2.868E+01  1.459E-02  2.869E+01  1.783E-01  1.758E-01  0.9862
9.000E+00  2.754E+01  1.388E-02  2.755E+01  1.960E-01  1.934E-01  0.9864
9.500E+00  2.649E+01  1.323E-02  2.650E+01  2.145E-01  2.117E-01  0.9867
1.000E+01  2.553E+01  1.264E-02  2.555E+01  2.338E-01  2.307E-01  0.9869
1.250E+01  2.172E+01  1.037E-02  2.173E+01  3.403E-01  3.361E-01  0.9878
1.500E+01  1.899E+01  8.815E-03  1.900E+01  4.636E-01  4.583E-01  0.9884
1.750E+01  1.694E+01  7.679E-03  1.695E+01  6.032E-01  5.965E-01  0.9889
2.000E+01  1.533E+01  6.812E-03  1.534E+01  7.585E-01  7.503E-01  0.9892
2.500E+01  1.297E+01  5.572E-03  1.297E+01  1.114E+00  1.103E+00  0.9898
2.750E+01  1.207E+01  5.112E-03  1.207E+01  1.314E+00  1.301E+00  0.9900
3.000E+01  1.130E+01  4.724E-03  1.130E+01  1.528E+00  1.513E+00  0.9902
3.500E+01  1.006E+01  4.108E-03  1.006E+01  1.998E+00  1.979E+00  0.9905
4.000E+01  9.093E+00  3.637E-03  9.097E+00  2.522E+00  2.498E+00  0.9908
4.500E+01  8.321E+00  3.266E-03  8.324E+00  3.097E+00  3.069E+00  0.9910
5.000E+01  7.687E+00  2.966E-03  7.690E+00  3.723E+00  3.690E+00  0.9911
5.500E+01  7.158E+00  2.718E-03  7.160E+00  4.397E+00  4.359E+00  0.9913
6.000E+01  6.708E+00  2.509E-03  6.711E+00  5.119E+00  5.075E+00  0.9914
6.500E+01  6.321E+00  2.331E-03  6.324E+00  5.887E+00  5.837E+00  0.9916
7.000E+01  5.984E+00  2.177E-03  5.987E+00  6.700E+00  6.644E+00  0.9917
7.500E+01  5.689E+00  2.043E-03  5.691E+00  7.557E+00  7.495E+00  0.9918
8.000E+01  5.427E+00  1.925E-03  5.429E+00  8.457E+00  8.388E+00  0.9919
8.500E+01  5.193E+00  1.820E-03  5.195E+00  9.398E+00  9.323E+00  0.9920
9.000E+01  4.983E+00  1.726E-03  4.985E+00  1.038E+01  1.030E+01  0.9920
9.500E+01  4.793E+00  1.642E-03  4.795E+00  1.140E+01  1.131E+01  0.9921
1.000E+02  4.621E+00  1.566E-03  4.623E+00  1.247E+01  1.237E+01  0.9922
1.250E+02  3.953E+00  1.272E-03  3.954E+00  1.834E+01  1.820E+01  0.9925
1.500E+02  3.494E+00  1.074E-03  3.495E+00  2.508E+01  2.490E+01  0.9928
1.750E+02  3.159E+00  9.297E-04  3.160E+00  3.262E+01  3.239E+01  0.9930
2.000E+02  2.904E+00  8.205E-04  2.905E+00  4.089E+01  4.061E+01  0.9932
2.250E+02  2.703E+00  7.348E-04  2.704E+00  4.982E+01  4.948E+01  0.9933
2.500E+02  2.541E+00  6.657E-04  2.542E+00  5.936E+01  5.897E+01  0.9935
2.750E+02  2.408E+00  6.087E-04  2.409E+00  6.947E+01  6.903E+01  0.9936
3.000E+02  2.297E+00  5.610E-04  2.297E+00  8.010E+01  7.960E+01  0.9937
3.500E+02  2.121E+00  4.853E-04  2.122E+00  1.028E+02  1.022E+02  0.9940
4.000E+02  1.990E+00  4.281E-04  1.990E+00  1.272E+02  1.264E+02  0.9942
4.500E+02  1.888E+00  3.832E-04  1.888E+00  1.530E+02  1.521E+02  0.9943
5.000E+02  1.808E+00  3.470E-04  1.808E+00  1.801E+02  1.791E+02  0.9945
5.500E+02  1.743E+00  3.172E-04  1.743E+00  2.082E+02  2.071E+02  0.9947
6.000E+02  1.689E+00  2.923E-04  1.689E+00  2.374E+02  2.362E+02  0.9948
6.500E+02  1.645E+00  2.711E-04  1.645E+00  2.674E+02  2.660E+02  0.9949
7.000E+02  1.608E+00  2.528E-04  1.608E+00  2.981E+02  2.967E+02  0.9950
7.500E+02  1.576E+00  2.369E-04  1.576E+00  3.296E+02  3.280E+02  0.9951
8.000E+02  1.549E+00  2.230E-04  1.549E+00  3.616E+02  3.598E+02  0.9953
8.500E+02  1.526E+00  2.106E-04  1.526E+00  3.941E+02  3.922E+02  0.9953
9.000E+02  1.506E+00  1.996E-04  1.506E+00  4.271E+02  4.251E+02  0.9954
9.500E+02  1.489E+00  1.897E-04  1.489E+00  4.604E+02  4.584E+02  0.9955
1.000E+03  1.474E+00  1.808E-04  1.474E+00  4.942E+02  4.920E+02  0.9956
1.500E+03  1.395E+00  1.235E-04  1.395E+00  8.449E+02  8.417E+02  0.9963
2.000E+03  1.374E+00  9.429E-05  1.374E+00  1.207E+03  1.203E+03  0.9967
2.500E+03  1.373E+00  7.651E-05  1.373E+00  1.571E+03  1.566E+03  0.9970
3.000E+03  1.380E+00  6.451E-05  1.380E+00  1.934E+03  1.929E+03  0.9973
4.000E+03  1.402E+00  4.930E-05  1.402E+00  2.653E+03  2.647E+03  0.9977
5.000E+03  1.427E+00  4.002E-05  1.427E+00  3.360E+03  3.353E+03  0.9979
6.000E+03  1.450E+00  3.376E-05  1.450E+00  4.055E+03  4.048E+03  0.9981
7.000E+03  1.471E+00  2.924E-05  1.471E+00  4.740E+03  4.732E+03  0.9983
8.000E+03  1.491E+00  2.582E-05  1.491E+00  5.415E+03  5.406E+03  0.9984
9.000E+03  1.509E+00  2.313E-05  1.509E+00  6.081E+03  6.073E+03  0.9985
1.000E+04  1.525E+00  2.097E-05  1.525E+00  6.741E+03  6.731E+03  0.9986
