1.000E-03  1.265E+02  2.235E+01  1.489E+02  9.363E-06  3.188E-06  0.3405
1.500E-03  1.550E+02  1.895E+01  1.739E+02  1.244E-05  4.813E-06  0.3869
2.000E-03  1.790E+02  1.660E+01  1.956E+02  1.515E-05  6.418E-06  0.4237
2.500E-03  2.001E+02  1.485E+01  2.149E+02  1.758E-05  7.980E-06  0.4538
3.000E-03  2.192E+02  1.348E+01  2.327E+02  1.982E-05  9.498E-06  0.4792
4.000E-03  2.531E+02  1.147E+01  2.646E+02  2.384E-05  1.240E-05  0.5202
5.000E-03  2.830E+02  1.005E+01  2.930E+02  2.743E-05  1.515E-05  0.5524
6.000E-03  3.100E+02  8.975E+00  3.189E+02  3.070E-05  1.776E-05  0.5785
7.000E-03  3.348E+02  8.135E+00  3.429E+02  3.372E-05  2.024E-05  0.6004
8.000E-03  3.579E+02  7.456E+00  3.654E+02  3.654E-05  2.262E-05  0.6190
9.000E-03  3.796E+02  6.893E+00  3.865E+02  3.920E-05  2.490E-05  0.6352
1.000E-02  4.002E+02  6.419E+00  4.066E+02  4.172E-05  2.710E-05  0.6495
1.250E-02  4.406E+02  5.500E+00  4.461E+02  4.758E-05  3.230E-05  0.6789
1.500E-02  4.758E+02  4.833E+00  4.806E+02  5.297E-05  3.720E-05  0.7022
1.750E-02  5.070E+02  4.323E+00  5.113E+02  5.801E-05  4.184E-05  0.7212
2.000E-02  5.350E+02  3.920E+00  5.389E+02  6.277E-05  4.627E-05  0.7372
2.250E-02  5.602E+02  3.591E+00  5.638E+02  6.731E-05  5.053E-05  0.7508
2.500E-02  5.831E+02  3.319E+00  5.864E+02  7.165E-05  5.465E-05  0.7627
2.750E-02  6.038E+02  3.088E+00  6.069E+02  7.584E-05  5.863E-05  0.7731
3.000E-02  6.227E+02  2.890E+00  6.256E+02  7.990E-05  6.251E-05  0.7823
3.500E-02  6.555E+02  2.567E+00  6.581E+02  8.768E-05  6.999E-05  0.7982
4.000E-02  6.827E+02  2.314E+00  6.850E+02  9.512E-05  7.718E-05  0.8113
4.500E-02  7.049E+02  2.110E+00  7.070E+02  1.023E-04  8.415E-05  0.8225
5.000E-02  7.229E+02  1.942E+00  7.249E+02  1.093E-04  9.094E-05  0.8322
5.500E-02  7.373E+02  1.800E+00  7.391E+02  1.161E-04  9.761E-05  0.8406
6.000E-02  7.484E+02  1.680E+00  7.500E+02  1.228E-04  1.042E-04  0.8482
6.500E-02  7.566E+02  1.575E+00  7.582E+02  1.295E-04  1.107E-04  0.8549
7.000E-02  7.623E+02  1.484E+00  7.638E+02  1.360E-04  1.171E-04  0.8611
7.500E-02  7.659E+02  1.404E+00  7.673E+02  1.426E-04  1.235E-04  0.8667
8.000E-02  7.675E+02  1.332E+00  7.689E+02  1.491E-04  1.300E-04  0.8718
8.500E-02  7.675E+02  1.268E+00  7.688E+02  1.556E-04  1.364E-04  0.8765
9.000E-02  7.660E+02  1.211E+00  7.672E+02  1.621E-04  1.428E-04  0.8809
9.500E-02  7.633E+02  1.158E+00  7.644E+02  1.686E-04  1.492E-04  0.8850
1.000E-01  7.594E+02  1.111E+00  7.606E+02  1.752E-04  1.557E-04  0.8889
1.250E-01  7.293E+02  9.245E-01  7.302E+02  2.086E-04  1.888E-04  0.9050
1.500E-01  6.898E+02  7.948E-01  6.906E+02  2.438E-04  2.237E-04  0.9174
1.750E-01  6.486E+02  6.988E-01  6.493E+02  2.812E-04  2.607E-04  0.9273
2.000E-01  6.091E+02  6.248E-01  6.097E+02  3.209E-04  3.002E-04  0.9355
2.250E-01  5.729E+02  5.658E-01  5.735E+02  3.632E-04  3.422E-04  0.9422
2.500E-01  5.404E+02  5.176E-01  5.409E+02  4.081E-04  3.869E-04  0.9480
2.750E-01  5.116E+02  4.775E-01  5.121E+02  4.556E-04  4.341E-04  0.9528
3.000E-01  4.862E+02  4.434E-01  4.867E+02  5.057E-04  4.840E-04  0.9570
3.500E-01  4.434E+02  3.888E-01  4.438E+02  6.135E-04  5.912E-04  0.9637
4.000E-01  4.088E+02  3.468E-01  4.091E+02  7.309E-04  7.081E-04  0.9688
4.500E-01  3.801E+02  3.135E-01  3.804E+02  8.578E-04  8.344E-04  0.9728
5.000E-01  3.560E+02  2.863E-01  3.563E+02  9.937E-04  9.698E-04  0.9760
5.500E-01  3.354E+02  2.637E-01  3.356E+02  1.138E-03  1.114E-03  0.9785
6.000E-01  3.172E+02  2.446E-01  3.175E+02  1.292E-03  1.267E-03  0.9807
6.500E-01  3.012E+02  2.282E-01  3.014E+02  1.453E-03  1.428E-03  0.9824
7.000E-01  2.868E+02  2.138E-01  2.871E+02  1.623E-03  1.597E-03  0.9839
7.500E-01  2.741E+02  2.013E-01  2.743E+02  1.802E-03  1.775E-03  0.9851
8.000E-01  2.626E+02  1.901E-01  2.628E+02  1.988E-03  1.960E-03  0.9862
8.500E-01  2.522E+02  1.802E-01  2.524E+02  2.182E-03  2.154E-03  0.9872
9.000E-01  2.427E+02  1.714E-01  2.429E+02  2.384E-03  2.355E-03  0.9880
9.500E-01  2.340E+02  1.634E-01  2.341E+02  2.594E-03  2.564E-03  0.9887
1.000E+00  2.259E+02  1.561E-01  2.261E+02  2.811E-03  2.781E-03  0.9893
1.250E+00  1.938E+02  1.280E-01  1.939E+02  4.009E-03  3.976E-03  0.9916
1.500E+00  1.705E+02  1.088E-01  1.706E+02  5.387E-03  5.350E-03  0.9931
1.750E+00  1.528E+02  9.474E-02  1.529E+02  6.938E-03  6.897E-03  0.9940
2.000E+00  1.388E+02  8.401E-02  1.389E+02  8.657E-03  8.611E-03  0.9947
2.250E+00  1.274E+02  7.553E-02  1.274E+02  1.054E-02  1.049E-02  0.9952
2.500E+00  1.179E+02  6.866E-02  1.180E+02  1.258E-02  1.252E-02  0.9956
2.750E+00  1.099E+02  6.297E-02  1.099E+02  1.478E-02  1.471E-02  0.9959
3.000E+00  1.030E+02  5.817E-02  1.030E+02  1.713E-02  1.706E-02  0.9961
3.500E+00  9.170E+01  5.054E-02  9.175E+01  2.228E-02  2.220E-02  0.9965
4.000E+00  8.287E+01  4.472E-02  8.291E+01  2.802E-02  2.793E-02  0.9968
4.500E+00  7.573E+01  4.014E-02  7.577E+01  3.434E-02  3.423E-02  0.9970
5.000E+00  6.981E+01  3.643E-02  6.985E+01  4.121E-02  4.110E-02  0.9971
5.500E+00  6.483E+01  3.336E-02  6.486E+01  4.865E-02  4.851E-02  0.9972
6.000E+00  6.057E+01  3.079E-02  6.060E+01  5.663E-02  5.648E-02  0.9973
6.500E+00  5.689E+01  2.859E-02  5.692E+01  6.515E-02  6.498E-02  0.9974
7.000E+00  5.367E+01  2.669E-02  5.369E+01  7.420E-02  7.401E-02  0.9975
7.500E+00  5.082E+01  2.503E-02  5.084E+01  8.377E-02  8.356E-02  0.9976
8.000E+00  4.829E+01  2.358E-02  4.831E+01  9.386E-02  9.364E-02  0.9976
8.500E+00  4.602E+01  2.228E-02  4.604E+01  1.045E-01  1.042E-01  0.9977
9.000E+00  4.397E+01  2.113E-02  4.399E+01  1.156E-01  1.153E-01  0.9977
9.500E+00  4.212E+01  2.009E-02  4.214E+01  1.272E-01  1.269E-01  0.9977
1.000E+01  4.043E+01  1.915E-02  4.044E+01  1.393E-01  1.390E-01  0.9978
1.250E+01  3.380E+01  1.554E-02  3.382E+01  2.072E-01  2.068E-01  0.9979
1.500E+01  2.918E+01  1.310E-02  2.920E+01  2.870E-01  2.864E-01  0.9980
1.750E+01  2.576E+01  1.134E-02  2.577E+01  3.784E-01  3.776E-01  0.9981
2.000E+01  2.312E+01  9.997E-03  2.313E+01  4.809E-01  4.800E-01  0.9981
2.500E+01  1.930E+01  8.100E-03  1.931E+01  7.186E-01  7.173E-01  0.9982
2.750E+01  1.787E+01  7.403E-03  1.788E+01  8.533E-01  8.518E-01  0.9982
3.000E+01  1.666E+01  6.819E-03  1.666E+01  9.982E-01  9.965E-01  0.9982
3.500E+01  1.471E+01  5.894E-03  1.472E+01  1.318E+00  1.316E+00  0.9983
4.000E+01  1.322E+01  5.194E-03  1.322E+01  1.677E+00  1.674E+00  0.9983
4.500E+01  1.203E+01  4.645E-03  1.203E+01  2.074E+00  2.071E+00  0.9984
5.000E+01  1.106E+01  4.204E-03  1.107E+01  2.508E+00  2.504E+00  0.9984
5.500E+01  1.026E+01  3.840E-03  1.027E+01  2.977E+00  2.973E+00  0.9984
6.000E+01  9.584E+00  3.536E-03  9.587E+00  3.482E+00  3.476E+00  0.9984
6.500E+01  9.003E+00  3.277E-03  9.006E+00  4.020E+00  4.014E+00  0.9985
7.000E+01  8.500E+00  3.055E-03  8.503E+00  4.592E+00  4.585E+00  0.9985
7.500E+01  8.060E+00  2.861E-03  8.063E+00  5.196E+00  5.188E+00  0.9985
8.000E+01  7.672E+00  2.691E-03  7.674E+00  5.832E+00  5.823E+00  0.9985
8.500E+01  7.326E+00  2.540E-03  7.329E+00  6.499E+00  6.489E+00  0.9985
9.000E+01  7.017E+00  2.406E-03  7.019E+00  7.196E+00  7.186E+00  0.9985
9.500E+01  6.738E+00  2.285E-03  6.740E+00  7.923E+00  7.912E+00  0.9985
1.000E+02  6.485E+00  2.177E-03  6.487E+00  8.680E+00  8.667E+00  0.9986
1.250E+02  5.511E+00  1.760E-03  5.512E+00  1.288E+01  1.286E+01  0.9986
1.500E+02  4.847E+00  1.480E-03  4.848E+00  1.773E+01  1.771E+01  0.9986
1.750E+02  4.365E+00  1.278E-03  4.367E+00  2.317E+01  2.314E+01  0.9987
2.000E+02  4.000E+00  1.126E-03  4.001E+00  2.916E+01  2.913E+01  0.9987
2.250E+02  3.714E+00  1.007E-03  3.715E+00  3.566E+01  3.561E+01  0.9987
2.500E+02  3.484E+00  9.106E-04  3.484E+00  4.261E+01  4.256E+01  0.9988
2.750E+02  3.294E+00  8.317E-04  3.295E+00  4.999E+01  4.993E+01  0.9988
3.000E+02  3.136E+00  7.657E-04  3.137E+00  5.778E+01  5.771E+01  0.9988
3.500E+02  2.888E+00  6.613E-04  2.889E+00  7.442E+01  7.433E+01  0.9989
4.000E+02  2.702E+00  5.826E-04  2.703E+00  9.233E+01  9.223E+01  0.9989
4.500E+02  2.559E+00  5.209E-04  2.560E+00  1.114E+02  1.112E+02  0.9989
5.000E+02  2.445E+00  4.713E-04  2.446E+00  1.314E+02  1.312E+02  0.9990
5.500E+02  2.354E+00  4.306E-04  2.354E+00  1.522E+02  1.521E+02  0.9990
6.000E+02  2.279E+00  3.965E-04  2.279E+00  1.738E+02  1.736E+02  0.9990
6.500E+02  2.216E+00  3.675E-04  2.216E+00  1.961E+02  1.959E+02  0.9990
7.000E+02  2.163E+00  3.426E-04  2.164E+00  2.189E+02  2.187E+02  0.9991
7.500E+02  2.119E+00  3.209E-04  2.119E+00  2.423E+02  2.420E+02  0.9991
8.000E+02  2.081E+00  3.019E-04  2.081E+00  2.661E+02  2.658E+02  0.9991
8.500E+02  2.048E+00  2.850E-04  2.048E+00  2.903E+02  2.900E+02  0.9991
9.000E+02  2.020E+00  2.700E-04  2.020E+00  3.149E+02  3.146E+02  0.9991
9.500E+02  1.995E+00  2.566E-04  1.995E+00  3.398E+02  3.395E+02  0.9991
1.000E+03  1.974E+00  2.444E-04  1.974E+00  3.650E+02  3.647E+02  0.9992
1.500E+03  1.860E+00  1.667E-04  1.860E+00  6.275E+02  6.270E+02  0.9993
2.000E+03  1.829E+00  1.271E-04  1.830E+00  8.990E+02  8.985E+02  0.9994
2.500E+03  1.828E+00  1.031E-04  1.828E+00  1.173E+03  1.172E+03  0.9994
3.000E+03  1.838E+00  8.683E-05  1.838E+00  1.446E+03  1.445E+03  0.9995
4.000E+03  1.870E+00  6.630E-05  1.870E+00  1.985E+03  1.984E+03  0.9995
5.000E+03  1.907E+00  5.379E-05  1.907E+00  2.515E+03  2.514E+03  0.9996
6.000E+03  1.943E+00  4.535E-05  1.943E+00  3.034E+03  3.033E+03  0.9996
7.000E+03  1.976E+00  3.925E-05  1.976E+00  3.545E+03  3.543E+03  0.9997
8.000E+03  2.007E+00  3.464E-05  2.007E+00  4.047E+03  4.045E+03  0.9997
9.000E+03  2.035E+00  3.103E-05  2.035E+00  4.541E+03  4.540E+03  0.9997
1.000E+04  2.062E+00  2.812E-05  2.062E+00  5.030E+03  5.028E+03  0.9997
