1.000E-03  1.476E+01  8.981E-01  1.565E+01  1.115E-04  9.842E-06  0.0883
1.500E-03  1.807E+01  9.183E-01  1.899E+01  1.401E-04  1.402E-05  0.1000
2.000E-03  2.087E+01  9.234E-01  2.179E+01  1.646E-04  1.814E-05  0.1102
2.500E-03  2.333E+01  9.217E-01  2.425E+01  1.864E-04  2.221E-05  0.1192
3.000E-03  2.556E+01  9.163E-01  2.648E+01  2.061E-04  2.625E-05  0.1274
4.000E-03  2.951E+01  9.002E-01  3.041E+01  2.412E-04  3.428E-05  0.1421
5.000E-03  3.300E+01  8.811E-01  3.388E+01  2.723E-04  4.226E-05  0.1552
6.000E-03  3.615E+01  8.611E-01  3.701E+01  3.005E-04  5.020E-05  0.1670
7.000E-03  3.904E+01  8.411E-01  3.988E+01  3.266E-04  5.812E-05  0.1780
8.000E-03  4.174E+01  8.216E-01  4.256E+01  3.508E-04  6.601E-05  0.1882
9.000E-03  4.427E+01  8.029E-01  4.507E+01  3.736E-04  7.387E-05  0.1977
1.000E-02  4.666E+01  7.849E-01  4.745E+01  3.953E-04  8.171E-05  0.2067
1.250E-02  5.151E+01  7.434E-01  5.226E+01  4.454E-04  1.013E-04  0.2274
1.500E-02  5.580E+01  7.067E-01  5.650E+01  4.913E-04  1.209E-04  0.2460
1.750E-02  5.966E+01  6.740E-01  6.033E+01  5.341E-04  1.404E-04  0.2628
2.000E-02  6.318E+01  6.447E-01  6.383E+01  5.744E-04  1.598E-04  0.2782
2.250E-02  6.643E+01  6.184E-01  6.705E+01  6.126E-04  1.791E-04  0.2925
2.500E-02  6.943E+01  5.946E-01  7.003E+01  6.490E-04  1.984E-04  0.3057
2.750E-02  7.223E+01  5.730E-01  7.280E+01  6.840E-04  2.175E-04  0.3180
3.000E-02  7.484E+01  5.532E-01  7.539E+01  7.178E-04  2.366E-04  0.3296
3.500E-02  7.958E+01  5.182E-01  8.010E+01  7.821E-04  2.743E-04  0.3508
4.000E-02  8.377E+01  4.882E-01  8.426E+01  8.429E-04  3.117E-04  0.3698
4.500E-02  8.750E+01  4.621E-01  8.796E+01  9.009E-04  3.488E-04  0.3871
5.000E-02  9.081E+01  4.392E-01  9.125E+01  9.567E-04  3.855E-04  0.4030
5.500E-02  9.377E+01  4.188E-01  9.419E+01  1.011E-03  4.220E-04  0.4176
6.000E-02  9.640E+01  4.006E-01  9.680E+01  1.063E-03  4.583E-04  0.4311
6.500E-02  9.874E+01  3.841E-01  9.912E+01  1.114E-03  4.944E-04  0.4438
7.000E-02  1.008E+02  3.692E-01  1.012E+02  1.164E-03  5.303E-04  0.4556
7.500E-02  1.026E+02  3.556E-01  1.030E+02  1.213E-03  5.661E-04  0.4668
8.000E-02  1.043E+02  3.431E-01  1.046E+02  1.261E-03  6.019E-04  0.4773
8.500E-02  1.057E+02  3.316E-01  1.060E+02  1.309E-03  6.376E-04  0.4872
9.000E-02  1.069E+02  3.210E-01  1.072E+02  1.355E-03  6.733E-04  0.4967
9.500E-02  1.080E+02  3.112E-01  1.083E+02  1.402E-03  7.089E-04  0.5057
1.000E-01  1.089E+02  3.020E-01  1.092E+02  1.448E-03  7.446E-04  0.5143
1.250E-01  1.115E+02  2.641E-01  1.118E+02  1.674E-03  9.242E-04  0.5522
1.500E-01  1.120E+02  2.357E-01  1.122E+02  1.897E-03  1.107E-03  0.5836
1.750E-01  1.112E+02  2.134E-01  1.114E+02  2.120E-03  1.294E-03  0.6104
2.000E-01  1.096E+02  1.955E-01  1.098E+02  2.346E-03  1.487E-03  0.6337
2.250E-01  1.076E+02  1.806E-01  1.078E+02  2.576E-03  1.685E-03  0.6541
2.500E-01  1.054E+02  1.681E-01  1.056E+02  2.810E-03  1.889E-03  0.6723
2.750E-01  1.032E+02  1.574E-01  1.034E+02  3.049E-03  2.100E-03  0.6885
3.000E-01  1.010E+02  1.481E-01  1.011E+02  3.294E-03  2.316E-03  0.7031
3.500E-01  9.633E+01  1.328E-01  9.646E+01  3.800E-03  2.768E-03  0.7284
4.000E-01  9.180E+01  1.206E-01  9.192E+01  4.331E-03  3.246E-03  0.7495
4.500E-01  8.770E+01  1.106E-01  8.781E+01  4.888E-03  3.751E-03  0.7675
5.000E-01  8.405E+01  1.024E-01  8.415E+01  5.470E-03  4.282E-03  0.7829
5.500E-01  8.083E+01  9.534E-02  8.093E+01  6.076E-03  4.837E-03  0.7962
6.000E-01  7.800E+01  8.930E-02  7.809E+01  6.705E-03  5.416E-03  0.8077
6.500E-01  7.547E+01  8.406E-02  7.555E+01  7.356E-03  6.017E-03  0.8179
7.000E-01  7.318E+01  7.945E-02  7.326E+01  8.028E-03  6.638E-03  0.8269
7.500E-01  7.111E+01  7.536E-02  7.118E+01  8.721E-03  7.281E-03  0.8348
8.000E-01  6.921E+01  7.171E-02  6.928E+01  9.433E-03  7.942E-03  0.8420
8.500E-01  6.746E+01  6.843E-02  6.753E+01  1.016E-02  8.623E-03  0.8484
9.000E-01  6.583E+01  6.546E-02  6.590E+01  1.091E-02  9.322E-03  0.8542
9.500E-01  6.432E+01  6.276E-02  6.439E+01  1.168E-02  1.004E-02  0.8595
1.000E+00  6.291E+01  6.030E-02  6.297E+01  1.247E-02  1.077E-02  0.8643
1.250E+00  5.698E+01  5.057E-02  5.703E+01  1.665E-02  1.470E-02  0.8831
1.500E+00  5.239E+01  4.373E-02  5.243E+01  2.122E-02  1.902E-02  0.8962
1.750E+00  4.868E+01  3.863E-02  4.872E+01  2.618E-02  2.371E-02  0.9059
2.000E+00  4.558E+01  3.467E-02  4.562E+01  3.148E-02  2.875E-02  0.9133
2.250E+00  4.295E+01  3.149E-02  4.298E+01  3.713E-02  3.413E-02  0.9193
2.500E+00  4.067E+01  2.889E-02  4.070E+01  4.311E-02  3.984E-02  0.9241
2.750E+00  3.868E+01  2.671E-02  3.871E+01  4.941E-02  4.586E-02  0.9281
3.000E+00  3.692E+01  2.486E-02  3.694E+01  5.603E-02  5.219E-02  0.9315
3.500E+00  3.392E+01  2.188E-02  3.394E+01  7.016E-02  6.575E-02  0.9370
4.000E+00  3.146E+01  1.957E-02  3.148E+01  8.547E-02  8.045E-02  0.9413
4.500E+00  2.940E+01  1.773E-02  2.942E+01  1.019E-01  9.627E-02  0.9446
5.000E+00  2.765E+01  1.623E-02  2.766E+01  1.195E-01  1.132E-01  0.9474
5.500E+00  2.612E+01  1.498E-02  2.614E+01  1.381E-01  1.311E-01  0.9497
6.000E+00  2.479E+01  1.392E-02  2.480E+01  1.577E-01  1.501E-01  0.9517
6.500E+00  2.360E+01  1.300E-02  2.362E+01  1.784E-01  1.701E-01  0.9534
7.000E+00  2.255E+01  1.221E-02  2.256E+01  2.000E-01  1.910E-01  0.9549
7.500E+00  2.160E+01  1.151E-02  2.161E+01  2.227E-01  2.129E-01  0.9562
8.000E+00  2.074E+01  1.090E-02  2.075E+01  2.463E-01  2.358E-01  0.9573
8.500E+00  1.996E+01  1.034E-02  1.997E+01  2.709E-01  2.596E-01  0.9584
9.000E+00  1.924E+01  9.849E-03  1.925E+01  2.964E-01  2.843E-01  0.9593
9.500E+00  1.859E+01  9.402E-03  1.860E+01  3.228E-01  3.100E-01  0.9602
1.000E+01  1.798E+01  8.996E-03  1.799E+01  3.501E-01  3.365E-01  0.9610
1.250E+01  1.553E+01  7.420E-03  1.554E+01  5.002E-01  4.822E-01  0.9640
1.500E+01  1.374E+01  6.335E-03  1.375E+01  6.716E-01  6.489E-01  0.9662
1.750E+01  1.237E+01  5.539E-03  1.238E+01  8.636E-01  8.358E-01  0.9679
2.000E+01  1.129E+01  4.930E-03  1.129E+01  1.075E+00  1.042E+00  0.9692
2.500E+01  9.661E+00  4.054E-03  9.665E+00  1.556E+00  1.511E+00  0.9711
2.750E+01  9.035E+00  3.728E-03  9.038E+00  1.823E+00  1.772E+00  0.9719
3.000E+01  8.496E+00  3.452E-03  8.499E+00  2.109E+00  2.051E+00  0.9725
3.500E+01  7.615E+00  3.013E-03  7.618E+00  2.731E+00  2.659E+00  0.9736
4.000E+01  6.924E+00  2.677E-03  6.926E+00  3.421E+00  3.333E+00  0.9745
4.500E+01  6.365E+00  2.411E-03  6.368E+00  4.174E+00  4.071E+00  0.9752
5.000E+01  5.904E+00  2.195E-03  5.906E+00  4.990E+00  4.870E+00  0.9758
5.500E+01  5.516E+00  2.016E-03  5.518E+00  5.867E+00  5.728E+00  0.9763
6.000E+01  5.185E+00  1.865E-03  5.187E+00  6.802E+00  6.644E+00  0.9768
6.500E+01  4.899E+00  1.736E-03  4.901E+00  7.794E+00  7.616E+00  0.9772
7.000E+01  4.649E+00  1.624E-03  4.651E+00  8.842E+00  8.643E+00  0.9775
7.500E+01  4.429E+00  1.527E-03  4.430E+00  9.944E+00  9.724E+00  0.9779
8.000E+01  4.233E+00  1.441E-03  4.234E+00  1.110E+01  1.086E+01  0.9782
8.500E+01  4.058E+00  1.364E-03  4.059E+00  1.231E+01  1.204E+01  0.9784
9.000E+01  3.900E+00  1.296E-03  3.901E+00  1.356E+01  1.327E+01  0.9787
9.500E+01  3.757E+00  1.234E-03  3.758E+00  1.487E+01  1.455E+01  0.9789
1.000E+02  3.627E+00  1.178E-03  3.628E+00  1.622E+01  1.588E+01  0.9792
1.250E+02  3.120E+00  9.626E-04  3.121E+00  2.368E+01  2.321E+01  0.9801
1.500E+02  2.769E+00  8.156E-04  2.770E+00  3.221E+01  3.159E+01  0.9808
1.750E+02  2.512E+00  7.087E-04  2.513E+00  4.170E+01  4.093E+01  0.9814
2.000E+02  2.315E+00  6.272E-04  2.316E+00  5.208E+01  5.114E+01  0.9820
2.250E+02  2.160E+00  5.631E-04  2.160E+00  6.327E+01  6.216E+01  0.9824
2.500E+02  2.034E+00  5.112E-04  2.034E+00  7.521E+01  7.391E+01  0.9828
2.750E+02  1.930E+00  4.683E-04  1.931E+00  8.783E+01  8.635E+01  0.9832
3.000E+02  1.843E+00  4.322E-04  1.844E+00  1.011E+02  9.942E+01  0.9835
3.500E+02  1.706E+00  3.750E-04  1.707E+00  1.293E+02  1.273E+02  0.9842
4.000E+02  1.603E+00  3.315E-04  1.604E+00  1.596E+02  1.571E+02  0.9847
4.500E+02  1.524E+00  2.972E-04  1.524E+00  1.916E+02  1.888E+02  0.9852
5.000E+02  1.461E+00  2.696E-04  1.461E+00  2.251E+02  2.219E+02  0.9856
5.500E+02  1.410E+00  2.468E-04  1.410E+00  2.600E+02  2.563E+02  0.9860
6.000E+02  1.368E+00  2.276E-04  1.368E+00  2.960E+02  2.920E+02  0.9863
6.500E+02  1.334E+00  2.113E-04  1.334E+00  3.330E+02  3.286E+02  0.9867
7.000E+02  1.305E+00  1.973E-04  1.305E+00  3.709E+02  3.661E+02  0.9870
7.500E+02  1.280E+00  1.850E-04  1.280E+00  4.096E+02  4.044E+02  0.9873
8.000E+02  1.259E+00  1.742E-04  1.259E+00  4.490E+02  4.434E+02  0.9876
8.500E+02  1.241E+00  1.647E-04  1.241E+00  4.890E+02  4.831E+02  0.9878
9.000E+02  1.226E+00  1.561E-04  1.226E+00  5.296E+02  5.232E+02  0.9881
9.500E+02  1.213E+00  1.485E-04  1.213E+00  5.706E+02  5.639E+02  0.9883
1.000E+03  1.201E+00  1.416E-04  1.201E+00  6.120E+02  6.050E+02  0.9885
1.500E+03  1.143E+00  9.703E-05  1.143E+00  1.041E+03  1.031E+03  0.9902
2.000E+03  1.131E+00  7.422E-05  1.131E+00  1.482E+03  1.469E+03  0.9914
2.500E+03  1.134E+00  6.029E-05  1.134E+00  1.923E+03  1.909E+03  0.9922
3.000E+03  1.143E+00  5.088E-05  1.143E+00  2.363E+03  2.346E+03  0.9929
4.000E+03  1.167E+00  3.893E-05  1.167E+00  3.229E+03  3.209E+03  0.9939
5.000E+03  1.191E+00  3.164E-05  1.192E+00  4.077E+03  4.055E+03  0.9946
6.000E+03  1.215E+00  2.671E-05  1.215E+00  4.908E+03  4.884E+03  0.9951
7.000E+03  1.236E+00  2.314E-05  1.236E+00  5.724E+03  5.698E+03  0.9955
8.000E+03  1.255E+00  2.044E-05  1.255E+00  6.527E+03  6.500E+03  0.9959
9.000E+03  1.272E+00  1.832E-05  1.272E+00  7.318E+03  7.290E+03  0.9961
1.000E+04  1.288E+00  1.661E-05  1.288E+00  8.099E+03  8.070E+03  0.9964
