1.000E-03  4.018E+01  2.539E+00  4.272E+01  4.014E-05  6.262E-06  0.1560
1.500E-03  4.921E+01  2.502E+00  5.171E+01  5.065E-05  8.991E-06  0.1775
2.000E-03  5.682E+01  2.445E+00  5.926E+01  5.967E-05  1.168E-05  0.1958
2.500E-03  6.353E+01  2.382E+00  6.591E+01  6.765E-05  1.432E-05  0.2117
3.000E-03  6.959E+01  2.318E+00  7.191E+01  7.491E-05  1.693E-05  0.2260
4.000E-03  8.035E+01  2.197E+00  8.255E+01  8.786E-05  2.207E-05  0.2512
5.000E-03  8.984E+01  2.087E+00  9.193E+01  9.932E-05  2.710E-05  0.2728
6.000E-03  9.841E+01  1.989E+00  1.004E+02  1.097E-04  3.204E-05  0.2920
7.000E-03  1.063E+02  1.901E+00  1.082E+02  1.193E-04  3.689E-05  0.3092
8.000E-03  1.136E+02  1.822E+00  1.155E+02  1.283E-04  4.166E-05  0.3248
9.000E-03  1.205E+02  1.750E+00  1.223E+02  1.367E-04  4.635E-05  0.3391
1.000E-02  1.270E+02  1.685E+00  1.287E+02  1.446E-04  5.096E-05  0.3523
1.250E-02  1.402E+02  1.546E+00  1.417E+02  1.631E-04  6.224E-05  0.3816
1.500E-02  1.517E+02  1.432E+00  1.532E+02  1.800E-04  7.324E-05  0.4068
1.750E-02  1.621E+02  1.337E+00  1.634E+02  1.958E-04  8.397E-05  0.4288
2.000E-02  1.715E+02  1.256E+00  1.728E+02  2.107E-04  9.445E-05  0.4483
2.250E-02  1.801E+02  1.186E+00  1.813E+02  2.248E-04  1.047E-04  0.4657
2.500E-02  1.880E+02  1.124E+00  1.892E+02  2.383E-04  1.148E-04  0.4815
2.750E-02  1.954E+02  1.070E+00  1.964E+02  2.513E-04  1.246E-04  0.4959
3.000E-02  2.021E+02  1.021E+00  2.032E+02  2.638E-04  1.343E-04  0.5092
3.500E-02  2.143E+02  9.386E-01  2.152E+02  2.877E-04  1.533E-04  0.5327
4.000E-02  2.248E+02  8.701E-01  2.256E+02  3.104E-04  1.717E-04  0.5532
4.500E-02  2.338E+02  8.122E-01  2.346E+02  3.321E-04  1.897E-04  0.5712
5.000E-02  2.416E+02  7.626E-01  2.424E+02  3.530E-04  2.074E-04  0.5873
5.500E-02  2.483E+02  7.195E-01  2.490E+02  3.734E-04  2.247E-04  0.6019
6.000E-02  2.539E+02  6.817E-01  2.546E+02  3.932E-04  2.419E-04  0.6151
6.500E-02  2.587E+02  6.481E-01  2.593E+02  4.127E-04  2.589E-04  0.6273
7.000E-02  2.626E+02  6.182E-01  2.632E+02  4.318E-04  2.757E-04  0.6385
7.500E-02  2.657E+02  5.912E-01  2.663E+02  4.507E-04  2.925E-04  0.6489
8.000E-02  2.682E+02  5.668E-01  2.688E+02  4.694E-04  3.091E-04  0.6586
8.500E-02  2.700E+02  5.445E-01  2.706E+02  4.879E-04  3.258E-04  0.6677
9.000E-02  2.713E+02  5.242E-01  2.718E+02  5.064E-04  3.424E-04  0.6762
9.500E-02  2.721E+02  5.055E-01  2.726E+02  5.247E-04  3.591E-04  0.6843
1.000E-01  2.724E+02  4.882E-01  2.729E+02  5.430E-04  3.758E-04  0.6919
1.250E-01  2.687E+02  4.186E-01  2.691E+02  6.351E-04  4.604E-04  0.7250
1.500E-01  2.595E+02  3.679E-01  2.599E+02  7.295E-04  5.484E-04  0.7517
1.750E-01  2.480E+02  3.293E-01  2.483E+02  8.279E-04  6.407E-04  0.7740
2.000E-01  2.358E+02  2.986E-01  2.361E+02  9.311E-04  7.383E-04  0.7929
2.250E-01  2.240E+02  2.737E-01  2.243E+02  1.040E-03  8.415E-04  0.8093
2.500E-01  2.131E+02  2.529E-01  2.133E+02  1.154E-03  9.504E-04  0.8235
2.750E-01  2.031E+02  2.354E-01  2.033E+02  1.274E-03  1.065E-03  0.8359
3.000E-01  1.941E+02  2.203E-01  1.944E+02  1.400E-03  1.186E-03  0.8468
3.500E-01  1.789E+02  1.957E-01  1.791E+02  1.668E-03  1.443E-03  0.8651
4.000E-01  1.666E+02  1.765E-01  1.668E+02  1.958E-03  1.722E-03  0.8795
4.500E-01  1.565E+02  1.610E-01  1.567E+02  2.267E-03  2.021E-03  0.8911
5.000E-01  1.481E+02  1.482E-01  1.483E+02  2.596E-03  2.338E-03  0.9006
5.500E-01  1.410E+02  1.374E-01  1.412E+02  2.942E-03  2.672E-03  0.9085
6.000E-01  1.349E+02  1.282E-01  1.350E+02  3.304E-03  3.023E-03  0.9151
6.500E-01  1.295E+02  1.202E-01  1.296E+02  3.682E-03  3.390E-03  0.9207
7.000E-01  1.247E+02  1.133E-01  1.248E+02  4.075E-03  3.772E-03  0.9255
7.500E-01  1.204E+02  1.072E-01  1.205E+02  4.483E-03  4.168E-03  0.9297
8.000E-01  1.164E+02  1.017E-01  1.165E+02  4.905E-03  4.578E-03  0.9333
8.500E-01  1.126E+02  9.683E-02  1.127E+02  5.341E-03  5.002E-03  0.9365
9.000E-01  1.091E+02  9.243E-02  1.092E+02  5.792E-03  5.441E-03  0.9393
9.500E-01  1.058E+02  8.845E-02  1.058E+02  6.257E-03  5.894E-03  0.9419
1.000E+00  1.026E+02  8.482E-02  1.027E+02  6.737E-03  6.361E-03  0.9442
1.250E+00  8.980E+01  7.060E-02  8.987E+01  9.346E-03  8.906E-03  0.9528
1.500E+00  8.034E+01  6.070E-02  8.040E+01  1.229E-02  1.178E-02  0.9586
1.750E+00  7.315E+01  5.338E-02  7.320E+01  1.556E-02  1.498E-02  0.9626
2.000E+00  6.751E+01  4.773E-02  6.756E+01  1.912E-02  1.846E-02  0.9656
2.250E+00  6.294E+01  4.323E-02  6.299E+01  2.295E-02  2.222E-02  0.9679
2.500E+00  5.908E+01  3.955E-02  5.912E+01  2.705E-02  2.623E-02  0.9697
2.750E+00  5.578E+01  3.648E-02  5.582E+01  3.141E-02  3.050E-02  0.9712
3.000E+00  5.290E+01  3.389E-02  5.293E+01  3.601E-02  3.502E-02  0.9724
3.500E+00  4.808E+01  2.972E-02  4.811E+01  4.593E-02  4.476E-02  0.9744
4.000E+00  4.423E+01  2.651E-02  4.425E+01  5.678E-02  5.541E-02  0.9759
4.500E+00  4.102E+01  2.395E-02  4.104E+01  6.852E-02  6.695E-02  0.9771
5.000E+00  3.829E+01  2.187E-02  3.831E+01  8.114E-02  7.936E-02  0.9780
5.500E+00  3.594E+01  2.014E-02  3.596E+01  9.462E-02  9.262E-02  0.9788
6.000E+00  3.393E+01  1.868E-02  3.395E+01  1.089E-01  1.067E-01  0.9795
6.500E+00  3.216E+01  1.742E-02  3.217E+01  1.241E-01  1.216E-01  0.9801
7.000E+00  3.058E+01  1.634E-02  3.060E+01  1.400E-01  1.373E-01  0.9806
7.500E+00  2.917E+01  1.538E-02  2.919E+01  1.568E-01  1.538E-01  0.9811
8.000E+00  2.791E+01  1.454E-02  2.793E+01  1.743E-01  1.710E-01  0.9815
8.500E+00  2.677E+01  1.379E-02  2.678E+01  1.926E-01  1.891E-01  0.9818
9.000E+00  2.573E+01  1.312E-02  2.574E+01  2.116E-01  2.078E-01  0.9821
9.500E+00  2.478E+01  1.251E-02  2.479E+01  2.314E-01  2.273E-01  0.9824
1.000E+01  2.390E+01  1.196E-02  2.391E+01  2.519E-01  2.476E-01  0.9827
1.250E+01  2.041E+01  9.826E-03  2.042E+01  3.655E-01  3.596E-01  0.9838
1.500E+01  1.790E+01  8.364E-03  1.791E+01  4.966E-01  4.889E-01  0.9846
1.750E+01  1.600E+01  7.295E-03  1.601E+01  6.445E-01  6.349E-01  0.9852
2.000E+01  1.451E+01  6.478E-03  1.452E+01  8.087E-01  7.971E-01  0.9857
2.500E+01  1.231E+01  5.307E-03  1.231E+01  1.184E+00  1.168E+00  0.9864
2.750E+01  1.147E+01  4.873E-03  1.147E+01  1.395E+00  1.376E+00  0.9867
3.000E+01  1.075E+01  4.507E-03  1.075E+01  1.620E+00  1.599E+00  0.9869
3.500E+01  9.582E+00  3.923E-03  9.585E+00  2.113E+00  2.087E+00  0.9873
4.000E+01  8.674E+00  3.478E-03  8.677E+00  2.662E+00  2.630E+00  0.9877
4.500E+01  7.945E+00  3.126E-03  7.948E+00  3.265E+00  3.226E+00  0.9880
5.000E+01  7.347E+00  2.841E-03  7.350E+00  3.920E+00  3.874E+00  0.9882
5.500E+01  6.846E+00  2.606E-03  6.849E+00  4.625E+00  4.572E+00  0.9884
6.000E+01  6.420E+00  2.407E-03  6.423E+00  5.380E+00  5.318E+00  0.9886
6.500E+01  6.053E+00  2.238E-03  6.056E+00  6.182E+00  6.113E+00  0.9888
7.000E+01  5.734E+00  2.091E-03  5.736E+00  7.031E+00  6.953E+00  0.9889
7.500E+01  5.453E+00  1.963E-03  5.455E+00  7.925E+00  7.838E+00  0.9891
8.000E+01  5.204E+00  1.851E-03  5.206E+00  8.863E+00  8.768E+00  0.9892
8.500E+01  4.982E+00  1.751E-03  4.984E+00  9.845E+00  9.740E+00  0.9893
9.000E+01  4.782E+00  1.661E-03  4.784E+00  1.087E+01  1.075E+01  0.9894
9.500E+01  4.602E+00  1.581E-03  4.603E+00  1.194E+01  1.181E+01  0.9895
1.000E+02  4.438E+00  1.508E-03  4.439E+00  1.304E+01  1.291E+01  0.9896
1.250E+02  3.801E+00  1.227E-03  3.802E+00  1.915E+01  1.896E+01  0.9900
1.500E+02  3.363E+00  1.037E-03  3.364E+00  2.616E+01  2.591E+01  0.9904
1.750E+02  3.043E+00  8.988E-04  3.043E+00  3.399E+01  3.368E+01  0.9907
2.000E+02  2.798E+00  7.939E-04  2.799E+00  4.257E+01  4.218E+01  0.9909
2.250E+02  2.606E+00  7.115E-04  2.607E+00  5.184E+01  5.138E+01  0.9911
2.500E+02  2.451E+00  6.449E-04  2.452E+00  6.173E+01  6.120E+01  0.9913
2.750E+02  2.323E+00  5.901E-04  2.324E+00  7.222E+01  7.160E+01  0.9915
3.000E+02  2.216E+00  5.440E-04  2.217E+00  8.324E+01  8.254E+01  0.9917
3.500E+02  2.048E+00  4.710E-04  2.048E+00  1.067E+02  1.059E+02  0.9920
4.000E+02  1.921E+00  4.156E-04  1.922E+00  1.320E+02  1.310E+02  0.9922
4.500E+02  1.823E+00  3.722E-04  1.824E+00  1.587E+02  1.575E+02  0.9925
5.000E+02  1.746E+00  3.372E-04  1.746E+00  1.868E+02  1.854E+02  0.9927
5.500E+02  1.683E+00  3.084E-04  1.684E+00  2.159E+02  2.144E+02  0.9929
6.000E+02  1.632E+00  2.842E-04  1.632E+00  2.461E+02  2.444E+02  0.9931
6.500E+02  1.589E+00  2.637E-04  1.589E+00  2.772E+02  2.753E+02  0.9932
7.000E+02  1.553E+00  2.460E-04  1.553E+00  3.090E+02  3.070E+02  0.9934
7.500E+02  1.523E+00  2.305E-04  1.523E+00  3.415E+02  3.393E+02  0.9935
8.000E+02  1.497E+00  2.170E-04  1.497E+00  3.746E+02  3.723E+02  0.9937
8.500E+02  1.474E+00  2.050E-04  1.475E+00  4.083E+02  4.058E+02  0.9938
9.000E+02  1.455E+00  1.943E-04  1.455E+00  4.424E+02  4.397E+02  0.9939
9.500E+02  1.438E+00  1.847E-04  1.439E+00  4.770E+02  4.741E+02  0.9941
1.000E+03  1.424E+00  1.760E-04  1.424E+00  5.119E+02  5.089E+02  0.9942
1.500E+03  1.348E+00  1.203E-04  1.348E+00  8.748E+02  8.705E+02  0.9950
2.000E+03  1.329E+00  9.192E-05  1.329E+00  1.249E+03  1.244E+03  0.9956
2.500E+03  1.329E+00  7.460E-05  1.329E+00  1.626E+03  1.619E+03  0.9961
3.000E+03  1.337E+00  6.292E-05  1.337E+00  2.001E+03  1.994E+03  0.9964
4.000E+03  1.361E+00  4.809E-05  1.361E+00  2.743E+03  2.734E+03  0.9969
5.000E+03  1.386E+00  3.906E-05  1.386E+00  3.471E+03  3.461E+03  0.9972
6.000E+03  1.410E+00  3.295E-05  1.410E+00  4.186E+03  4.175E+03  0.9975
7.000E+03  1.433E+00  2.854E-05  1.433E+00  4.889E+03  4.878E+03  0.9977
8.000E+03  1.453E+00  2.520E-05  1.453E+00  5.582E+03  5.571E+03  0.9979
9.000E+03  1.471E+00  2.258E-05  1.471E+00  6.266E+03  6.254E+03  0.9980
1.000E+04  1.487E+00  2.047E-05  1.488E+00  6.942E+03  6.930E+03  0.9982
