1.000E-03  2.571E+01  1.244E+00  2.696E+01  6.484E-05  8.285E-06  0.1278
1.500E-03  3.149E+01  1.257E+00  3.275E+01  8.147E-05  1.177E-05  0.1445
2.000E-03  3.637E+01  1.253E+00  3.762E+01  9.569E-05  1.519E-05  0.1587
2.500E-03  4.066E+01  1.242E+00  4.190E+01  1.083E-04  1.853E-05  0.1712
3.000E-03  4.454E+01  1.227E+00  4.577E+01  1.197E-04  2.183E-05  0.1825
4.000E-03  5.143E+01  1.192E+00  5.262E+01  1.400E-04  2.833E-05  0.2024
5.000E-03  5.750E+01  1.156E+00  5.865E+01  1.580E-04  3.471E-05  0.2197
6.000E-03  6.299E+01  1.121E+00  6.411E+01  1.743E-04  4.100E-05  0.2353
7.000E-03  6.803E+01  1.087E+00  6.912E+01  1.893E-04  4.720E-05  0.2494
8.000E-03  7.273E+01  1.055E+00  7.379E+01  2.033E-04  5.332E-05  0.2623
9.000E-03  7.714E+01  1.025E+00  7.817E+01  2.164E-04  5.937E-05  0.2743
1.000E-02  8.132E+01  9.972E-01  8.231E+01  2.289E-04  6.535E-05  0.2855
1.250E-02  8.978E+01  9.344E-01  9.071E+01  2.578E-04  8.010E-05  0.3108
1.500E-02  9.724E+01  8.804E-01  9.812E+01  2.842E-04  9.462E-05  0.3329
1.750E-02  1.040E+02  8.335E-01  1.048E+02  3.089E-04  1.089E-04  0.3526
2.000E-02  1.101E+02  7.923E-01  1.109E+02  3.320E-04  1.230E-04  0.3703
2.250E-02  1.158E+02  7.558E-01  1.165E+02  3.540E-04  1.368E-04  0.3864
2.500E-02  1.210E+02  7.232E-01  1.217E+02  3.750E-04  1.504E-04  0.4011
2.750E-02  1.258E+02  6.938E-01  1.265E+02  3.952E-04  1.639E-04  0.4147
3.000E-02  1.304E+02  6.672E-01  1.310E+02  4.146E-04  1.772E-04  0.4274
3.500E-02  1.385E+02  6.208E-01  1.392E+02  4.516E-04  2.033E-04  0.4501
4.000E-02  1.457E+02  5.815E-01  1.463E+02  4.866E-04  2.288E-04  0.4702
4.500E-02  1.521E+02  5.478E-01  1.526E+02  5.200E-04  2.538E-04  0.4881
5.000E-02  1.577E+02  5.183E-01  1.582E+02  5.522E-04  2.785E-04  0.5043
5.500E-02  1.626E+02  4.924E-01  1.631E+02  5.833E-04  3.028E-04  0.5191
6.000E-02  1.669E+02  4.694E-01  1.674E+02  6.136E-04  3.268E-04  0.5326
6.500E-02  1.707E+02  4.487E-01  1.711E+02  6.431E-04  3.506E-04  0.5452
7.000E-02  1.739E+02  4.301E-01  1.743E+02  6.720E-04  3.742E-04  0.5568
7.500E-02  1.767E+02  4.132E-01  1.771E+02  7.005E-04  3.976E-04  0.5677
8.000E-02  1.790E+02  3.978E-01  1.794E+02  7.285E-04  4.210E-04  0.5779
8.500E-02  1.810E+02  3.836E-01  1.813E+02  7.562E-04  4.443E-04  0.5875
9.000E-02  1.825E+02  3.706E-01  1.829E+02  7.837E-04  4.675E-04  0.5965
9.500E-02  1.838E+02  3.585E-01  1.841E+02  8.109E-04  4.907E-04  0.6051
1.000E-01  1.847E+02  3.474E-01  1.850E+02  8.380E-04  5.140E-04  0.6133
1.250E-01  1.856E+02  3.016E-01  1.859E+02  9.725E-04  6.311E-04  0.6490
1.500E-01  1.821E+02  2.676E-01  1.824E+02  1.108E-03  7.515E-04  0.6783
1.750E-01  1.763E+02  2.413E-01  1.766E+02  1.247E-03  8.769E-04  0.7031
2.000E-01  1.694E+02  2.202E-01  1.696E+02  1.392E-03  1.008E-03  0.7245
2.250E-01  1.622E+02  2.028E-01  1.624E+02  1.542E-03  1.146E-03  0.7432
2.500E-01  1.552E+02  1.883E-01  1.554E+02  1.700E-03  1.291E-03  0.7598
2.750E-01  1.487E+02  1.759E-01  1.488E+02  1.864E-03  1.444E-03  0.7744
3.000E-01  1.426E+02  1.652E-01  1.428E+02  2.036E-03  1.603E-03  0.7875
3.500E-01  1.320E+02  1.476E-01  1.322E+02  2.400E-03  1.943E-03  0.8097
4.000E-01  1.233E+02  1.337E-01  1.235E+02  2.792E-03  2.311E-03  0.8277
4.500E-01  1.162E+02  1.224E-01  1.163E+02  3.209E-03  2.704E-03  0.8424
5.000E-01  1.102E+02  1.130E-01  1.103E+02  3.651E-03  3.121E-03  0.8547
5.500E-01  1.050E+02  1.051E-01  1.051E+02  4.116E-03  3.560E-03  0.8650
6.000E-01  1.006E+02  9.827E-02  1.007E+02  4.602E-03  4.021E-03  0.8737
6.500E-01  9.667E+01  9.237E-02  9.676E+01  5.109E-03  4.502E-03  0.8812
7.000E-01  9.320E+01  8.721E-02  9.328E+01  5.635E-03  5.002E-03  0.8877
7.500E-01  9.008E+01  8.263E-02  9.016E+01  6.180E-03  5.521E-03  0.8934
8.000E-01  8.727E+01  7.856E-02  8.735E+01  6.744E-03  6.058E-03  0.8984
8.500E-01  8.472E+01  7.490E-02  8.479E+01  7.325E-03  6.613E-03  0.9028
9.000E-01  8.238E+01  7.159E-02  8.246E+01  7.923E-03  7.184E-03  0.9067
9.500E-01  8.024E+01  6.859E-02  8.031E+01  8.538E-03  7.771E-03  0.9102
1.000E+00  7.826E+01  6.585E-02  7.833E+01  9.168E-03  8.374E-03  0.9134
1.250E+00  7.014E+01  5.507E-02  7.019E+01  1.255E-02  1.161E-02  0.9256
1.500E+00  6.387E+01  4.752E-02  6.392E+01  1.629E-02  1.521E-02  0.9338
1.750E+00  5.887E+01  4.191E-02  5.891E+01  2.036E-02  1.914E-02  0.9397
2.000E+00  5.476E+01  3.756E-02  5.479E+01  2.477E-02  2.339E-02  0.9442
2.250E+00  5.129E+01  3.408E-02  5.133E+01  2.949E-02  2.794E-02  0.9477
2.500E+00  4.835E+01  3.123E-02  4.838E+01  3.451E-02  3.280E-02  0.9506
2.750E+00  4.580E+01  2.885E-02  4.582E+01  3.982E-02  3.795E-02  0.9530
3.000E+00  4.354E+01  2.683E-02  4.357E+01  4.541E-02  4.337E-02  0.9550
3.500E+00  3.976E+01  2.358E-02  3.978E+01  5.744E-02  5.504E-02  0.9582
4.000E+00  3.669E+01  2.108E-02  3.671E+01  7.054E-02  6.777E-02  0.9607
4.500E+00  3.413E+01  1.908E-02  3.415E+01  8.467E-02  8.151E-02  0.9627
5.000E+00  3.197E+01  1.745E-02  3.199E+01  9.981E-02  9.625E-02  0.9643
5.500E+00  3.011E+01  1.609E-02  3.012E+01  1.159E-01  1.119E-01  0.9657
6.000E+00  2.848E+01  1.494E-02  2.850E+01  1.330E-01  1.286E-01  0.9668
6.500E+00  2.705E+01  1.395E-02  2.707E+01  1.510E-01  1.462E-01  0.9678
7.000E+00  2.578E+01  1.309E-02  2.580E+01  1.699E-01  1.646E-01  0.9687
7.500E+00  2.464E+01  1.234E-02  2.466E+01  1.898E-01  1.840E-01  0.9695
8.000E+00  2.362E+01  1.167E-02  2.363E+01  2.105E-01  2.042E-01  0.9702
8.500E+00  2.268E+01  1.108E-02  2.270E+01  2.321E-01  2.253E-01  0.9708
9.000E+00  2.183E+01  1.054E-02  2.184E+01  2.546E-01  2.473E-01  0.9714
9.500E+00  2.105E+01  1.006E-02  2.106E+01  2.779E-01  2.701E-01  0.9719
1.000E+01  2.034E+01  9.624E-03  2.035E+01  3.020E-01  2.937E-01  0.9724
1.250E+01  1.746E+01  7.928E-03  1.746E+01  4.351E-01  4.239E-01  0.9742
1.500E+01  1.537E+01  6.762E-03  1.538E+01  5.880E-01  5.737E-01  0.9756
1.750E+01  1.379E+01  5.908E-03  1.379E+01  7.600E-01  7.422E-01  0.9766
2.000E+01  1.254E+01  5.254E-03  1.254E+01  9.503E-01  9.289E-01  0.9774
2.500E+01  1.068E+01  4.315E-03  1.068E+01  1.384E+00  1.354E+00  0.9787
2.750E+01  9.963E+00  3.966E-03  9.967E+00  1.626E+00  1.592E+00  0.9791
3.000E+01  9.348E+00  3.672E-03  9.352E+00  1.886E+00  1.847E+00  0.9796
3.500E+01  8.344E+00  3.202E-03  8.347E+00  2.453E+00  2.404E+00  0.9803
4.000E+01  7.558E+00  2.842E-03  7.561E+00  3.083E+00  3.024E+00  0.9808
4.500E+01  6.926E+00  2.558E-03  6.928E+00  3.775E+00  3.704E+00  0.9813
5.000E+01  6.405E+00  2.328E-03  6.408E+00  4.526E+00  4.443E+00  0.9817
5.500E+01  5.970E+00  2.137E-03  5.972E+00  5.335E+00  5.239E+00  0.9820
6.000E+01  5.599E+00  1.976E-03  5.601E+00  6.200E+00  6.090E+00  0.9823
6.500E+01  5.280E+00  1.839E-03  5.282E+00  7.119E+00  6.996E+00  0.9826
7.000E+01  5.003E+00  1.720E-03  5.005E+00  8.092E+00  7.954E+00  0.9829
7.500E+01  4.759E+00  1.616E-03  4.761E+00  9.117E+00  8.963E+00  0.9831
8.000E+01  4.543E+00  1.524E-03  4.545E+00  1.019E+01  1.002E+01  0.9833
8.500E+01  4.351E+00  1.443E-03  4.352E+00  1.132E+01  1.113E+01  0.9835
9.000E+01  4.178E+00  1.370E-03  4.179E+00  1.249E+01  1.229E+01  0.9836
9.500E+01  4.022E+00  1.305E-03  4.023E+00  1.371E+01  1.349E+01  0.9838
1.000E+02  3.880E+00  1.245E-03  3.882E+00  1.497E+01  1.473E+01  0.9840
1.250E+02  3.330E+00  1.016E-03  3.331E+00  2.196E+01  2.162E+01  0.9846
1.500E+02  2.951E+00  8.602E-04  2.951E+00  2.995E+01  2.951E+01  0.9851
1.750E+02  2.673E+00  7.468E-04  2.673E+00  3.887E+01  3.831E+01  0.9856
2.000E+02  2.460E+00  6.606E-04  2.461E+00  4.863E+01  4.795E+01  0.9859
2.250E+02  2.293E+00  5.927E-04  2.293E+00  5.917E+01  5.835E+01  0.9863
2.500E+02  2.158E+00  5.378E-04  2.158E+00  7.041E+01  6.947E+01  0.9866
2.750E+02  2.046E+00  4.925E-04  2.047E+00  8.232E+01  8.123E+01  0.9868
3.000E+02  1.953E+00  4.544E-04  1.953E+00  9.483E+01  9.360E+01  0.9871
3.500E+02  1.806E+00  3.939E-04  1.806E+00  1.215E+02  1.200E+02  0.9876
4.000E+02  1.695E+00  3.480E-04  1.696E+00  1.501E+02  1.483E+02  0.9880
4.500E+02  1.610E+00  3.119E-04  1.610E+00  1.804E+02  1.783E+02  0.9883
5.000E+02  1.542E+00  2.828E-04  1.542E+00  2.121E+02  2.097E+02  0.9887
5.500E+02  1.487E+00  2.588E-04  1.488E+00  2.452E+02  2.425E+02  0.9890
6.000E+02  1.443E+00  2.386E-04  1.443E+00  2.793E+02  2.763E+02  0.9892
6.500E+02  1.405E+00  2.215E-04  1.406E+00  3.144E+02  3.111E+02  0.9895
7.000E+02  1.374E+00  2.067E-04  1.374E+00  3.504E+02  3.468E+02  0.9898
7.500E+02  1.348E+00  1.938E-04  1.348E+00  3.872E+02  3.833E+02  0.9900
8.000E+02  1.325E+00  1.825E-04  1.325E+00  4.246E+02  4.204E+02  0.9902
8.500E+02  1.306E+00  1.724E-04  1.306E+00  4.626E+02  4.581E+02  0.9904
9.000E+02  1.289E+00  1.635E-04  1.289E+00  5.011E+02  4.964E+02  0.9906
9.500E+02  1.275E+00  1.554E-04  1.275E+00  5.401E+02  5.351E+02  0.9908
1.000E+03  1.262E+00  1.482E-04  1.262E+00  5.795E+02  5.743E+02  0.9909
1.500E+03  1.198E+00  1.015E-04  1.198E+00  9.884E+02  9.807E+02  0.9923
2.000E+03  1.183E+00  7.757E-05  1.183E+00  1.409E+03  1.399E+03  0.9932
2.500E+03  1.186E+00  6.299E-05  1.186E+00  1.832E+03  1.820E+03  0.9939
3.000E+03  1.195E+00  5.315E-05  1.195E+00  2.252E+03  2.239E+03  0.9944
4.000E+03  1.219E+00  4.065E-05  1.219E+00  3.081E+03  3.066E+03  0.9952
5.000E+03  1.245E+00  3.303E-05  1.245E+00  3.892E+03  3.876E+03  0.9957
6.000E+03  1.269E+00  2.787E-05  1.269E+00  4.688E+03  4.669E+03  0.9961
7.000E+03  1.292E+00  2.415E-05  1.292E+00  5.469E+03  5.449E+03  0.9965
8.000E+03  1.312E+00  2.133E-05  1.312E+00  6.237E+03  6.216E+03  0.9967
9.000E+03  1.330E+00  1.911E-05  1.330E+00  6.994E+03  6.972E+03  0.9969
1.000E+04  1.347E+00  1.733E-05  1.347E+00  7.740E+03  7.718E+03  0.9971
