1.000E-03  3.781E+01  5.233E+00  4.304E+01  3.706E-05  5.311E-06  0.1433
1.500E-03  4.631E+01  4.980E+00  5.129E+01  4.758E-05  7.882E-06  0.1656
2.000E-03  5.347E+01  4.734E+00  5.820E+01  5.672E-05  1.049E-05  0.1850
2.500E-03  5.978E+01  4.508E+00  6.429E+01  6.489E-05  1.312E-05  0.2021
3.000E-03  6.549E+01  4.304E+00  6.979E+01  7.234E-05  1.575E-05  0.2177
4.000E-03  7.562E+01  3.954E+00  7.957E+01  8.573E-05  2.102E-05  0.2451
5.000E-03  8.454E+01  3.666E+00  8.821E+01  9.765E-05  2.627E-05  0.2690
6.000E-03  9.261E+01  3.425E+00  9.604E+01  1.085E-04  3.147E-05  0.2901
7.000E-03  1.000E+02  3.220E+00  1.033E+02  1.185E-04  3.663E-05  0.3090
8.000E-03  1.069E+02  3.043E+00  1.100E+02  1.279E-04  4.172E-05  0.3262
9.000E-03  1.134E+02  2.888E+00  1.163E+02  1.368E-04  4.675E-05  0.3418
1.000E-02  1.196E+02  2.750E+00  1.223E+02  1.451E-04  5.171E-05  0.3563
1.250E-02  1.320E+02  2.467E+00  1.345E+02  1.646E-04  6.389E-05  0.3882
1.500E-02  1.430E+02  2.246E+00  1.453E+02  1.825E-04  7.579E-05  0.4154
1.750E-02  1.530E+02  2.066E+00  1.550E+02  1.991E-04  8.741E-05  0.4390
2.000E-02  1.620E+02  1.917E+00  1.640E+02  2.148E-04  9.876E-05  0.4598
2.250E-02  1.704E+02  1.791E+00  1.722E+02  2.297E-04  1.099E-04  0.4784
2.500E-02  1.782E+02  1.683E+00  1.799E+02  2.439E-04  1.207E-04  0.4950
2.750E-02  1.854E+02  1.589E+00  1.870E+02  2.575E-04  1.314E-04  0.5102
3.000E-02  1.922E+02  1.507E+00  1.937E+02  2.706E-04  1.418E-04  0.5240
3.500E-02  2.046E+02  1.368E+00  2.060E+02  2.956E-04  1.621E-04  0.5484
4.000E-02  2.156E+02  1.255E+00  2.169E+02  3.193E-04  1.818E-04  0.5694
4.500E-02  2.254E+02  1.162E+00  2.266E+02  3.418E-04  2.009E-04  0.5878
5.000E-02  2.342E+02  1.083E+00  2.353E+02  3.635E-04  2.196E-04  0.6041
5.500E-02  2.421E+02  1.015E+00  2.431E+02  3.844E-04  2.378E-04  0.6188
6.000E-02  2.492E+02  9.561E-01  2.502E+02  4.046E-04  2.557E-04  0.6319
6.500E-02  2.555E+02  9.044E-01  2.565E+02  4.244E-04  2.733E-04  0.6440
7.000E-02  2.612E+02  8.586E-01  2.621E+02  4.436E-04  2.906E-04  0.6550
7.500E-02  2.662E+02  8.177E-01  2.671E+02  4.625E-04  3.077E-04  0.6651
8.000E-02  2.707E+02  7.810E-01  2.715E+02  4.811E-04  3.245E-04  0.6746
8.500E-02  2.746E+02  7.478E-01  2.754E+02  4.994E-04  3.412E-04  0.6833
9.000E-02  2.781E+02  7.175E-01  2.788E+02  5.174E-04  3.578E-04  0.6915
9.500E-02  2.810E+02  6.899E-01  2.817E+02  5.353E-04  3.743E-04  0.6992
1.000E-01  2.836E+02  6.645E-01  2.842E+02  5.529E-04  3.906E-04  0.7065
1.250E-01  2.909E+02  5.634E-01  2.915E+02  6.396E-04  4.716E-04  0.7374
1.500E-01  2.915E+02  4.911E-01  2.920E+02  7.251E-04  5.525E-04  0.7620
1.750E-01  2.876E+02  4.365E-01  2.880E+02  8.113E-04  6.346E-04  0.7822
2.000E-01  2.810E+02  3.938E-01  2.813E+02  8.990E-04  7.187E-04  0.7994
2.250E-01  2.728E+02  3.593E-01  2.732E+02  9.892E-04  8.055E-04  0.8143
2.500E-01  2.639E+02  3.308E-01  2.643E+02  1.082E-03  8.953E-04  0.8273
2.750E-01  2.549E+02  3.068E-01  2.552E+02  1.178E-03  9.885E-04  0.8388
3.000E-01  2.460E+02  2.864E-01  2.463E+02  1.278E-03  1.085E-03  0.8491
3.500E-01  2.295E+02  2.532E-01  2.297E+02  1.488E-03  1.290E-03  0.8665
4.000E-01  2.148E+02  2.274E-01  2.150E+02  1.714E-03  1.509E-03  0.8808
4.500E-01  2.021E+02  2.067E-01  2.023E+02  1.953E-03  1.744E-03  0.8926
5.000E-01  1.911E+02  1.897E-01  1.913E+02  2.208E-03  1.992E-03  0.9025
5.500E-01  1.816E+02  1.755E-01  1.818E+02  2.476E-03  2.255E-03  0.9108
6.000E-01  1.734E+02  1.634E-01  1.736E+02  2.758E-03  2.531E-03  0.9179
6.500E-01  1.662E+02  1.530E-01  1.663E+02  3.052E-03  2.820E-03  0.9240
7.000E-01  1.597E+02  1.439E-01  1.598E+02  3.359E-03  3.121E-03  0.9293
7.500E-01  1.538E+02  1.359E-01  1.540E+02  3.678E-03  3.435E-03  0.9339
8.000E-01  1.485E+02  1.288E-01  1.486E+02  4.008E-03  3.760E-03  0.9380
8.500E-01  1.436E+02  1.225E-01  1.438E+02  4.350E-03  4.096E-03  0.9415
9.000E-01  1.391E+02  1.168E-01  1.393E+02  4.704E-03  4.444E-03  0.9447
9.500E-01  1.350E+02  1.116E-01  1.351E+02  5.068E-03  4.803E-03  0.9476
1.000E+00  1.311E+02  1.069E-01  1.313E+02  5.444E-03  5.172E-03  0.9501
1.250E+00  1.153E+02  8.862E-02  1.154E+02  7.481E-03  7.179E-03  0.9597
1.500E+00  1.035E+02  7.595E-02  1.036E+02  9.771E-03  9.438E-03  0.9659
1.750E+00  9.402E+01  6.661E-02  9.408E+01  1.231E-02  1.194E-02  0.9703
2.000E+00  8.652E+01  5.944E-02  8.658E+01  1.508E-02  1.468E-02  0.9735
2.250E+00  8.026E+01  5.373E-02  8.031E+01  1.808E-02  1.765E-02  0.9759
2.500E+00  7.496E+01  4.908E-02  7.501E+01  2.130E-02  2.083E-02  0.9778
2.750E+00  7.044E+01  4.520E-02  7.049E+01  2.474E-02  2.423E-02  0.9793
3.000E+00  6.649E+01  4.192E-02  6.653E+01  2.840E-02  2.785E-02  0.9806
3.500E+00  5.999E+01  3.666E-02  6.002E+01  3.632E-02  3.569E-02  0.9825
4.000E+00  5.479E+01  3.263E-02  5.482E+01  4.505E-02  4.433E-02  0.9839
4.500E+00  5.053E+01  2.944E-02  5.056E+01  5.456E-02  5.374E-02  0.9850
5.000E+00  4.696E+01  2.684E-02  4.699E+01  6.482E-02  6.391E-02  0.9858
5.500E+00  4.393E+01  2.468E-02  4.395E+01  7.583E-02  7.481E-02  0.9865
6.000E+00  4.131E+01  2.286E-02  4.133E+01  8.757E-02  8.644E-02  0.9871
6.500E+00  3.902E+01  2.130E-02  3.904E+01  1.000E-01  9.878E-02  0.9876
7.000E+00  3.700E+01  1.995E-02  3.702E+01  1.132E-01  1.118E-01  0.9880
7.500E+00  3.521E+01  1.877E-02  3.523E+01  1.270E-01  1.255E-01  0.9883
8.000E+00  3.360E+01  1.773E-02  3.362E+01  1.416E-01  1.400E-01  0.9886
8.500E+00  3.215E+01  1.680E-02  3.217E+01  1.568E-01  1.550E-01  0.9889
9.000E+00  3.084E+01  1.597E-02  3.085E+01  1.726E-01  1.708E-01  0.9892
9.500E+00  2.964E+01  1.522E-02  2.965E+01  1.892E-01  1.872E-01  0.9894
1.000E+01  2.854E+01  1.454E-02  2.856E+01  2.064E-01  2.042E-01  0.9896
1.250E+01  2.419E+01  1.191E-02  2.420E+01  3.019E-01  2.989E-01  0.9903
1.500E+01  2.109E+01  1.011E-02  2.110E+01  4.128E-01  4.090E-01  0.9908
1.750E+01  1.878E+01  8.800E-03  1.878E+01  5.386E-01  5.339E-01  0.9912
2.000E+01  1.697E+01  7.800E-03  1.697E+01  6.788E-01  6.731E-01  0.9915
2.500E+01  1.431E+01  6.370E-03  1.432E+01  1.001E+00  9.929E-01  0.9919
2.750E+01  1.330E+01  5.841E-03  1.331E+01  1.182E+00  1.173E+00  0.9921
3.000E+01  1.245E+01  5.396E-03  1.245E+01  1.377E+00  1.366E+00  0.9922
3.500E+01  1.106E+01  4.686E-03  1.107E+01  1.803E+00  1.790E+00  0.9925
4.000E+01  9.990E+00  4.146E-03  9.994E+00  2.279E+00  2.263E+00  0.9927
4.500E+01  9.133E+00  3.721E-03  9.136E+00  2.803E+00  2.783E+00  0.9928
5.000E+01  8.430E+00  3.376E-03  8.433E+00  3.374E+00  3.350E+00  0.9930
5.500E+01  7.843E+00  3.092E-03  7.847E+00  3.989E+00  3.961E+00  0.9931
6.000E+01  7.346E+00  2.853E-03  7.348E+00  4.648E+00  4.616E+00  0.9932
6.500E+01  6.918E+00  2.649E-03  6.920E+00  5.349E+00  5.313E+00  0.9933
7.000E+01  6.545E+00  2.473E-03  6.548E+00  6.092E+00  6.052E+00  0.9934
7.500E+01  6.219E+00  2.320E-03  6.221E+00  6.876E+00  6.831E+00  0.9935
8.000E+01  5.929E+00  2.185E-03  5.932E+00  7.699E+00  7.650E+00  0.9935
8.500E+01  5.671E+00  2.065E-03  5.673E+00  8.562E+00  8.507E+00  0.9936
9.000E+01  5.440E+00  1.958E-03  5.442E+00  9.462E+00  9.402E+00  0.9937
9.500E+01  5.231E+00  1.862E-03  5.232E+00  1.040E+01  1.033E+01  0.9937
1.000E+02  5.041E+00  1.775E-03  5.043E+00  1.137E+01  1.130E+01  0.9938
1.250E+02  4.305E+00  1.441E-03  4.306E+00  1.676E+01  1.666E+01  0.9940
1.500E+02  3.800E+00  1.215E-03  3.801E+00  2.296E+01  2.283E+01  0.9942
1.750E+02  3.432E+00  1.051E-03  3.433E+00  2.989E+01  2.972E+01  0.9944
2.000E+02  3.152E+00  9.271E-04  3.153E+00  3.750E+01  3.730E+01  0.9946
2.250E+02  2.931E+00  8.299E-04  2.932E+00  4.573E+01  4.549E+01  0.9947
2.500E+02  2.753E+00  7.516E-04  2.754E+00  5.454E+01  5.426E+01  0.9948
2.750E+02  2.607E+00  6.871E-04  2.607E+00  6.388E+01  6.355E+01  0.9949
3.000E+02  2.484E+00  6.330E-04  2.485E+00  7.371E+01  7.334E+01  0.9950
3.500E+02  2.291E+00  5.474E-04  2.291E+00  9.470E+01  9.424E+01  0.9952
4.000E+02  2.146E+00  4.827E-04  2.147E+00  1.173E+02  1.167E+02  0.9953
4.500E+02  2.034E+00  4.319E-04  2.034E+00  1.412E+02  1.406E+02  0.9955
5.000E+02  1.945E+00  3.911E-04  1.945E+00  1.664E+02  1.656E+02  0.9956
5.500E+02  1.873E+00  3.574E-04  1.874E+00  1.926E+02  1.918E+02  0.9957
6.000E+02  1.814E+00  3.293E-04  1.814E+00  2.197E+02  2.188E+02  0.9958
6.500E+02  1.765E+00  3.053E-04  1.765E+00  2.477E+02  2.467E+02  0.9959
7.000E+02  1.724E+00  2.847E-04  1.724E+00  2.763E+02  2.752E+02  0.9960
7.500E+02  1.688E+00  2.668E-04  1.689E+00  3.056E+02  3.045E+02  0.9961
8.000E+02  1.658E+00  2.511E-04  1.659E+00  3.355E+02  3.342E+02  0.9962
8.500E+02  1.632E+00  2.371E-04  1.633E+00  3.659E+02  3.645E+02  0.9963
9.000E+02  1.610E+00  2.247E-04  1.610E+00  3.968E+02  3.953E+02  0.9963
9.500E+02  1.590E+00  2.135E-04  1.591E+00  4.280E+02  4.265E+02  0.9964
1.000E+03  1.573E+00  2.035E-04  1.574E+00  4.596E+02  4.580E+02  0.9965
1.500E+03  1.482E+00  1.390E-04  1.482E+00  7.889E+02  7.865E+02  0.9970
2.000E+03  1.456E+00  1.061E-04  1.456E+00  1.130E+03  1.127E+03  0.9974
2.500E+03  1.452E+00  8.605E-05  1.452E+00  1.474E+03  1.471E+03  0.9976
3.000E+03  1.457E+00  7.254E-05  1.457E+00  1.818E+03  1.814E+03  0.9978
4.000E+03  1.478E+00  5.543E-05  1.478E+00  2.500E+03  2.495E+03  0.9981
5.000E+03  1.501E+00  4.500E-05  1.501E+00  3.171E+03  3.166E+03  0.9983
6.000E+03  1.524E+00  3.795E-05  1.524E+00  3.832E+03  3.826E+03  0.9985
7.000E+03  1.546E+00  3.287E-05  1.546E+00  4.483E+03  4.477E+03  0.9986
8.000E+03  1.566E+00  2.901E-05  1.566E+00  5.126E+03  5.120E+03  0.9987
9.000E+03  1.584E+00  2.600E-05  1.584E+00  5.761E+03  5.754E+03  0.9988
1.000E+04  1.601E+00  2.356E-05  1.601E+00  6.389E+03  6.382E+03  0.9989
