1.000E-03  1.497E+01  9.926E-01  1.596E+01  1.088E-04  9.540E-06  0.0877
1.500E-03  1.834E+01  1.011E+00  1.935E+01  1.370E-04  1.363E-05  0.0995
2.000E-03  2.117E+01  1.014E+00  2.219E+01  1.610E-04  1.768E-05  0.1098
2.500E-03  2.367E+01  1.010E+00  2.468E+01  1.824E-04  2.169E-05  0.1189
3.000E-03  2.593E+01  1.002E+00  2.693E+01  2.018E-04  2.568E-05  0.1273
4.000E-03  2.994E+01  9.814E-01  3.092E+01  2.363E-04  3.361E-05  0.1422
5.000E-03  3.347E+01  9.579E-01  3.443E+01  2.669E-04  4.152E-05  0.1555
6.000E-03  3.667E+01  9.338E-01  3.760E+01  2.947E-04  4.940E-05  0.1676
7.000E-03  3.961E+01  9.102E-01  4.052E+01  3.203E-04  5.726E-05  0.1788
8.000E-03  4.234E+01  8.874E-01  4.323E+01  3.442E-04  6.511E-05  0.1892
9.000E-03  4.491E+01  8.657E-01  4.578E+01  3.666E-04  7.294E-05  0.1989
1.000E-02  4.734E+01  8.450E-01  4.819E+01  3.879E-04  8.074E-05  0.2081
1.250E-02  5.230E+01  7.977E-01  5.310E+01  4.372E-04  1.002E-04  0.2292
1.500E-02  5.670E+01  7.562E-01  5.746E+01  4.825E-04  1.197E-04  0.2482
1.750E-02  6.068E+01  7.195E-01  6.140E+01  5.245E-04  1.392E-04  0.2653
2.000E-02  6.433E+01  6.869E-01  6.502E+01  5.641E-04  1.585E-04  0.2810
2.250E-02  6.770E+01  6.578E-01  6.836E+01  6.016E-04  1.778E-04  0.2955
2.500E-02  7.084E+01  6.315E-01  7.148E+01  6.373E-04  1.969E-04  0.3089
2.750E-02  7.378E+01  6.077E-01  7.439E+01  6.716E-04  2.159E-04  0.3215
3.000E-02  7.655E+01  5.859E-01  7.713E+01  7.046E-04  2.348E-04  0.3332
3.500E-02  8.161E+01  5.477E-01  8.216E+01  7.673E-04  2.722E-04  0.3547
4.000E-02  8.615E+01  5.151E-01  8.667E+01  8.266E-04  3.091E-04  0.3739
4.500E-02  9.024E+01  4.868E-01  9.073E+01  8.829E-04  3.455E-04  0.3914
5.000E-02  9.395E+01  4.620E-01  9.441E+01  9.369E-04  3.816E-04  0.4073
5.500E-02  9.730E+01  4.400E-01  9.774E+01  9.890E-04  4.173E-04  0.4220
6.000E-02  1.003E+02  4.204E-01  1.008E+02  1.039E-03  4.527E-04  0.4356
6.500E-02  1.031E+02  4.028E-01  1.035E+02  1.088E-03  4.878E-04  0.4482
7.000E-02  1.056E+02  3.868E-01  1.060E+02  1.136E-03  5.226E-04  0.4601
7.500E-02  1.078E+02  3.722E-01  1.082E+02  1.183E-03  5.572E-04  0.4712
8.000E-02  1.099E+02  3.589E-01  1.102E+02  1.228E-03  5.917E-04  0.4816
8.500E-02  1.117E+02  3.467E-01  1.120E+02  1.273E-03  6.260E-04  0.4915
9.000E-02  1.133E+02  3.353E-01  1.136E+02  1.318E-03  6.601E-04  0.5009
9.500E-02  1.147E+02  3.248E-01  1.150E+02  1.362E-03  6.942E-04  0.5099
1.000E-01  1.160E+02  3.151E-01  1.163E+02  1.405E-03  7.282E-04  0.5184
1.250E-01  1.200E+02  2.749E-01  1.203E+02  1.616E-03  8.981E-04  0.5559
1.500E-01  1.212E+02  2.449E-01  1.214E+02  1.822E-03  1.070E-03  0.5870
1.750E-01  1.205E+02  2.215E-01  1.207E+02  2.028E-03  1.245E-03  0.6136
2.000E-01  1.185E+02  2.026E-01  1.187E+02  2.237E-03  1.425E-03  0.6368
2.250E-01  1.159E+02  1.870E-01  1.161E+02  2.450E-03  1.610E-03  0.6573
2.500E-01  1.129E+02  1.739E-01  1.131E+02  2.668E-03  1.803E-03  0.6757
2.750E-01  1.098E+02  1.627E-01  1.100E+02  2.892E-03  2.002E-03  0.6922
3.000E-01  1.067E+02  1.530E-01  1.069E+02  3.123E-03  2.208E-03  0.7071
3.500E-01  1.002E+02  1.370E-01  1.003E+02  3.606E-03  2.643E-03  0.7331
4.000E-01  9.414E+01  1.243E-01  9.426E+01  4.120E-03  3.111E-03  0.7551
4.500E-01  8.908E+01  1.140E-01  8.919E+01  4.666E-03  3.610E-03  0.7737
5.000E-01  8.500E+01  1.054E-01  8.510E+01  5.240E-03  4.137E-03  0.7895
5.500E-01  8.168E+01  9.811E-02  8.178E+01  5.840E-03  4.690E-03  0.8031
6.000E-01  7.878E+01  9.186E-02  7.887E+01  6.463E-03  5.266E-03  0.8149
6.500E-01  7.620E+01  8.642E-02  7.629E+01  7.107E-03  5.864E-03  0.8251
7.000E-01  7.388E+01  8.165E-02  7.396E+01  7.773E-03  6.483E-03  0.8341
7.500E-01  7.178E+01  7.743E-02  7.186E+01  8.459E-03  7.123E-03  0.8420
8.000E-01  6.986E+01  7.365E-02  6.993E+01  9.165E-03  7.781E-03  0.8491
8.500E-01  6.809E+01  7.026E-02  6.816E+01  9.889E-03  8.459E-03  0.8554
9.000E-01  6.645E+01  6.720E-02  6.652E+01  1.063E-02  9.155E-03  0.8611
9.500E-01  6.493E+01  6.441E-02  6.499E+01  1.139E-02  9.868E-03  0.8662
1.000E+00  6.350E+01  6.187E-02  6.356E+01  1.217E-02  1.060E-02  0.8709
1.250E+00  5.752E+01  5.184E-02  5.758E+01  1.631E-02  1.450E-02  0.8891
1.500E+00  5.290E+01  4.480E-02  5.294E+01  2.084E-02  1.880E-02  0.9017
1.750E+00  4.915E+01  3.955E-02  4.919E+01  2.575E-02  2.346E-02  0.9110
2.000E+00  4.604E+01  3.548E-02  4.607E+01  3.100E-02  2.846E-02  0.9181
2.250E+00  4.338E+01  3.222E-02  4.342E+01  3.660E-02  3.380E-02  0.9237
2.500E+00  4.109E+01  2.955E-02  4.112E+01  4.252E-02  3.947E-02  0.9283
2.750E+00  3.908E+01  2.731E-02  3.911E+01  4.875E-02  4.544E-02  0.9321
3.000E+00  3.731E+01  2.541E-02  3.733E+01  5.530E-02  5.172E-02  0.9353
3.500E+00  3.429E+01  2.235E-02  3.431E+01  6.928E-02  6.516E-02  0.9405
4.000E+00  3.181E+01  1.999E-02  3.183E+01  8.443E-02  7.974E-02  0.9445
4.500E+00  2.973E+01  1.811E-02  2.975E+01  1.007E-01  9.542E-02  0.9477
5.000E+00  2.795E+01  1.657E-02  2.797E+01  1.180E-01  1.122E-01  0.9503
5.500E+00  2.641E+01  1.529E-02  2.643E+01  1.364E-01  1.300E-01  0.9525
6.000E+00  2.506E+01  1.420E-02  2.508E+01  1.559E-01  1.487E-01  0.9544
6.500E+00  2.387E+01  1.327E-02  2.388E+01  1.763E-01  1.685E-01  0.9560
7.000E+00  2.280E+01  1.246E-02  2.281E+01  1.977E-01  1.893E-01  0.9574
7.500E+00  2.184E+01  1.174E-02  2.185E+01  2.201E-01  2.110E-01  0.9586
8.000E+00  2.097E+01  1.111E-02  2.098E+01  2.435E-01  2.337E-01  0.9597
8.500E+00  2.018E+01  1.055E-02  2.019E+01  2.678E-01  2.573E-01  0.9607
9.000E+00  1.946E+01  1.004E-02  1.947E+01  2.930E-01  2.818E-01  0.9616
9.500E+00  1.879E+01  9.584E-03  1.880E+01  3.192E-01  3.072E-01  0.9624
1.000E+01  1.818E+01  9.170E-03  1.818E+01  3.462E-01  3.334E-01  0.9632
1.250E+01  1.569E+01  7.560E-03  1.570E+01  4.947E-01  4.779E-01  0.9661
1.500E+01  1.388E+01  6.453E-03  1.389E+01  6.643E-01  6.432E-01  0.9682
1.750E+01  1.250E+01  5.641E-03  1.250E+01  8.544E-01  8.285E-01  0.9697
2.000E+01  1.140E+01  5.019E-03  1.140E+01  1.064E+00  1.033E+00  0.9710
2.500E+01  9.751E+00  4.125E-03  9.755E+00  1.540E+00  1.498E+00  0.9728
2.750E+01  9.121E+00  3.793E-03  9.125E+00  1.805E+00  1.757E+00  0.9735
3.000E+01  8.581E+00  3.513E-03  8.585E+00  2.088E+00  2.034E+00  0.9741
3.500E+01  7.701E+00  3.065E-03  7.704E+00  2.704E+00  2.637E+00  0.9751
4.000E+01  7.012E+00  2.722E-03  7.015E+00  3.385E+00  3.303E+00  0.9760
4.500E+01  6.455E+00  2.451E-03  6.458E+00  4.129E+00  4.032E+00  0.9766
5.000E+01  5.995E+00  2.231E-03  5.997E+00  4.933E+00  4.820E+00  0.9772
5.500E+01  5.607E+00  2.049E-03  5.609E+00  5.796E+00  5.666E+00  0.9777
6.000E+01  5.275E+00  1.895E-03  5.276E+00  6.715E+00  6.568E+00  0.9781
6.500E+01  4.987E+00  1.764E-03  4.989E+00  7.690E+00  7.525E+00  0.9785
7.000E+01  4.735E+00  1.650E-03  4.737E+00  8.719E+00  8.535E+00  0.9789
7.500E+01  4.512E+00  1.551E-03  4.514E+00  9.801E+00  9.597E+00  0.9792
8.000E+01  4.314E+00  1.464E-03  4.316E+00  1.093E+01  1.071E+01  0.9795
8.500E+01  4.136E+00  1.386E-03  4.138E+00  1.212E+01  1.187E+01  0.9798
9.000E+01  3.976E+00  1.316E-03  3.977E+00  1.335E+01  1.308E+01  0.9800
9.500E+01  3.830E+00  1.253E-03  3.831E+00  1.463E+01  1.434E+01  0.9802
1.000E+02  3.697E+00  1.196E-03  3.698E+00  1.596E+01  1.565E+01  0.9804
1.250E+02  3.178E+00  9.772E-04  3.179E+00  2.328E+01  2.285E+01  0.9814
1.500E+02  2.820E+00  8.277E-04  2.821E+00  3.165E+01  3.108E+01  0.9821
1.750E+02  2.557E+00  7.190E-04  2.558E+00  4.098E+01  4.027E+01  0.9826
2.000E+02  2.356E+00  6.363E-04  2.357E+00  5.117E+01  5.031E+01  0.9831
2.250E+02  2.198E+00  5.711E-04  2.198E+00  6.217E+01  6.115E+01  0.9836
2.500E+02  2.070E+00  5.184E-04  2.070E+00  7.390E+01  7.271E+01  0.9840
2.750E+02  1.964E+00  4.748E-04  1.965E+00  8.630E+01  8.495E+01  0.9843
3.000E+02  1.876E+00  4.382E-04  1.876E+00  9.933E+01  9.781E+01  0.9846
3.500E+02  1.736E+00  3.801E-04  1.736E+00  1.271E+02  1.252E+02  0.9852
4.000E+02  1.631E+00  3.359E-04  1.631E+00  1.568E+02  1.546E+02  0.9857
4.500E+02  1.550E+00  3.012E-04  1.550E+00  1.883E+02  1.857E+02  0.9862
5.000E+02  1.486E+00  2.731E-04  1.486E+00  2.213E+02  2.183E+02  0.9866
5.500E+02  1.434E+00  2.500E-04  1.434E+00  2.555E+02  2.522E+02  0.9869
6.000E+02  1.391E+00  2.306E-04  1.391E+00  2.909E+02  2.872E+02  0.9873
6.500E+02  1.356E+00  2.140E-04  1.356E+00  3.274E+02  3.233E+02  0.9876
7.000E+02  1.326E+00  1.998E-04  1.326E+00  3.647E+02  3.602E+02  0.9879
7.500E+02  1.301E+00  1.874E-04  1.301E+00  4.027E+02  3.980E+02  0.9882
8.000E+02  1.279E+00  1.764E-04  1.279E+00  4.415E+02  4.364E+02  0.9884
8.500E+02  1.261E+00  1.667E-04  1.261E+00  4.809E+02  4.754E+02  0.9887
9.000E+02  1.245E+00  1.581E-04  1.245E+00  5.208E+02  5.150E+02  0.9889
9.500E+02  1.231E+00  1.503E-04  1.231E+00  5.612E+02  5.550E+02  0.9891
1.000E+03  1.219E+00  1.433E-04  1.219E+00  6.020E+02  5.955E+02  0.9893
1.500E+03  1.157E+00  9.821E-05  1.157E+00  1.025E+03  1.016E+03  0.9909
2.000E+03  1.143E+00  7.511E-05  1.143E+00  1.461E+03  1.449E+03  0.9920
2.500E+03  1.145E+00  6.101E-05  1.145E+00  1.898E+03  1.884E+03  0.9928
3.000E+03  1.153E+00  5.148E-05  1.153E+00  2.334E+03  2.318E+03  0.9934
4.000E+03  1.175E+00  3.939E-05  1.175E+00  3.193E+03  3.175E+03  0.9943
5.000E+03  1.199E+00  3.200E-05  1.199E+00  4.035E+03  4.015E+03  0.9950
6.000E+03  1.222E+00  2.701E-05  1.222E+00  4.861E+03  4.839E+03  0.9954
7.000E+03  1.243E+00  2.341E-05  1.243E+00  5.672E+03  5.648E+03  0.9958
8.000E+03  1.262E+00  2.067E-05  1.262E+00  6.470E+03  6.445E+03  0.9961
9.000E+03  1.280E+00  1.853E-05  1.280E+00  7.257E+03  7.231E+03  0.9964
1.000E+04  1.296E+00  1.680E-05  1.296E+00  8.034E+03  8.007E+03  0.9966
