1.000E-03  3.490E+01  4.408E+00  3.931E+01  4.116E-05  5.620E-06  0.1365
1.500E-03  4.274E+01  4.231E+00  4.697E+01  5.267E-05  8.301E-06  0.1576
2.000E-03  4.935E+01  4.049E+00  5.340E+01  6.263E-05  1.101E-05  0.1759
2.500E-03  5.518E+01  3.876E+00  5.906E+01  7.152E-05  1.374E-05  0.1921
3.000E-03  6.045E+01  3.718E+00  6.416E+01  7.964E-05  1.647E-05  0.2068
4.000E-03  6.980E+01  3.440E+00  7.324E+01  9.419E-05  2.194E-05  0.2329
5.000E-03  7.804E+01  3.207E+00  8.124E+01  1.071E-04  2.739E-05  0.2556
6.000E-03  8.548E+01  3.010E+00  8.849E+01  1.189E-04  3.280E-05  0.2758
7.000E-03  9.233E+01  2.840E+00  9.517E+01  1.298E-04  3.817E-05  0.2940
8.000E-03  9.871E+01  2.692E+00  1.014E+02  1.400E-04  4.347E-05  0.3106
9.000E-03  1.047E+02  2.561E+00  1.073E+02  1.496E-04  4.872E-05  0.3258
1.000E-02  1.104E+02  2.445E+00  1.128E+02  1.587E-04  5.391E-05  0.3398
1.250E-02  1.214E+02  2.204E+00  1.236E+02  1.798E-04  6.668E-05  0.3709
1.500E-02  1.309E+02  2.014E+00  1.329E+02  1.993E-04  7.925E-05  0.3977
1.750E-02  1.392E+02  1.859E+00  1.411E+02  2.175E-04  9.160E-05  0.4211
2.000E-02  1.466E+02  1.729E+00  1.484E+02  2.348E-04  1.037E-04  0.4419
2.250E-02  1.532E+02  1.620E+00  1.548E+02  2.513E-04  1.157E-04  0.4605
2.500E-02  1.590E+02  1.525E+00  1.606E+02  2.671E-04  1.275E-04  0.4774
2.750E-02  1.643E+02  1.442E+00  1.657E+02  2.824E-04  1.392E-04  0.4928
3.000E-02  1.689E+02  1.369E+00  1.703E+02  2.973E-04  1.507E-04  0.5069
3.500E-02  1.769E+02  1.246E+00  1.781E+02  3.260E-04  1.735E-04  0.5321
4.000E-02  1.832E+02  1.146E+00  1.844E+02  3.536E-04  1.959E-04  0.5541
4.500E-02  1.884E+02  1.062E+00  1.894E+02  3.803E-04  2.181E-04  0.5734
5.000E-02  1.925E+02  9.917E-01  1.935E+02  4.064E-04  2.401E-04  0.5908
5.500E-02  1.959E+02  9.309E-01  1.968E+02  4.320E-04  2.620E-04  0.6064
6.000E-02  1.987E+02  8.779E-01  1.996E+02  4.573E-04  2.838E-04  0.6206
6.500E-02  2.010E+02  8.314E-01  2.018E+02  4.822E-04  3.055E-04  0.6336
7.000E-02  2.028E+02  7.900E-01  2.036E+02  5.068E-04  3.272E-04  0.6456
7.500E-02  2.044E+02  7.531E-01  2.051E+02  5.313E-04  3.489E-04  0.6567
8.000E-02  2.056E+02  7.198E-01  2.063E+02  5.556E-04  3.705E-04  0.6669
8.500E-02  2.067E+02  6.896E-01  2.073E+02  5.798E-04  3.922E-04  0.6765
9.000E-02  2.075E+02  6.622E-01  2.082E+02  6.038E-04  4.139E-04  0.6855
9.500E-02  2.082E+02  6.371E-01  2.088E+02  6.278E-04  4.356E-04  0.6939
1.000E-01  2.087E+02  6.140E-01  2.093E+02  6.517E-04  4.574E-04  0.7018
1.250E-01  2.099E+02  5.217E-01  2.104E+02  7.707E-04  5.667E-04  0.7353
1.500E-01  2.092E+02  4.556E-01  2.097E+02  8.897E-04  6.774E-04  0.7613
1.750E-01  2.075E+02  4.055E-01  2.079E+02  1.009E-03  7.897E-04  0.7824
2.000E-01  2.051E+02  3.662E-01  2.055E+02  1.130E-03  9.040E-04  0.7998
2.250E-01  2.023E+02  3.344E-01  2.026E+02  1.253E-03  1.020E-03  0.8144
2.500E-01  1.991E+02  3.081E-01  1.994E+02  1.377E-03  1.139E-03  0.8270
2.750E-01  1.958E+02  2.860E-01  1.961E+02  1.504E-03  1.260E-03  0.8380
3.000E-01  1.923E+02  2.671E-01  1.926E+02  1.632E-03  1.383E-03  0.8476
3.500E-01  1.854E+02  2.364E-01  1.856E+02  1.897E-03  1.638E-03  0.8637
4.000E-01  1.786E+02  2.125E-01  1.788E+02  2.171E-03  1.903E-03  0.8767
4.500E-01  1.720E+02  1.933E-01  1.722E+02  2.456E-03  2.180E-03  0.8874
5.000E-01  1.658E+02  1.775E-01  1.660E+02  2.752E-03  2.467E-03  0.8964
5.500E-01  1.596E+02  1.643E-01  1.598E+02  3.059E-03  2.766E-03  0.9041
6.000E-01  1.536E+02  1.530E-01  1.538E+02  3.378E-03  3.076E-03  0.9108
6.500E-01  1.480E+02  1.433E-01  1.481E+02  3.709E-03  3.400E-03  0.9166
7.000E-01  1.427E+02  1.348E-01  1.428E+02  4.053E-03  3.736E-03  0.9217
7.500E-01  1.378E+02  1.274E-01  1.379E+02  4.409E-03  4.084E-03  0.9262
8.000E-01  1.333E+02  1.208E-01  1.334E+02  4.778E-03  4.445E-03  0.9303
8.500E-01  1.291E+02  1.149E-01  1.292E+02  5.159E-03  4.818E-03  0.9339
9.000E-01  1.252E+02  1.095E-01  1.253E+02  5.552E-03  5.203E-03  0.9371
9.500E-01  1.217E+02  1.047E-01  1.218E+02  5.957E-03  5.599E-03  0.9400
1.000E+00  1.183E+02  1.003E-01  1.184E+02  6.373E-03  6.008E-03  0.9427
1.250E+00  1.047E+02  8.324E-02  1.048E+02  8.622E-03  8.216E-03  0.9529
1.500E+00  9.443E+01  7.139E-02  9.450E+01  1.114E-02  1.069E-02  0.9598
1.750E+00  8.645E+01  6.265E-02  8.652E+01  1.391E-02  1.342E-02  0.9647
2.000E+00  7.987E+01  5.593E-02  7.992E+01  1.692E-02  1.638E-02  0.9683
2.250E+00  7.425E+01  5.058E-02  7.430E+01  2.016E-02  1.958E-02  0.9711
2.500E+00  6.955E+01  4.622E-02  6.960E+01  2.364E-02  2.301E-02  0.9734
2.750E+00  6.552E+01  4.259E-02  6.556E+01  2.735E-02  2.667E-02  0.9752
3.000E+00  6.196E+01  3.950E-02  6.199E+01  3.127E-02  3.054E-02  0.9767
3.500E+00  5.607E+01  3.457E-02  5.610E+01  3.976E-02  3.893E-02  0.9790
4.000E+00  5.133E+01  3.078E-02  5.136E+01  4.909E-02  4.814E-02  0.9807
4.500E+00  4.743E+01  2.778E-02  4.746E+01  5.922E-02  5.816E-02  0.9821
5.000E+00  4.416E+01  2.534E-02  4.418E+01  7.015E-02  6.897E-02  0.9831
5.500E+00  4.136E+01  2.331E-02  4.139E+01  8.185E-02  8.054E-02  0.9840
6.000E+00  3.894E+01  2.159E-02  3.897E+01  9.431E-02  9.286E-02  0.9847
6.500E+00  3.683E+01  2.013E-02  3.685E+01  1.075E-01  1.059E-01  0.9853
7.000E+00  3.496E+01  1.886E-02  3.498E+01  1.214E-01  1.197E-01  0.9858
7.500E+00  3.329E+01  1.774E-02  3.331E+01  1.361E-01  1.342E-01  0.9862
8.000E+00  3.180E+01  1.676E-02  3.181E+01  1.515E-01  1.494E-01  0.9866
8.500E+00  3.045E+01  1.588E-02  3.046E+01  1.675E-01  1.653E-01  0.9870
9.000E+00  2.922E+01  1.510E-02  2.924E+01  1.843E-01  1.819E-01  0.9873
9.500E+00  2.810E+01  1.439E-02  2.812E+01  2.017E-01  1.992E-01  0.9875
1.000E+01  2.708E+01  1.375E-02  2.709E+01  2.199E-01  2.172E-01  0.9878
1.250E+01  2.299E+01  1.127E-02  2.301E+01  3.204E-01  3.168E-01  0.9887
1.500E+01  2.009E+01  9.579E-03  2.010E+01  4.370E-01  4.323E-01  0.9894
1.750E+01  1.790E+01  8.341E-03  1.791E+01  5.690E-01  5.632E-01  0.9898
2.000E+01  1.619E+01  7.396E-03  1.620E+01  7.160E-01  7.090E-01  0.9902
2.500E+01  1.368E+01  6.045E-03  1.368E+01  1.053E+00  1.044E+00  0.9907
2.750E+01  1.272E+01  5.545E-03  1.273E+01  1.243E+00  1.232E+00  0.9909
3.000E+01  1.191E+01  5.123E-03  1.191E+01  1.446E+00  1.433E+00  0.9911
3.500E+01  1.059E+01  4.452E-03  1.060E+01  1.892E+00  1.876E+00  0.9914
4.000E+01  9.573E+00  3.941E-03  9.577E+00  2.389E+00  2.369E+00  0.9917
4.500E+01  8.756E+00  3.538E-03  8.760E+00  2.936E+00  2.912E+00  0.9918
5.000E+01  8.086E+00  3.212E-03  8.090E+00  3.530E+00  3.502E+00  0.9920
5.500E+01  7.527E+00  2.942E-03  7.530E+00  4.171E+00  4.139E+00  0.9922
6.000E+01  7.052E+00  2.716E-03  7.055E+00  4.858E+00  4.820E+00  0.9923
6.500E+01  6.644E+00  2.522E-03  6.646E+00  5.588E+00  5.546E+00  0.9924
7.000E+01  6.288E+00  2.355E-03  6.291E+00  6.362E+00  6.314E+00  0.9925
7.500E+01  5.976E+00  2.210E-03  5.979E+00  7.178E+00  7.124E+00  0.9926
8.000E+01  5.700E+00  2.081E-03  5.702E+00  8.034E+00  7.975E+00  0.9927
8.500E+01  5.453E+00  1.968E-03  5.455E+00  8.931E+00  8.866E+00  0.9928
9.000E+01  5.232E+00  1.866E-03  5.234E+00  9.867E+00  9.796E+00  0.9928
9.500E+01  5.032E+00  1.774E-03  5.034E+00  1.084E+01  1.076E+01  0.9929
1.000E+02  4.850E+00  1.692E-03  4.852E+00  1.185E+01  1.177E+01  0.9930
1.250E+02  4.146E+00  1.374E-03  4.147E+00  1.745E+01  1.733E+01  0.9933
1.500E+02  3.663E+00  1.159E-03  3.664E+00  2.388E+01  2.373E+01  0.9935
1.750E+02  3.310E+00  1.003E-03  3.311E+00  3.108E+01  3.088E+01  0.9937
2.000E+02  3.041E+00  8.852E-04  3.042E+00  3.896E+01  3.872E+01  0.9938
2.250E+02  2.829E+00  7.926E-04  2.830E+00  4.749E+01  4.721E+01  0.9940
2.500E+02  2.658E+00  7.179E-04  2.659E+00  5.662E+01  5.628E+01  0.9941
2.750E+02  2.518E+00  6.564E-04  2.518E+00  6.628E+01  6.590E+01  0.9942
3.000E+02  2.400E+00  6.048E-04  2.400E+00  7.646E+01  7.603E+01  0.9944
3.500E+02  2.214E+00  5.231E-04  2.214E+00  9.819E+01  9.765E+01  0.9946
4.000E+02  2.074E+00  4.613E-04  2.074E+00  1.215E+02  1.209E+02  0.9947
4.500E+02  1.966E+00  4.129E-04  1.966E+00  1.463E+02  1.456E+02  0.9949
5.000E+02  1.880E+00  3.739E-04  1.880E+00  1.724E+02  1.715E+02  0.9950
5.500E+02  1.810E+00  3.418E-04  1.811E+00  1.995E+02  1.985E+02  0.9952
6.000E+02  1.753E+00  3.149E-04  1.754E+00  2.275E+02  2.265E+02  0.9953
6.500E+02  1.706E+00  2.920E-04  1.706E+00  2.565E+02  2.553E+02  0.9954
7.000E+02  1.666E+00  2.723E-04  1.666E+00  2.861E+02  2.848E+02  0.9955
7.500E+02  1.632E+00  2.552E-04  1.632E+00  3.164E+02  3.151E+02  0.9956
8.000E+02  1.603E+00  2.401E-04  1.603E+00  3.474E+02  3.459E+02  0.9957
8.500E+02  1.578E+00  2.268E-04  1.578E+00  3.788E+02  3.772E+02  0.9958
9.000E+02  1.556E+00  2.149E-04  1.556E+00  4.107E+02  4.090E+02  0.9959
9.500E+02  1.537E+00  2.043E-04  1.538E+00  4.430E+02  4.412E+02  0.9960
1.000E+03  1.521E+00  1.947E-04  1.521E+00  4.757E+02  4.739E+02  0.9960
1.500E+03  1.433E+00  1.330E-04  1.433E+00  8.164E+02  8.136E+02  0.9966
2.000E+03  1.407E+00  1.015E-04  1.407E+00  1.169E+03  1.166E+03  0.9970
2.500E+03  1.404E+00  8.235E-05  1.404E+00  1.525E+03  1.521E+03  0.9973
3.000E+03  1.409E+00  6.943E-05  1.409E+00  1.881E+03  1.876E+03  0.9975
4.000E+03  1.430E+00  5.306E-05  1.430E+00  2.585E+03  2.580E+03  0.9979
5.000E+03  1.454E+00  4.307E-05  1.454E+00  3.279E+03  3.273E+03  0.9981
6.000E+03  1.476E+00  3.633E-05  1.476E+00  3.961E+03  3.955E+03  0.9983
7.000E+03  1.498E+00  3.146E-05  1.498E+00  4.634E+03  4.627E+03  0.9984
8.000E+03  1.517E+00  2.778E-05  1.517E+00  5.297E+03  5.290E+03  0.9986
9.000E+03  1.535E+00  2.489E-05  1.535E+00  5.952E+03  5.945E+03  0.9987
1.000E+04  1.552E+00  2.256E-05  1.552E+00  6.600E+03  6.592E+03  0.9987
