1.000E-03  8.608E+01  7.470E+00  9.355E+01  1.741E-05  4.206E-06  0.2416
1.500E-03  1.054E+02  6.891E+00  1.123E+02  2.223E-05  6.141E-06  0.2762
2.000E-03  1.217E+02  6.398E+00  1.281E+02  2.639E-05  8.047E-06  0.3049
2.500E-03  1.361E+02  5.980E+00  1.421E+02  3.009E-05  9.911E-06  0.3294
3.000E-03  1.491E+02  5.623E+00  1.547E+02  3.346E-05  1.174E-05  0.3507
4.000E-03  1.722E+02  5.045E+00  1.772E+02  3.949E-05  1.527E-05  0.3867
5.000E-03  1.925E+02  4.594E+00  1.971E+02  4.483E-05  1.867E-05  0.4164
6.000E-03  2.109E+02  4.231E+00  2.151E+02  4.968E-05  2.194E-05  0.4415
7.000E-03  2.277E+02  3.931E+00  2.317E+02  5.416E-05  2.509E-05  0.4632
8.000E-03  2.435E+02  3.678E+00  2.472E+02  5.834E-05  2.813E-05  0.4823
9.000E-03  2.582E+02  3.460E+00  2.617E+02  6.227E-05  3.109E-05  0.4992
1.000E-02  2.722E+02  3.271E+00  2.755E+02  6.599E-05  3.395E-05  0.5145
1.250E-02  2.997E+02  2.890E+00  3.026E+02  7.463E-05  4.082E-05  0.5470
1.500E-02  3.235E+02  2.599E+00  3.261E+02  8.258E-05  4.737E-05  0.5736
1.750E-02  3.445E+02  2.368E+00  3.469E+02  9.001E-05  5.365E-05  0.5961
2.000E-02  3.633E+02  2.180E+00  3.655E+02  9.703E-05  5.971E-05  0.6154
2.250E-02  3.802E+02  2.023E+00  3.822E+02  1.037E-04  6.556E-05  0.6322
2.500E-02  3.953E+02  1.890E+00  3.972E+02  1.101E-04  7.126E-05  0.6470
2.750E-02  4.090E+02  1.775E+00  4.108E+02  1.163E-04  7.680E-05  0.6603
3.000E-02  4.214E+02  1.675E+00  4.230E+02  1.223E-04  8.223E-05  0.6723
3.500E-02  4.425E+02  1.509E+00  4.440E+02  1.338E-04  9.277E-05  0.6932
4.000E-02  4.594E+02  1.376E+00  4.608E+02  1.449E-04  1.030E-04  0.7108
4.500E-02  4.728E+02  1.266E+00  4.741E+02  1.556E-04  1.130E-04  0.7261
5.000E-02  4.831E+02  1.175E+00  4.843E+02  1.660E-04  1.228E-04  0.7395
5.500E-02  4.907E+02  1.097E+00  4.918E+02  1.762E-04  1.324E-04  0.7514
6.000E-02  4.960E+02  1.030E+00  4.970E+02  1.864E-04  1.420E-04  0.7622
6.500E-02  4.992E+02  9.711E-01  5.002E+02  1.964E-04  1.516E-04  0.7719
7.000E-02  5.007E+02  9.194E-01  5.017E+02  2.064E-04  1.611E-04  0.7809
7.500E-02  5.008E+02  8.734E-01  5.016E+02  2.163E-04  1.707E-04  0.7891
8.000E-02  4.995E+02  8.323E-01  5.003E+02  2.263E-04  1.803E-04  0.7967
8.500E-02  4.972E+02  7.952E-01  4.980E+02  2.363E-04  1.899E-04  0.8037
9.000E-02  4.940E+02  7.616E-01  4.947E+02  2.464E-04  1.997E-04  0.8104
9.500E-02  4.900E+02  7.310E-01  4.907E+02  2.565E-04  2.095E-04  0.8166
1.000E-01  4.855E+02  7.029E-01  4.862E+02  2.668E-04  2.194E-04  0.8224
1.250E-01  4.574E+02  5.920E-01  4.580E+02  3.197E-04  2.708E-04  0.8472
1.500E-01  4.267E+02  5.134E-01  4.272E+02  3.762E-04  3.260E-04  0.8666
1.750E-01  3.977E+02  4.546E-01  3.982E+02  4.368E-04  3.854E-04  0.8822
2.000E-01  3.719E+02  4.088E-01  3.724E+02  5.018E-04  4.491E-04  0.8949
2.250E-01  3.495E+02  3.719E-01  3.499E+02  5.711E-04  5.172E-04  0.9056
2.500E-01  3.301E+02  3.417E-01  3.304E+02  6.447E-04  5.895E-04  0.9144
2.750E-01  3.132E+02  3.163E-01  3.135E+02  7.224E-04  6.660E-04  0.9220
3.000E-01  2.985E+02  2.947E-01  2.988E+02  8.041E-04  7.465E-04  0.9284
3.500E-01  2.742E+02  2.598E-01  2.745E+02  9.789E-04  9.189E-04  0.9387
4.000E-01  2.549E+02  2.328E-01  2.551E+02  1.168E-03  1.106E-03  0.9465
4.500E-01  2.390E+02  2.112E-01  2.392E+02  1.371E-03  1.306E-03  0.9525
5.000E-01  2.256E+02  1.935E-01  2.258E+02  1.586E-03  1.518E-03  0.9574
5.500E-01  2.144E+02  1.787E-01  2.146E+02  1.813E-03  1.743E-03  0.9613
6.000E-01  2.047E+02  1.662E-01  2.048E+02  2.052E-03  1.979E-03  0.9645
6.500E-01  1.961E+02  1.554E-01  1.962E+02  2.301E-03  2.226E-03  0.9672
7.000E-01  1.884E+02  1.460E-01  1.885E+02  2.561E-03  2.483E-03  0.9694
7.500E-01  1.813E+02  1.378E-01  1.815E+02  2.832E-03  2.751E-03  0.9714
8.000E-01  1.749E+02  1.304E-01  1.750E+02  3.112E-03  3.029E-03  0.9731
8.500E-01  1.689E+02  1.239E-01  1.691E+02  3.403E-03  3.316E-03  0.9745
9.000E-01  1.634E+02  1.181E-01  1.635E+02  3.704E-03  3.614E-03  0.9758
9.500E-01  1.582E+02  1.128E-01  1.583E+02  4.015E-03  3.922E-03  0.9770
1.000E+00  1.533E+02  1.080E-01  1.534E+02  4.336E-03  4.240E-03  0.9780
1.250E+00  1.330E+02  8.925E-02  1.331E+02  6.090E-03  5.979E-03  0.9818
1.500E+00  1.182E+02  7.633E-02  1.183E+02  8.087E-03  7.960E-03  0.9843
1.750E+00  1.068E+02  6.682E-02  1.069E+02  1.031E-02  1.017E-02  0.9860
2.000E+00  9.772E+01  5.950E-02  9.778E+01  1.276E-02  1.260E-02  0.9872
2.250E+00  9.027E+01  5.370E-02  9.032E+01  1.543E-02  1.524E-02  0.9881
2.500E+00  8.401E+01  4.898E-02  8.406E+01  1.830E-02  1.809E-02  0.9889
2.750E+00  7.867E+01  4.505E-02  7.872E+01  2.137E-02  2.115E-02  0.9895
3.000E+00  7.405E+01  4.174E-02  7.409E+01  2.465E-02  2.440E-02  0.9900
3.500E+00  6.643E+01  3.645E-02  6.647E+01  3.179E-02  3.149E-02  0.9907
4.000E+00  6.039E+01  3.239E-02  6.043E+01  3.969E-02  3.934E-02  0.9913
4.500E+00  5.547E+01  2.919E-02  5.550E+01  4.833E-02  4.793E-02  0.9917
5.000E+00  5.138E+01  2.658E-02  5.141E+01  5.770E-02  5.724E-02  0.9921
5.500E+00  4.791E+01  2.442E-02  4.793E+01  6.778E-02  6.726E-02  0.9924
6.000E+00  4.493E+01  2.259E-02  4.495E+01  7.856E-02  7.798E-02  0.9926
6.500E+00  4.233E+01  2.104E-02  4.236E+01  9.002E-02  8.937E-02  0.9928
7.000E+00  4.006E+01  1.969E-02  4.008E+01  1.022E-01  1.014E-01  0.9930
7.500E+00  3.804E+01  1.850E-02  3.806E+01  1.150E-01  1.142E-01  0.9931
8.000E+00  3.624E+01  1.746E-02  3.626E+01  1.284E-01  1.276E-01  0.9933
8.500E+00  3.462E+01  1.654E-02  3.463E+01  1.425E-01  1.416E-01  0.9934
9.000E+00  3.315E+01  1.571E-02  3.317E+01  1.573E-01  1.563E-01  0.9935
9.500E+00  3.182E+01  1.496E-02  3.183E+01  1.727E-01  1.716E-01  0.9936
1.000E+01  3.060E+01  1.428E-02  3.061E+01  1.887E-01  1.875E-01  0.9937
1.250E+01  2.579E+01  1.167E-02  2.581E+01  2.780E-01  2.764E-01  0.9940
1.500E+01  2.241E+01  9.887E-03  2.242E+01  3.823E-01  3.801E-01  0.9943
1.750E+01  1.989E+01  8.590E-03  1.989E+01  5.009E-01  4.981E-01  0.9945
2.000E+01  1.792E+01  7.601E-03  1.793E+01  6.335E-01  6.301E-01  0.9946
2.500E+01  1.506E+01  6.192E-03  1.507E+01  9.390E-01  9.342E-01  0.9949
2.750E+01  1.398E+01  5.671E-03  1.399E+01  1.111E+00  1.106E+00  0.9949
3.000E+01  1.306E+01  5.233E-03  1.307E+01  1.296E+00  1.290E+00  0.9950
3.500E+01  1.158E+01  4.537E-03  1.159E+01  1.704E+00  1.695E+00  0.9952
4.000E+01  1.044E+01  4.008E-03  1.044E+01  2.159E+00  2.149E+00  0.9953
4.500E+01  9.525E+00  3.592E-03  9.529E+00  2.661E+00  2.649E+00  0.9954
5.000E+01  8.780E+00  3.256E-03  8.783E+00  3.208E+00  3.193E+00  0.9954
5.500E+01  8.159E+00  2.979E-03  8.162E+00  3.799E+00  3.782E+00  0.9955
6.000E+01  7.633E+00  2.746E-03  7.636E+00  4.433E+00  4.413E+00  0.9956
6.500E+01  7.182E+00  2.548E-03  7.184E+00  5.108E+00  5.086E+00  0.9956
7.000E+01  6.790E+00  2.377E-03  6.792E+00  5.824E+00  5.799E+00  0.9957
7.500E+01  6.446E+00  2.228E-03  6.449E+00  6.580E+00  6.552E+00  0.9957
8.000E+01  6.142E+00  2.097E-03  6.145E+00  7.375E+00  7.344E+00  0.9958
8.500E+01  5.872E+00  1.981E-03  5.874E+00  8.207E+00  8.173E+00  0.9958
9.000E+01  5.629E+00  1.878E-03  5.631E+00  9.077E+00  9.040E+00  0.9959
9.500E+01  5.410E+00  1.785E-03  5.412E+00  9.983E+00  9.942E+00  0.9959
1.000E+02  5.212E+00  1.701E-03  5.213E+00  1.092E+01  1.088E+01  0.9959
1.250E+02  4.443E+00  1.378E-03  4.445E+00  1.614E+01  1.608E+01  0.9961
1.500E+02  3.918E+00  1.161E-03  3.919E+00  2.215E+01  2.207E+01  0.9962
1.750E+02  3.536E+00  1.003E-03  3.537E+00  2.888E+01  2.877E+01  0.9963
2.000E+02  3.246E+00  8.844E-04  3.246E+00  3.627E+01  3.614E+01  0.9964
2.250E+02  3.017E+00  7.912E-04  3.018E+00  4.426E+01  4.411E+01  0.9965
2.500E+02  2.834E+00  7.162E-04  2.834E+00  5.282E+01  5.264E+01  0.9966
2.750E+02  2.683E+00  6.545E-04  2.683E+00  6.189E+01  6.168E+01  0.9966
3.000E+02  2.556E+00  6.027E-04  2.557E+00  7.144E+01  7.120E+01  0.9967
3.500E+02  2.358E+00  5.210E-04  2.358E+00  9.184E+01  9.154E+01  0.9968
4.000E+02  2.210E+00  4.591E-04  2.210E+00  1.138E+02  1.134E+02  0.9969
4.500E+02  2.095E+00  4.107E-04  2.095E+00  1.370E+02  1.366E+02  0.9970
5.000E+02  2.004E+00  3.718E-04  2.004E+00  1.614E+02  1.610E+02  0.9971
5.500E+02  1.931E+00  3.397E-04  1.931E+00  1.869E+02  1.863E+02  0.9972
6.000E+02  1.871E+00  3.129E-04  1.871E+00  2.132E+02  2.126E+02  0.9972
6.500E+02  1.821E+00  2.901E-04  1.821E+00  2.403E+02  2.396E+02  0.9973
7.000E+02  1.779E+00  2.705E-04  1.779E+00  2.681E+02  2.674E+02  0.9974
7.500E+02  1.744E+00  2.534E-04  1.744E+00  2.965E+02  2.957E+02  0.9974
8.000E+02  1.713E+00  2.384E-04  1.714E+00  3.254E+02  3.246E+02  0.9975
8.500E+02  1.688E+00  2.252E-04  1.688E+00  3.548E+02  3.539E+02  0.9975
9.000E+02  1.665E+00  2.133E-04  1.665E+00  3.846E+02  3.837E+02  0.9976
9.500E+02  1.646E+00  2.027E-04  1.646E+00  4.148E+02  4.138E+02  0.9976
1.000E+03  1.629E+00  1.932E-04  1.629E+00  4.454E+02  4.443E+02  0.9977
1.500E+03  1.542E+00  1.318E-04  1.542E+00  7.626E+02  7.611E+02  0.9980
2.000E+03  1.521E+00  1.006E-04  1.521E+00  1.090E+03  1.088E+03  0.9983
2.500E+03  1.523E+00  8.159E-05  1.523E+00  1.418E+03  1.416E+03  0.9984
3.000E+03  1.535E+00  6.877E-05  1.535E+00  1.745E+03  1.743E+03  0.9986
4.000E+03  1.567E+00  5.253E-05  1.567E+00  2.391E+03  2.388E+03  0.9988
5.000E+03  1.601E+00  4.264E-05  1.601E+00  3.022E+03  3.018E+03  0.9989
6.000E+03  1.634E+00  3.596E-05  1.634E+00  3.640E+03  3.636E+03  0.9990
7.000E+03  1.665E+00  3.113E-05  1.665E+00  4.246E+03  4.242E+03  0.9991
8.000E+03  1.693E+00  2.748E-05  1.693E+00  4.842E+03  4.838E+03  0.9992
9.000E+03  1.719E+00  2.462E-05  1.719E+00  5.428E+03  5.424E+03  0.9992
1.000E+04  1.743E+00  2.231E-05  1.743E+00  6.005E+03  6.001E+03  0.9993
