1.000E-03  1.540E+01  8.290E-01  1.623E+01  1.079E-04  1.006E-05  0.0932
1.500E-03  1.886E+01  8.494E-01  1.971E+01  1.355E-04  1.428E-05  0.1054
2.000E-03  2.178E+01  8.554E-01  2.264E+01  1.592E-04  1.843E-05  0.1158
2.500E-03  2.435E+01  8.548E-01  2.521E+01  1.801E-04  2.253E-05  0.1251
3.000E-03  2.668E+01  8.508E-01  2.753E+01  1.990E-04  2.658E-05  0.1335
4.000E-03  3.081E+01  8.374E-01  3.164E+01  2.328E-04  3.460E-05  0.1486
5.000E-03  3.444E+01  8.208E-01  3.526E+01  2.627E-04  4.255E-05  0.1620
6.000E-03  3.773E+01  8.033E-01  3.853E+01  2.898E-04  5.045E-05  0.1741
7.000E-03  4.075E+01  7.856E-01  4.154E+01  3.148E-04  5.830E-05  0.1852
8.000E-03  4.357E+01  7.682E-01  4.433E+01  3.381E-04  6.611E-05  0.1955
9.000E-03  4.621E+01  7.514E-01  4.696E+01  3.600E-04  7.387E-05  0.2052
1.000E-02  4.871E+01  7.352E-01  4.944E+01  3.807E-04  8.160E-05  0.2143
1.250E-02  5.382E+01  6.977E-01  5.451E+01  4.288E-04  1.009E-04  0.2352
1.500E-02  5.834E+01  6.643E-01  5.901E+01  4.728E-04  1.200E-04  0.2539
1.750E-02  6.245E+01  6.344E-01  6.308E+01  5.138E-04  1.391E-04  0.2708
2.000E-02  6.621E+01  6.075E-01  6.682E+01  5.523E-04  1.581E-04  0.2863
2.250E-02  6.970E+01  5.833E-01  7.028E+01  5.887E-04  1.769E-04  0.3005
2.500E-02  7.294E+01  5.614E-01  7.350E+01  6.235E-04  1.956E-04  0.3137
2.750E-02  7.598E+01  5.413E-01  7.653E+01  6.568E-04  2.141E-04  0.3260
3.000E-02  7.885E+01  5.230E-01  7.937E+01  6.889E-04  2.325E-04  0.3376
3.500E-02  8.411E+01  4.905E-01  8.460E+01  7.499E-04  2.689E-04  0.3587
4.000E-02  8.884E+01  4.626E-01  8.930E+01  8.074E-04  3.048E-04  0.3776
4.500E-02  9.313E+01  4.383E-01  9.356E+01  8.620E-04  3.402E-04  0.3947
5.000E-02  9.702E+01  4.169E-01  9.744E+01  9.144E-04  3.752E-04  0.4104
5.500E-02  1.006E+02  3.978E-01  1.010E+02  9.648E-04  4.098E-04  0.4248
6.000E-02  1.038E+02  3.807E-01  1.042E+02  1.014E-03  4.440E-04  0.4381
6.500E-02  1.068E+02  3.653E-01  1.071E+02  1.061E-03  4.779E-04  0.4505
7.000E-02  1.095E+02  3.513E-01  1.098E+02  1.107E-03  5.115E-04  0.4621
7.500E-02  1.119E+02  3.385E-01  1.122E+02  1.152E-03  5.449E-04  0.4730
8.000E-02  1.141E+02  3.268E-01  1.145E+02  1.196E-03  5.781E-04  0.4833
8.500E-02  1.162E+02  3.160E-01  1.165E+02  1.239E-03  6.110E-04  0.4930
9.000E-02  1.180E+02  3.060E-01  1.183E+02  1.282E-03  6.438E-04  0.5022
9.500E-02  1.196E+02  2.967E-01  1.199E+02  1.324E-03  6.765E-04  0.5110
1.000E-01  1.211E+02  2.880E-01  1.214E+02  1.365E-03  7.091E-04  0.5193
1.250E-01  1.261E+02  2.522E-01  1.264E+02  1.567E-03  8.712E-04  0.5561
1.500E-01  1.281E+02  2.253E-01  1.283E+02  1.763E-03  1.034E-03  0.5865
1.750E-01  1.279E+02  2.042E-01  1.281E+02  1.957E-03  1.199E-03  0.6126
2.000E-01  1.263E+02  1.872E-01  1.265E+02  2.154E-03  1.368E-03  0.6353
2.250E-01  1.236E+02  1.730E-01  1.238E+02  2.353E-03  1.543E-03  0.6555
2.500E-01  1.204E+02  1.611E-01  1.206E+02  2.558E-03  1.723E-03  0.6736
2.750E-01  1.169E+02  1.509E-01  1.171E+02  2.768E-03  1.910E-03  0.6900
3.000E-01  1.133E+02  1.421E-01  1.135E+02  2.985E-03  2.104E-03  0.7048
3.500E-01  1.064E+02  1.274E-01  1.065E+02  3.440E-03  2.514E-03  0.7309
4.000E-01  9.998E+01  1.158E-01  1.001E+02  3.925E-03  2.955E-03  0.7529
4.500E-01  9.437E+01  1.063E-01  9.448E+01  4.439E-03  3.425E-03  0.7716
5.000E-01  8.950E+01  9.838E-02  8.960E+01  4.983E-03  3.925E-03  0.7876
5.500E-01  8.518E+01  9.166E-02  8.528E+01  5.555E-03  4.452E-03  0.8015
6.000E-01  8.137E+01  8.589E-02  8.146E+01  6.155E-03  5.007E-03  0.8135
6.500E-01  7.801E+01  8.086E-02  7.810E+01  6.782E-03  5.589E-03  0.8241
7.000E-01  7.505E+01  7.644E-02  7.512E+01  7.435E-03  6.196E-03  0.8333
7.500E-01  7.242E+01  7.253E-02  7.249E+01  8.113E-03  6.827E-03  0.8415
8.000E-01  7.008E+01  6.903E-02  7.015E+01  8.814E-03  7.481E-03  0.8488
8.500E-01  6.799E+01  6.588E-02  6.806E+01  9.538E-03  8.157E-03  0.8552
9.000E-01  6.612E+01  6.303E-02  6.619E+01  1.028E-02  8.854E-03  0.8611
9.500E-01  6.444E+01  6.044E-02  6.450E+01  1.105E-02  9.571E-03  0.8663
1.000E+00  6.292E+01  5.807E-02  6.298E+01  1.183E-02  1.031E-02  0.8710
1.250E+00  5.688E+01  4.873E-02  5.693E+01  1.602E-02  1.424E-02  0.8893
1.500E+00  5.222E+01  4.216E-02  5.226E+01  2.061E-02  1.858E-02  0.9016
1.750E+00  4.846E+01  3.725E-02  4.850E+01  2.558E-02  2.329E-02  0.9105
2.000E+00  4.534E+01  3.344E-02  4.537E+01  3.091E-02  2.836E-02  0.9174
2.250E+00  4.269E+01  3.038E-02  4.272E+01  3.659E-02  3.377E-02  0.9228
2.500E+00  4.040E+01  2.788E-02  4.043E+01  4.261E-02  3.951E-02  0.9272
2.750E+00  3.840E+01  2.578E-02  3.843E+01  4.896E-02  4.557E-02  0.9308
3.000E+00  3.663E+01  2.400E-02  3.666E+01  5.562E-02  5.195E-02  0.9339
3.500E+00  3.364E+01  2.112E-02  3.366E+01  6.988E-02  6.561E-02  0.9389
4.000E+00  3.118E+01  1.890E-02  3.120E+01  8.532E-02  8.043E-02  0.9427
4.500E+00  2.913E+01  1.713E-02  2.914E+01  1.019E-01  9.639E-02  0.9458
5.000E+00  2.737E+01  1.568E-02  2.739E+01  1.196E-01  1.134E-01  0.9483
5.500E+00  2.586E+01  1.447E-02  2.587E+01  1.384E-01  1.316E-01  0.9504
6.000E+00  2.453E+01  1.344E-02  2.454E+01  1.583E-01  1.507E-01  0.9522
6.500E+00  2.336E+01  1.256E-02  2.337E+01  1.792E-01  1.709E-01  0.9538
7.000E+00  2.231E+01  1.180E-02  2.232E+01  2.011E-01  1.920E-01  0.9552
7.500E+00  2.137E+01  1.113E-02  2.138E+01  2.239E-01  2.142E-01  0.9564
8.000E+00  2.051E+01  1.053E-02  2.052E+01  2.478E-01  2.373E-01  0.9575
8.500E+00  1.974E+01  9.999E-03  1.975E+01  2.727E-01  2.613E-01  0.9584
9.000E+00  1.903E+01  9.521E-03  1.904E+01  2.985E-01  2.863E-01  0.9593
9.500E+00  1.838E+01  9.090E-03  1.839E+01  3.252E-01  3.122E-01  0.9601
1.000E+01  1.778E+01  8.698E-03  1.779E+01  3.528E-01  3.390E-01  0.9608
1.250E+01  1.535E+01  7.176E-03  1.536E+01  5.046E-01  4.863E-01  0.9638
1.500E+01  1.359E+01  6.127E-03  1.359E+01  6.780E-01  6.548E-01  0.9658
1.750E+01  1.223E+01  5.359E-03  1.224E+01  8.722E-01  8.438E-01  0.9674
2.000E+01  1.116E+01  4.770E-03  1.116E+01  1.086E+00  1.052E+00  0.9687
2.500E+01  9.550E+00  3.923E-03  9.554E+00  1.572E+00  1.526E+00  0.9706
2.750E+01  8.929E+00  3.608E-03  8.932E+00  1.843E+00  1.790E+00  0.9713
3.000E+01  8.393E+00  3.342E-03  8.396E+00  2.132E+00  2.072E+00  0.9720
3.500E+01  7.514E+00  2.916E-03  7.516E+00  2.763E+00  2.688E+00  0.9730
4.000E+01  6.822E+00  2.591E-03  6.825E+00  3.462E+00  3.371E+00  0.9739
4.500E+01  6.264E+00  2.334E-03  6.267E+00  4.227E+00  4.120E+00  0.9746
5.000E+01  5.804E+00  2.125E-03  5.806E+00  5.057E+00  4.931E+00  0.9752
5.500E+01  5.418E+00  1.952E-03  5.420E+00  5.949E+00  5.804E+00  0.9757
6.000E+01  5.088E+00  1.806E-03  5.090E+00  6.901E+00  6.737E+00  0.9761
6.500E+01  4.804E+00  1.681E-03  4.806E+00  7.913E+00  7.727E+00  0.9765
7.000E+01  4.557E+00  1.573E-03  4.558E+00  8.982E+00  8.774E+00  0.9769
7.500E+01  4.339E+00  1.479E-03  4.340E+00  1.011E+01  9.876E+00  0.9772
8.000E+01  4.146E+00  1.396E-03  4.147E+00  1.129E+01  1.103E+01  0.9775
8.500E+01  3.973E+00  1.322E-03  3.974E+00  1.252E+01  1.224E+01  0.9778
9.000E+01  3.818E+00  1.255E-03  3.819E+00  1.380E+01  1.350E+01  0.9781
9.500E+01  3.678E+00  1.196E-03  3.679E+00  1.514E+01  1.481E+01  0.9783
1.000E+02  3.551E+00  1.142E-03  3.552E+00  1.652E+01  1.616E+01  0.9785
1.250E+02  3.056E+00  9.329E-04  3.057E+00  2.414E+01  2.364E+01  0.9794
1.500E+02  2.713E+00  7.905E-04  2.714E+00  3.284E+01  3.219E+01  0.9802
1.750E+02  2.462E+00  6.870E-04  2.463E+00  4.253E+01  4.171E+01  0.9808
2.000E+02  2.270E+00  6.081E-04  2.271E+00  5.312E+01  5.212E+01  0.9813
2.250E+02  2.118E+00  5.459E-04  2.119E+00  6.453E+01  6.335E+01  0.9818
2.500E+02  1.996E+00  4.957E-04  1.996E+00  7.669E+01  7.533E+01  0.9822
2.750E+02  1.895E+00  4.541E-04  1.895E+00  8.955E+01  8.799E+01  0.9826
3.000E+02  1.810E+00  4.192E-04  1.810E+00  1.031E+02  1.013E+02  0.9829
3.500E+02  1.676E+00  3.637E-04  1.677E+00  1.318E+02  1.296E+02  0.9836
4.000E+02  1.576E+00  3.215E-04  1.577E+00  1.626E+02  1.600E+02  0.9841
4.500E+02  1.499E+00  2.883E-04  1.499E+00  1.952E+02  1.921E+02  0.9846
5.000E+02  1.437E+00  2.615E-04  1.438E+00  2.292E+02  2.258E+02  0.9850
5.500E+02  1.388E+00  2.394E-04  1.388E+00  2.646E+02  2.608E+02  0.9854
6.000E+02  1.347E+00  2.209E-04  1.348E+00  3.012E+02  2.969E+02  0.9858
6.500E+02  1.314E+00  2.051E-04  1.314E+00  3.388E+02  3.341E+02  0.9862
7.000E+02  1.286E+00  1.914E-04  1.286E+00  3.773E+02  3.722E+02  0.9865
7.500E+02  1.262E+00  1.795E-04  1.262E+00  4.165E+02  4.110E+02  0.9868
8.000E+02  1.242E+00  1.691E-04  1.242E+00  4.565E+02  4.506E+02  0.9871
8.500E+02  1.224E+00  1.598E-04  1.224E+00  4.971E+02  4.908E+02  0.9873
9.000E+02  1.209E+00  1.515E-04  1.210E+00  5.382E+02  5.315E+02  0.9876
9.500E+02  1.197E+00  1.441E-04  1.197E+00  5.797E+02  5.727E+02  0.9878
1.000E+03  1.185E+00  1.374E-04  1.186E+00  6.217E+02  6.143E+02  0.9881
1.500E+03  1.130E+00  9.419E-05  1.130E+00  1.056E+03  1.045E+03  0.9898
2.000E+03  1.120E+00  7.205E-05  1.120E+00  1.501E+03  1.488E+03  0.9910
2.500E+03  1.124E+00  5.854E-05  1.124E+00  1.947E+03  1.932E+03  0.9919
3.000E+03  1.135E+00  4.940E-05  1.135E+00  2.390E+03  2.372E+03  0.9926
4.000E+03  1.161E+00  3.780E-05  1.161E+00  3.261E+03  3.241E+03  0.9936
5.000E+03  1.187E+00  3.072E-05  1.187E+00  4.113E+03  4.090E+03  0.9944
6.000E+03  1.211E+00  2.593E-05  1.211E+00  4.947E+03  4.922E+03  0.9949
7.000E+03  1.233E+00  2.247E-05  1.233E+00  5.765E+03  5.738E+03  0.9954
8.000E+03  1.253E+00  1.985E-05  1.253E+00  6.569E+03  6.541E+03  0.9957
9.000E+03  1.271E+00  1.779E-05  1.271E+00  7.361E+03  7.332E+03  0.9960
1.000E+04  1.288E+00  1.613E-05  1.288E+00  8.143E+03  8.112E+03  0.9962
