1.000E-03  1.838E+01  6.695E-01  1.905E+01  9.290E-05  1.052E-05  0.1132
1.500E-03  2.251E+01  6.904E-01  2.320E+01  1.164E-04  1.476E-05  0.1268
2.000E-03  2.599E+01  6.984E-01  2.669E+01  1.365E-04  1.890E-05  0.1385
2.500E-03  2.906E+01  7.005E-01  2.976E+01  1.542E-04  2.294E-05  0.1488
3.000E-03  3.183E+01  6.995E-01  3.253E+01  1.702E-04  2.691E-05  0.1581
4.000E-03  3.675E+01  6.922E-01  3.745E+01  1.988E-04  3.470E-05  0.1745
5.000E-03  4.109E+01  6.817E-01  4.177E+01  2.241E-04  4.234E-05  0.1889
6.000E-03  4.501E+01  6.699E-01  4.568E+01  2.469E-04  4.985E-05  0.2019
7.000E-03  4.862E+01  6.575E-01  4.928E+01  2.680E-04  5.726E-05  0.2137
8.000E-03  5.198E+01  6.451E-01  5.262E+01  2.876E-04  6.458E-05  0.2245
9.000E-03  5.513E+01  6.328E-01  5.576E+01  3.061E-04  7.182E-05  0.2347
1.000E-02  5.811E+01  6.208E-01  5.873E+01  3.235E-04  7.899E-05  0.2442
1.250E-02  6.419E+01  5.926E-01  6.479E+01  3.640E-04  9.672E-05  0.2657
1.500E-02  6.957E+01  5.669E-01  7.014E+01  4.010E-04  1.142E-04  0.2849
1.750E-02  7.444E+01  5.436E-01  7.499E+01  4.355E-04  1.316E-04  0.3021
2.000E-02  7.890E+01  5.224E-01  7.942E+01  4.679E-04  1.487E-04  0.3178
2.250E-02  8.302E+01  5.032E-01  8.352E+01  4.985E-04  1.656E-04  0.3321
2.500E-02  8.684E+01  4.856E-01  8.733E+01  5.278E-04  1.823E-04  0.3454
2.750E-02  9.042E+01  4.694E-01  9.089E+01  5.559E-04  1.988E-04  0.3577
3.000E-02  9.378E+01  4.545E-01  9.423E+01  5.829E-04  2.152E-04  0.3692
3.500E-02  9.992E+01  4.279E-01  1.003E+02  6.342E-04  2.475E-04  0.3902
4.000E-02  1.054E+02  4.049E-01  1.058E+02  6.827E-04  2.792E-04  0.4089
4.500E-02  1.103E+02  3.847E-01  1.107E+02  7.289E-04  3.104E-04  0.4258
5.000E-02  1.148E+02  3.668E-01  1.151E+02  7.732E-04  3.411E-04  0.4412
5.500E-02  1.188E+02  3.508E-01  1.191E+02  8.158E-04  3.715E-04  0.4554
6.000E-02  1.224E+02  3.364E-01  1.227E+02  8.572E-04  4.016E-04  0.4685
6.500E-02  1.257E+02  3.234E-01  1.260E+02  8.974E-04  4.313E-04  0.4806
7.000E-02  1.286E+02  3.115E-01  1.289E+02  9.366E-04  4.608E-04  0.4920
7.500E-02  1.312E+02  3.006E-01  1.315E+02  9.750E-04  4.901E-04  0.5026
8.000E-02  1.335E+02  2.906E-01  1.338E+02  1.013E-03  5.192E-04  0.5127
8.500E-02  1.356E+02  2.813E-01  1.359E+02  1.050E-03  5.481E-04  0.5221
9.000E-02  1.374E+02  2.727E-01  1.377E+02  1.086E-03  5.770E-04  0.5311
9.500E-02  1.390E+02  2.647E-01  1.393E+02  1.122E-03  6.057E-04  0.5397
1.000E-01  1.404E+02  2.573E-01  1.406E+02  1.158E-03  6.345E-04  0.5478
1.250E-01  1.444E+02  2.263E-01  1.446E+02  1.333E-03  7.780E-04  0.5836
1.500E-01  1.448E+02  2.028E-01  1.450E+02  1.505E-03  9.233E-04  0.6134
1.750E-01  1.427E+02  1.843E-01  1.429E+02  1.679E-03  1.072E-03  0.6388
2.000E-01  1.391E+02  1.693E-01  1.393E+02  1.856E-03  1.227E-03  0.6611
2.250E-01  1.345E+02  1.568E-01  1.347E+02  2.038E-03  1.388E-03  0.6808
2.500E-01  1.296E+02  1.462E-01  1.297E+02  2.227E-03  1.556E-03  0.6985
2.750E-01  1.242E+02  1.372E-01  1.243E+02  2.424E-03  1.732E-03  0.7145
3.000E-01  1.188E+02  1.293E-01  1.189E+02  2.630E-03  1.917E-03  0.7290
3.500E-01  1.087E+02  1.162E-01  1.088E+02  3.070E-03  2.316E-03  0.7543
4.000E-01  1.000E+02  1.058E-01  1.001E+02  3.549E-03  2.753E-03  0.7756
4.500E-01  9.278E+01  9.722E-02  9.288E+01  4.068E-03  3.228E-03  0.7935
5.000E-01  8.672E+01  9.009E-02  8.681E+01  4.625E-03  3.740E-03  0.8086
5.500E-01  8.164E+01  8.402E-02  8.172E+01  5.219E-03  4.287E-03  0.8214
6.000E-01  7.735E+01  7.880E-02  7.743E+01  5.848E-03  4.868E-03  0.8324
6.500E-01  7.371E+01  7.425E-02  7.379E+01  6.510E-03  5.481E-03  0.8418
7.000E-01  7.060E+01  7.024E-02  7.067E+01  7.203E-03  6.122E-03  0.8500
7.500E-01  6.792E+01  6.669E-02  6.799E+01  7.925E-03  6.792E-03  0.8571
8.000E-01  6.559E+01  6.351E-02  6.565E+01  8.673E-03  7.488E-03  0.8633
8.500E-01  6.356E+01  6.064E-02  6.362E+01  9.447E-03  8.208E-03  0.8688
9.000E-01  6.177E+01  5.805E-02  6.183E+01  1.024E-02  8.950E-03  0.8737
9.500E-01  6.019E+01  5.569E-02  6.024E+01  1.106E-02  9.714E-03  0.8780
1.000E+00  5.878E+01  5.353E-02  5.884E+01  1.190E-02  1.050E-02  0.8819
1.250E+00  5.333E+01  4.500E-02  5.338E+01  1.638E-02  1.468E-02  0.8966
1.500E+00  4.908E+01  3.897E-02  4.912E+01  2.126E-02  1.927E-02  0.9064
1.750E+00  4.562E+01  3.447E-02  4.566E+01  2.655E-02  2.425E-02  0.9135
2.000E+00  4.273E+01  3.097E-02  4.276E+01  3.221E-02  2.960E-02  0.9190
2.250E+00  4.028E+01  2.816E-02  4.031E+01  3.824E-02  3.531E-02  0.9234
2.500E+00  3.815E+01  2.585E-02  3.818E+01  4.461E-02  4.135E-02  0.9270
2.750E+00  3.629E+01  2.392E-02  3.631E+01  5.133E-02  4.774E-02  0.9300
3.000E+00  3.463E+01  2.228E-02  3.465E+01  5.838E-02  5.445E-02  0.9326
3.500E+00  3.182E+01  1.962E-02  3.184E+01  7.345E-02  6.881E-02  0.9369
4.000E+00  2.952E+01  1.757E-02  2.954E+01  8.977E-02  8.440E-02  0.9402
4.500E+00  2.759E+01  1.593E-02  2.760E+01  1.073E-01  1.012E-01  0.9430
5.000E+00  2.594E+01  1.459E-02  2.595E+01  1.260E-01  1.191E-01  0.9452
5.500E+00  2.451E+01  1.347E-02  2.452E+01  1.458E-01  1.381E-01  0.9472
6.000E+00  2.326E+01  1.252E-02  2.327E+01  1.668E-01  1.582E-01  0.9488
6.500E+00  2.215E+01  1.170E-02  2.216E+01  1.888E-01  1.794E-01  0.9503
7.000E+00  2.116E+01  1.099E-02  2.117E+01  2.119E-01  2.016E-01  0.9516
7.500E+00  2.027E+01  1.037E-02  2.028E+01  2.360E-01  2.249E-01  0.9528
8.000E+00  1.947E+01  9.819E-03  1.948E+01  2.612E-01  2.491E-01  0.9538
8.500E+00  1.874E+01  9.326E-03  1.875E+01  2.873E-01  2.743E-01  0.9547
9.000E+00  1.807E+01  8.882E-03  1.808E+01  3.145E-01  3.005E-01  0.9556
9.500E+00  1.746E+01  8.481E-03  1.747E+01  3.426E-01  3.277E-01  0.9564
1.000E+01  1.689E+01  8.117E-03  1.690E+01  3.718E-01  3.558E-01  0.9571
1.250E+01  1.460E+01  6.702E-03  1.461E+01  5.314E-01  5.102E-01  0.9600
1.500E+01  1.294E+01  5.726E-03  1.294E+01  7.136E-01  6.866E-01  0.9622
1.750E+01  1.166E+01  5.010E-03  1.166E+01  9.175E-01  8.843E-01  0.9638
2.000E+01  1.064E+01  4.461E-03  1.065E+01  1.142E+00  1.102E+00  0.9651
2.500E+01  9.121E+00  3.671E-03  9.124E+00  1.651E+00  1.597E+00  0.9671
2.750E+01  8.532E+00  3.377E-03  8.535E+00  1.935E+00  1.873E+00  0.9679
3.000E+01  8.023E+00  3.129E-03  8.026E+00  2.237E+00  2.167E+00  0.9686
3.500E+01  7.189E+00  2.732E-03  7.191E+00  2.896E+00  2.809E+00  0.9698
4.000E+01  6.532E+00  2.428E-03  6.534E+00  3.627E+00  3.521E+00  0.9707
4.500E+01  6.001E+00  2.188E-03  6.003E+00  4.426E+00  4.300E+00  0.9715
5.000E+01  5.562E+00  1.993E-03  5.564E+00  5.292E+00  5.145E+00  0.9722
5.500E+01  5.193E+00  1.831E-03  5.195E+00  6.223E+00  6.053E+00  0.9727
6.000E+01  4.879E+00  1.694E-03  4.881E+00  7.216E+00  7.023E+00  0.9732
6.500E+01  4.608E+00  1.578E-03  4.610E+00  8.271E+00  8.053E+00  0.9737
7.000E+01  4.372E+00  1.477E-03  4.373E+00  9.385E+00  9.142E+00  0.9741
7.500E+01  4.164E+00  1.388E-03  4.165E+00  1.056E+01  1.029E+01  0.9744
8.000E+01  3.979E+00  1.310E-03  3.980E+00  1.179E+01  1.149E+01  0.9748
8.500E+01  3.814E+00  1.241E-03  3.815E+00  1.307E+01  1.274E+01  0.9751
9.000E+01  3.666E+00  1.179E-03  3.667E+00  1.441E+01  1.405E+01  0.9754
9.500E+01  3.532E+00  1.123E-03  3.533E+00  1.580E+01  1.541E+01  0.9756
1.000E+02  3.410E+00  1.072E-03  3.411E+00  1.724E+01  1.682E+01  0.9759
1.250E+02  2.936E+00  8.769E-04  2.937E+00  2.517E+01  2.459E+01  0.9769
1.500E+02  2.607E+00  7.434E-04  2.608E+00  3.423E+01  3.346E+01  0.9777
1.750E+02  2.366E+00  6.463E-04  2.367E+00  4.431E+01  4.335E+01  0.9784
2.000E+02  2.182E+00  5.723E-04  2.183E+00  5.532E+01  5.416E+01  0.9790
2.250E+02  2.036E+00  5.139E-04  2.037E+00  6.719E+01  6.582E+01  0.9795
2.500E+02  1.919E+00  4.667E-04  1.919E+00  7.985E+01  7.825E+01  0.9800
2.750E+02  1.821E+00  4.277E-04  1.822E+00  9.323E+01  9.140E+01  0.9804
3.000E+02  1.740E+00  3.949E-04  1.740E+00  1.073E+02  1.052E+02  0.9808
3.500E+02  1.612E+00  3.427E-04  1.612E+00  1.372E+02  1.346E+02  0.9815
4.000E+02  1.515E+00  3.031E-04  1.516E+00  1.692E+02  1.662E+02  0.9821
4.500E+02  1.441E+00  2.719E-04  1.441E+00  2.031E+02  1.996E+02  0.9827
5.000E+02  1.382E+00  2.467E-04  1.382E+00  2.385E+02  2.345E+02  0.9832
5.500E+02  1.334E+00  2.259E-04  1.334E+00  2.754E+02  2.709E+02  0.9836
6.000E+02  1.295E+00  2.084E-04  1.295E+00  3.134E+02  3.084E+02  0.9841
6.500E+02  1.263E+00  1.935E-04  1.263E+00  3.525E+02  3.470E+02  0.9845
7.000E+02  1.236E+00  1.806E-04  1.236E+00  3.925E+02  3.866E+02  0.9848
7.500E+02  1.213E+00  1.694E-04  1.213E+00  4.334E+02  4.269E+02  0.9852
8.000E+02  1.193E+00  1.596E-04  1.194E+00  4.749E+02  4.680E+02  0.9855
8.500E+02  1.177E+00  1.509E-04  1.177E+00  5.171E+02  5.098E+02  0.9858
9.000E+02  1.163E+00  1.431E-04  1.163E+00  5.599E+02  5.521E+02  0.9861
9.500E+02  1.150E+00  1.361E-04  1.150E+00  6.031E+02  5.949E+02  0.9863
1.000E+03  1.140E+00  1.297E-04  1.140E+00  6.468E+02  6.381E+02  0.9866
1.500E+03  1.087E+00  8.898E-05  1.087E+00  1.099E+03  1.086E+03  0.9886
2.000E+03  1.077E+00  6.809E-05  1.077E+00  1.562E+03  1.546E+03  0.9899
2.500E+03  1.082E+00  5.533E-05  1.082E+00  2.025E+03  2.007E+03  0.9909
3.000E+03  1.092E+00  4.670E-05  1.092E+00  2.485E+03  2.465E+03  0.9917
4.000E+03  1.117E+00  3.575E-05  1.117E+00  3.391E+03  3.366E+03  0.9928
5.000E+03  1.143E+00  2.906E-05  1.143E+00  4.275E+03  4.248E+03  0.9937
6.000E+03  1.167E+00  2.453E-05  1.167E+00  5.141E+03  5.111E+03  0.9943
7.000E+03  1.189E+00  2.126E-05  1.189E+00  5.990E+03  5.958E+03  0.9948
8.000E+03  1.208E+00  1.878E-05  1.208E+00  6.824E+03  6.791E+03  0.9952
9.000E+03  1.226E+00  1.683E-05  1.226E+00  7.646E+03  7.611E+03  0.9955
1.000E+04  1.242E+00  1.527E-05  1.242E+00  8.456E+03  8.420E+03  0.9958
