1.000E-03  6.088E+01  6.201E+00  6.708E+01  2.420E-05  4.702E-06  0.1942
1.500E-03  7.456E+01  5.821E+00  8.038E+01  3.094E-05  6.906E-06  0.2232
2.000E-03  8.610E+01  5.475E+00  9.157E+01  3.676E-05  9.107E-06  0.2478
2.500E-03  9.626E+01  5.170E+00  1.014E+02  4.194E-05  1.128E-05  0.2691
3.000E-03  1.054E+02  4.902E+00  1.103E+02  4.666E-05  1.344E-05  0.2880
4.000E-03  1.218E+02  4.455E+00  1.262E+02  5.511E-05  1.767E-05  0.3206
5.000E-03  1.361E+02  4.096E+00  1.402E+02  6.262E-05  2.180E-05  0.3481
6.000E-03  1.491E+02  3.802E+00  1.529E+02  6.944E-05  2.582E-05  0.3719
7.000E-03  1.611E+02  3.554E+00  1.646E+02  7.574E-05  2.975E-05  0.3927
8.000E-03  1.722E+02  3.343E+00  1.755E+02  8.162E-05  3.357E-05  0.4113
9.000E-03  1.826E+02  3.160E+00  1.858E+02  8.715E-05  3.731E-05  0.4281
1.000E-02  1.925E+02  2.999E+00  1.955E+02  9.240E-05  4.096E-05  0.4433
1.250E-02  2.123E+02  2.671E+00  2.150E+02  1.046E-04  4.979E-05  0.4762
1.500E-02  2.296E+02  2.418E+00  2.320E+02  1.158E-04  5.830E-05  0.5037
1.750E-02  2.451E+02  2.214E+00  2.473E+02  1.262E-04  6.651E-05  0.5271
2.000E-02  2.591E+02  2.047E+00  2.611E+02  1.360E-04  7.446E-05  0.5474
2.250E-02  2.718E+02  1.906E+00  2.737E+02  1.454E-04  8.217E-05  0.5653
2.500E-02  2.835E+02  1.786E+00  2.853E+02  1.543E-04  8.969E-05  0.5812
2.750E-02  2.942E+02  1.683E+00  2.959E+02  1.629E-04  9.702E-05  0.5956
3.000E-02  3.041E+02  1.592E+00  3.057E+02  1.712E-04  1.042E-04  0.6085
3.500E-02  3.216E+02  1.439E+00  3.230E+02  1.871E-04  1.181E-04  0.6313
4.000E-02  3.365E+02  1.317E+00  3.378E+02  2.022E-04  1.316E-04  0.6506
4.500E-02  3.491E+02  1.216E+00  3.503E+02  2.168E-04  1.447E-04  0.6675
5.000E-02  3.598E+02  1.130E+00  3.609E+02  2.308E-04  1.575E-04  0.6823
5.500E-02  3.687E+02  1.058E+00  3.698E+02  2.445E-04  1.700E-04  0.6955
6.000E-02  3.760E+02  9.947E-01  3.770E+02  2.579E-04  1.824E-04  0.7074
6.500E-02  3.820E+02  9.396E-01  3.829E+02  2.710E-04  1.947E-04  0.7182
7.000E-02  3.867E+02  8.908E-01  3.875E+02  2.840E-04  2.068E-04  0.7281
7.500E-02  3.902E+02  8.474E-01  3.910E+02  2.969E-04  2.189E-04  0.7373
8.000E-02  3.927E+02  8.084E-01  3.935E+02  3.096E-04  2.309E-04  0.7457
8.500E-02  3.944E+02  7.732E-01  3.951E+02  3.223E-04  2.429E-04  0.7536
9.000E-02  3.952E+02  7.413E-01  3.959E+02  3.349E-04  2.548E-04  0.7609
9.500E-02  3.953E+02  7.121E-01  3.960E+02  3.475E-04  2.669E-04  0.7678
1.000E-01  3.948E+02  6.854E-01  3.955E+02  3.602E-04  2.789E-04  0.7743
1.250E-01  3.854E+02  5.792E-01  3.860E+02  4.240E-04  3.401E-04  0.8021
1.500E-01  3.693E+02  5.036E-01  3.698E+02  4.901E-04  4.039E-04  0.8241
1.750E-01  3.510E+02  4.469E-01  3.514E+02  5.595E-04  4.711E-04  0.8421
2.000E-01  3.326E+02  4.025E-01  3.330E+02  6.325E-04  5.422E-04  0.8572
2.250E-01  3.154E+02  3.667E-01  3.158E+02  7.096E-04  6.174E-04  0.8700
2.500E-01  2.996E+02  3.373E-01  3.000E+02  7.909E-04  6.968E-04  0.8810
2.750E-01  2.855E+02  3.126E-01  2.858E+02  8.763E-04  7.803E-04  0.8905
3.000E-01  2.728E+02  2.915E-01  2.731E+02  9.658E-04  8.680E-04  0.8987
3.500E-01  2.513E+02  2.573E-01  2.516E+02  1.157E-03  1.055E-03  0.9122
4.000E-01  2.339E+02  2.309E-01  2.342E+02  1.363E-03  1.258E-03  0.9228
4.500E-01  2.196E+02  2.096E-01  2.198E+02  1.584E-03  1.475E-03  0.9312
5.000E-01  2.076E+02  1.923E-01  2.078E+02  1.818E-03  1.705E-03  0.9380
5.500E-01  1.974E+02  1.777E-01  1.976E+02  2.065E-03  1.948E-03  0.9436
6.000E-01  1.887E+02  1.654E-01  1.888E+02  2.324E-03  2.203E-03  0.9482
6.500E-01  1.810E+02  1.547E-01  1.811E+02  2.594E-03  2.470E-03  0.9522
7.000E-01  1.741E+02  1.455E-01  1.743E+02  2.876E-03  2.748E-03  0.9555
7.500E-01  1.679E+02  1.373E-01  1.680E+02  3.168E-03  3.036E-03  0.9584
8.000E-01  1.622E+02  1.301E-01  1.624E+02  3.471E-03  3.335E-03  0.9608
8.500E-01  1.570E+02  1.237E-01  1.572E+02  3.784E-03  3.644E-03  0.9630
9.000E-01  1.522E+02  1.179E-01  1.523E+02  4.107E-03  3.963E-03  0.9650
9.500E-01  1.477E+02  1.126E-01  1.478E+02  4.440E-03  4.292E-03  0.9667
1.000E+00  1.435E+02  1.078E-01  1.437E+02  4.783E-03  4.631E-03  0.9682
1.250E+00  1.260E+02  8.928E-02  1.261E+02  6.645E-03  6.472E-03  0.9739
1.500E+00  1.125E+02  7.644E-02  1.125E+02  8.747E-03  8.551E-03  0.9776
1.750E+00  1.017E+02  6.699E-02  1.018E+02  1.109E-02  1.087E-02  0.9802
2.000E+00  9.307E+01  5.973E-02  9.313E+01  1.366E-02  1.341E-02  0.9821
2.250E+00  8.604E+01  5.395E-02  8.610E+01  1.645E-02  1.618E-02  0.9835
2.500E+00  8.014E+01  4.924E-02  8.018E+01  1.946E-02  1.917E-02  0.9847
2.750E+00  7.510E+01  4.532E-02  7.515E+01  2.269E-02  2.236E-02  0.9856
3.000E+00  7.076E+01  4.201E-02  7.080E+01  2.612E-02  2.576E-02  0.9863
3.500E+00  6.359E+01  3.672E-02  6.363E+01  3.358E-02  3.316E-02  0.9875
4.000E+00  5.791E+01  3.266E-02  5.794E+01  4.182E-02  4.134E-02  0.9884
4.500E+00  5.327E+01  2.945E-02  5.330E+01  5.083E-02  5.027E-02  0.9890
5.000E+00  4.941E+01  2.683E-02  4.943E+01  6.058E-02  5.994E-02  0.9895
5.500E+00  4.613E+01  2.467E-02  4.615E+01  7.105E-02  7.034E-02  0.9900
6.000E+00  4.331E+01  2.284E-02  4.333E+01  8.224E-02  8.144E-02  0.9903
6.500E+00  4.085E+01  2.127E-02  4.087E+01  9.413E-02  9.325E-02  0.9906
7.000E+00  3.868E+01  1.992E-02  3.870E+01  1.067E-01  1.057E-01  0.9909
7.500E+00  3.677E+01  1.873E-02  3.679E+01  1.200E-01  1.189E-01  0.9911
8.000E+00  3.505E+01  1.768E-02  3.507E+01  1.339E-01  1.327E-01  0.9913
8.500E+00  3.351E+01  1.675E-02  3.352E+01  1.485E-01  1.472E-01  0.9915
9.000E+00  3.211E+01  1.592E-02  3.213E+01  1.637E-01  1.623E-01  0.9916
9.500E+00  3.084E+01  1.516E-02  3.085E+01  1.796E-01  1.781E-01  0.9918
1.000E+01  2.967E+01  1.448E-02  2.969E+01  1.961E-01  1.945E-01  0.9919
1.250E+01  2.507E+01  1.185E-02  2.508E+01  2.881E-01  2.859E-01  0.9924
1.500E+01  2.182E+01  1.005E-02  2.183E+01  3.953E-01  3.924E-01  0.9927
1.750E+01  1.939E+01  8.742E-03  1.940E+01  5.170E-01  5.134E-01  0.9930
2.000E+01  1.750E+01  7.743E-03  1.750E+01  6.529E-01  6.485E-01  0.9932
2.500E+01  1.473E+01  6.316E-03  1.473E+01  9.656E-01  9.593E-01  0.9935
2.750E+01  1.368E+01  5.789E-03  1.369E+01  1.142E+00  1.135E+00  0.9936
3.000E+01  1.279E+01  5.345E-03  1.280E+01  1.331E+00  1.322E+00  0.9937
3.500E+01  1.135E+01  4.638E-03  1.136E+01  1.746E+00  1.736E+00  0.9939
4.000E+01  1.024E+01  4.101E-03  1.025E+01  2.211E+00  2.198E+00  0.9940
4.500E+01  9.355E+00  3.678E-03  9.359E+00  2.722E+00  2.706E+00  0.9942
5.000E+01  8.629E+00  3.336E-03  8.632E+00  3.279E+00  3.260E+00  0.9943
5.500E+01  8.023E+00  3.053E-03  8.026E+00  3.880E+00  3.858E+00  0.9944
6.000E+01  7.510E+00  2.816E-03  7.513E+00  4.524E+00  4.499E+00  0.9944
6.500E+01  7.069E+00  2.614E-03  7.072E+00  5.211E+00  5.182E+00  0.9945
7.000E+01  6.686E+00  2.440E-03  6.688E+00  5.938E+00  5.906E+00  0.9946
7.500E+01  6.350E+00  2.288E-03  6.352E+00  6.706E+00  6.670E+00  0.9946
8.000E+01  6.052E+00  2.154E-03  6.054E+00  7.512E+00  7.472E+00  0.9947
8.500E+01  5.787E+00  2.035E-03  5.789E+00  8.357E+00  8.313E+00  0.9948
9.000E+01  5.549E+00  1.929E-03  5.551E+00  9.239E+00  9.191E+00  0.9948
9.500E+01  5.334E+00  1.834E-03  5.336E+00  1.016E+01  1.011E+01  0.9949
1.000E+02  5.140E+00  1.748E-03  5.141E+00  1.111E+01  1.106E+01  0.9949
1.250E+02  4.385E+00  1.418E-03  4.387E+00  1.640E+01  1.632E+01  0.9951
1.500E+02  3.869E+00  1.195E-03  3.870E+00  2.249E+01  2.238E+01  0.9953
1.750E+02  3.493E+00  1.033E-03  3.494E+00  2.930E+01  2.916E+01  0.9954
2.000E+02  3.206E+00  9.111E-04  3.207E+00  3.678E+01  3.661E+01  0.9955
2.250E+02  2.981E+00  8.153E-04  2.982E+00  4.487E+01  4.468E+01  0.9956
2.500E+02  2.800E+00  7.382E-04  2.801E+00  5.353E+01  5.330E+01  0.9957
2.750E+02  2.651E+00  6.747E-04  2.651E+00  6.271E+01  6.245E+01  0.9958
3.000E+02  2.526E+00  6.215E-04  2.526E+00  7.238E+01  7.208E+01  0.9959
3.500E+02  2.329E+00  5.373E-04  2.330E+00  9.303E+01  9.266E+01  0.9960
4.000E+02  2.182E+00  4.736E-04  2.182E+00  1.152E+02  1.148E+02  0.9961
4.500E+02  2.068E+00  4.238E-04  2.068E+00  1.388E+02  1.383E+02  0.9963
5.000E+02  1.978E+00  3.836E-04  1.978E+00  1.635E+02  1.629E+02  0.9964
5.500E+02  1.905E+00  3.506E-04  1.905E+00  1.893E+02  1.886E+02  0.9965
6.000E+02  1.845E+00  3.229E-04  1.845E+00  2.160E+02  2.152E+02  0.9966
6.500E+02  1.795E+00  2.994E-04  1.795E+00  2.435E+02  2.427E+02  0.9966
7.000E+02  1.753E+00  2.792E-04  1.753E+00  2.717E+02  2.708E+02  0.9967
7.500E+02  1.717E+00  2.616E-04  1.717E+00  3.005E+02  2.995E+02  0.9968
8.000E+02  1.686E+00  2.462E-04  1.687E+00  3.299E+02  3.288E+02  0.9969
8.500E+02  1.660E+00  2.325E-04  1.660E+00  3.598E+02  3.587E+02  0.9969
9.000E+02  1.637E+00  2.203E-04  1.638E+00  3.901E+02  3.889E+02  0.9970
9.500E+02  1.618E+00  2.093E-04  1.618E+00  4.208E+02  4.196E+02  0.9970
1.000E+03  1.600E+00  1.995E-04  1.600E+00  4.519E+02  4.506E+02  0.9971
1.500E+03  1.508E+00  1.362E-04  1.508E+00  7.756E+02  7.737E+02  0.9975
2.000E+03  1.481E+00  1.039E-04  1.481E+00  1.111E+03  1.108E+03  0.9978
2.500E+03  1.477E+00  8.430E-05  1.477E+00  1.449E+03  1.446E+03  0.9980
3.000E+03  1.482E+00  7.106E-05  1.482E+00  1.787E+03  1.784E+03  0.9982
4.000E+03  1.502E+00  5.429E-05  1.502E+00  2.458E+03  2.454E+03  0.9984
5.000E+03  1.525E+00  4.407E-05  1.525E+00  3.119E+03  3.114E+03  0.9986
6.000E+03  1.549E+00  3.717E-05  1.549E+00  3.769E+03  3.765E+03  0.9988
7.000E+03  1.570E+00  3.218E-05  1.570E+00  4.411E+03  4.405E+03  0.9989
8.000E+03  1.590E+00  2.841E-05  1.590E+00  5.043E+03  5.038E+03  0.9989
9.000E+03  1.609E+00  2.545E-05  1.609E+00  5.668E+03  5.663E+03  0.9990
1.000E+04  1.626E+00  2.307E-05  1.626E+00  6.287E+03  6.281E+03  0.9991
