1.000E-03  5.801E+01  1.623E+01  7.424E+01  1.811E-05  4.043E-06  0.2233
1.500E-03  7.105E+01  1.420E+01  8.525E+01  2.434E-05  6.282E-06  0.2581
2.000E-03  8.204E+01  1.270E+01  9.474E+01  2.989E-05  8.596E-06  0.2876
2.500E-03  9.173E+01  1.154E+01  1.033E+02  3.494E-05  1.094E-05  0.3129
3.000E-03  1.005E+02  1.060E+01  1.111E+02  3.961E-05  1.328E-05  0.3353
4.000E-03  1.160E+02  9.190E+00  1.252E+02  4.807E-05  1.794E-05  0.3732
5.000E-03  1.297E+02  8.158E+00  1.379E+02  5.567E-05  2.252E-05  0.4046
6.000E-03  1.421E+02  7.364E+00  1.495E+02  6.264E-05  2.701E-05  0.4312
7.000E-03  1.535E+02  6.730E+00  1.602E+02  6.909E-05  3.139E-05  0.4543
8.000E-03  1.641E+02  6.211E+00  1.703E+02  7.514E-05  3.566E-05  0.4745
9.000E-03  1.740E+02  5.776E+00  1.798E+02  8.086E-05  3.982E-05  0.4925
1.000E-02  1.835E+02  5.405E+00  1.889E+02  8.628E-05  4.389E-05  0.5087
1.250E-02  2.025E+02  4.678E+00  2.072E+02  9.889E-05  5.370E-05  0.5430
1.500E-02  2.193E+02  4.141E+00  2.235E+02  1.105E-04  6.311E-05  0.5711
1.750E-02  2.345E+02  3.727E+00  2.382E+02  1.213E-04  7.214E-05  0.5945
2.000E-02  2.483E+02  3.395E+00  2.517E+02  1.315E-04  8.084E-05  0.6146
2.250E-02  2.610E+02  3.123E+00  2.642E+02  1.412E-04  8.925E-05  0.6319
2.500E-02  2.728E+02  2.896E+00  2.757E+02  1.505E-04  9.740E-05  0.6472
2.750E-02  2.838E+02  2.703E+00  2.865E+02  1.594E-04  1.053E-04  0.6608
3.000E-02  2.940E+02  2.536E+00  2.966E+02  1.680E-04  1.130E-04  0.6729
3.500E-02  3.127E+02  2.263E+00  3.149E+02  1.843E-04  1.279E-04  0.6940
4.000E-02  3.292E+02  2.047E+00  3.312E+02  1.998E-04  1.422E-04  0.7116
4.500E-02  3.438E+02  1.872E+00  3.457E+02  2.145E-04  1.559E-04  0.7267
5.000E-02  3.569E+02  1.727E+00  3.587E+02  2.287E-04  1.692E-04  0.7397
5.500E-02  3.686E+02  1.605E+00  3.702E+02  2.425E-04  1.822E-04  0.7513
6.000E-02  3.790E+02  1.500E+00  3.805E+02  2.558E-04  1.948E-04  0.7616
6.500E-02  3.883E+02  1.410E+00  3.897E+02  2.688E-04  2.072E-04  0.7708
7.000E-02  3.965E+02  1.330E+00  3.979E+02  2.814E-04  2.193E-04  0.7791
7.500E-02  4.038E+02  1.260E+00  4.051E+02  2.939E-04  2.312E-04  0.7868
8.000E-02  4.102E+02  1.197E+00  4.114E+02  3.061E-04  2.430E-04  0.7938
8.500E-02  4.158E+02  1.141E+00  4.170E+02  3.182E-04  2.547E-04  0.8003
9.000E-02  4.207E+02  1.090E+00  4.218E+02  3.301E-04  2.662E-04  0.8063
9.500E-02  4.248E+02  1.044E+00  4.259E+02  3.419E-04  2.776E-04  0.8118
1.000E-01  4.284E+02  1.002E+00  4.294E+02  3.536E-04  2.889E-04  0.8171
1.250E-01  4.381E+02  8.371E-01  4.389E+02  4.111E-04  3.449E-04  0.8390
1.500E-01  4.379E+02  7.217E-01  4.386E+02  4.680E-04  4.006E-04  0.8560
1.750E-01  4.313E+02  6.360E-01  4.319E+02  5.254E-04  4.569E-04  0.8697
2.000E-01  4.208E+02  5.696E-01  4.214E+02  5.839E-04  5.146E-04  0.8812
2.250E-01  4.082E+02  5.166E-01  4.087E+02  6.441E-04  5.739E-04  0.8910
2.500E-01  3.946E+02  4.733E-01  3.950E+02  7.063E-04  6.354E-04  0.8995
2.750E-01  3.807E+02  4.371E-01  3.811E+02  7.708E-04  6.990E-04  0.9069
3.000E-01  3.671E+02  4.063E-01  3.675E+02  8.376E-04  7.651E-04  0.9135
3.500E-01  3.390E+02  3.569E-01  3.393E+02  9.792E-04  9.053E-04  0.9246
4.000E-01  3.138E+02  3.188E-01  3.141E+02  1.132E-03  1.057E-03  0.9336
4.500E-01  2.933E+02  2.885E-01  2.936E+02  1.297E-03  1.221E-03  0.9410
5.000E-01  2.772E+02  2.638E-01  2.775E+02  1.473E-03  1.395E-03  0.9471
5.500E-01  2.643E+02  2.432E-01  2.646E+02  1.657E-03  1.578E-03  0.9522
6.000E-01  2.526E+02  2.257E-01  2.528E+02  1.851E-03  1.770E-03  0.9565
6.500E-01  2.419E+02  2.108E-01  2.421E+02  2.053E-03  1.971E-03  0.9601
7.000E-01  2.322E+02  1.978E-01  2.323E+02  2.264E-03  2.180E-03  0.9632
7.500E-01  2.232E+02  1.864E-01  2.234E+02  2.483E-03  2.399E-03  0.9659
8.000E-01  2.150E+02  1.763E-01  2.151E+02  2.711E-03  2.625E-03  0.9683
8.500E-01  2.074E+02  1.673E-01  2.075E+02  2.948E-03  2.861E-03  0.9704
9.000E-01  2.004E+02  1.592E-01  2.005E+02  3.193E-03  3.104E-03  0.9722
9.500E-01  1.938E+02  1.520E-01  1.940E+02  3.447E-03  3.357E-03  0.9739
1.000E+00  1.877E+02  1.453E-01  1.879E+02  3.709E-03  3.617E-03  0.9753
1.250E+00  1.630E+02  1.195E-01  1.631E+02  5.141E-03  5.042E-03  0.9808
1.500E+00  1.446E+02  1.018E-01  1.447E+02  6.771E-03  6.665E-03  0.9843
1.750E+00  1.303E+02  8.880E-02  1.304E+02  8.594E-03  8.480E-03  0.9867
2.000E+00  1.189E+02  7.888E-02  1.190E+02  1.060E-02  1.048E-02  0.9884
2.250E+00  1.096E+02  7.102E-02  1.096E+02  1.279E-02  1.266E-02  0.9897
2.500E+00  1.018E+02  6.465E-02  1.018E+02  1.516E-02  1.502E-02  0.9907
2.750E+00  9.509E+01  5.936E-02  9.515E+01  1.770E-02  1.755E-02  0.9915
3.000E+00  8.935E+01  5.491E-02  8.940E+01  2.042E-02  2.025E-02  0.9921
3.500E+00  7.993E+01  4.780E-02  7.997E+01  2.634E-02  2.616E-02  0.9930
4.000E+00  7.250E+01  4.237E-02  7.254E+01  3.291E-02  3.271E-02  0.9937
4.500E+00  6.646E+01  3.808E-02  6.650E+01  4.012E-02  3.989E-02  0.9942
5.000E+00  6.145E+01  3.461E-02  6.149E+01  4.795E-02  4.769E-02  0.9946
5.500E+00  5.722E+01  3.173E-02  5.725E+01  5.638E-02  5.609E-02  0.9949
6.000E+00  5.359E+01  2.931E-02  5.361E+01  6.541E-02  6.510E-02  0.9952
6.500E+00  5.043E+01  2.725E-02  5.046E+01  7.503E-02  7.468E-02  0.9954
7.000E+00  4.767E+01  2.546E-02  4.769E+01  8.523E-02  8.485E-02  0.9956
7.500E+00  4.522E+01  2.390E-02  4.524E+01  9.599E-02  9.558E-02  0.9957
8.000E+00  4.304E+01  2.252E-02  4.306E+01  1.073E-01  1.069E-01  0.9959
8.500E+00  4.107E+01  2.130E-02  4.110E+01  1.192E-01  1.187E-01  0.9960
9.000E+00  3.930E+01  2.021E-02  3.932E+01  1.317E-01  1.311E-01  0.9961
9.500E+00  3.769E+01  1.923E-02  3.771E+01  1.446E-01  1.441E-01  0.9962
1.000E+01  3.622E+01  1.834E-02  3.624E+01  1.582E-01  1.576E-01  0.9962
1.250E+01  3.042E+01  1.492E-02  3.044E+01  2.338E-01  2.330E-01  0.9965
1.500E+01  2.636E+01  1.260E-02  2.637E+01  3.223E-01  3.212E-01  0.9967
1.750E+01  2.333E+01  1.091E-02  2.334E+01  4.233E-01  4.219E-01  0.9969
2.000E+01  2.099E+01  9.633E-03  2.100E+01  5.364E-01  5.347E-01  0.9970
2.500E+01  1.758E+01  7.817E-03  1.759E+01  7.977E-01  7.954E-01  0.9971
2.750E+01  1.630E+01  7.149E-03  1.631E+01  9.454E-01  9.428E-01  0.9972
3.000E+01  1.521E+01  6.588E-03  1.522E+01  1.104E+00  1.101E+00  0.9972
3.500E+01  1.346E+01  5.699E-03  1.347E+01  1.454E+00  1.450E+00  0.9973
4.000E+01  1.212E+01  5.025E-03  1.212E+01  1.846E+00  1.841E+00  0.9974
4.500E+01  1.104E+01  4.497E-03  1.105E+01  2.279E+00  2.273E+00  0.9975
5.000E+01  1.017E+01  4.071E-03  1.017E+01  2.751E+00  2.744E+00  0.9975
5.500E+01  9.442E+00  3.721E-03  9.446E+00  3.261E+00  3.253E+00  0.9975
6.000E+01  8.827E+00  3.427E-03  8.830E+00  3.809E+00  3.800E+00  0.9976
6.500E+01  8.299E+00  3.177E-03  8.302E+00  4.393E+00  4.383E+00  0.9976
7.000E+01  7.841E+00  2.962E-03  7.844E+00  5.013E+00  5.002E+00  0.9976
7.500E+01  7.440E+00  2.775E-03  7.443E+00  5.668E+00  5.655E+00  0.9977
8.000E+01  7.086E+00  2.610E-03  7.089E+00  6.357E+00  6.342E+00  0.9977
8.500E+01  6.771E+00  2.464E-03  6.773E+00  7.078E+00  7.062E+00  0.9977
9.000E+01  6.488E+00  2.334E-03  6.490E+00  7.833E+00  7.815E+00  0.9977
9.500E+01  6.233E+00  2.218E-03  6.235E+00  8.619E+00  8.600E+00  0.9978
1.000E+02  6.002E+00  2.113E-03  6.004E+00  9.436E+00  9.415E+00  0.9978
1.250E+02  5.110E+00  1.709E-03  5.111E+00  1.397E+01  1.394E+01  0.9979
1.500E+02  4.501E+00  1.438E-03  4.502E+00  1.920E+01  1.916E+01  0.9979
1.750E+02  4.058E+00  1.242E-03  4.059E+00  2.506E+01  2.501E+01  0.9980
2.000E+02  3.722E+00  1.094E-03  3.723E+00  3.150E+01  3.144E+01  0.9980
2.250E+02  3.458E+00  9.784E-04  3.459E+00  3.847E+01  3.840E+01  0.9981
2.500E+02  3.246E+00  8.852E-04  3.247E+00  4.594E+01  4.585E+01  0.9981
2.750E+02  3.072E+00  8.086E-04  3.073E+00  5.386E+01  5.376E+01  0.9982
3.000E+02  2.926E+00  7.445E-04  2.927E+00  6.220E+01  6.209E+01  0.9982
3.500E+02  2.697E+00  6.431E-04  2.698E+00  8.003E+01  7.989E+01  0.9983
4.000E+02  2.526E+00  5.666E-04  2.526E+00  9.920E+01  9.904E+01  0.9983
4.500E+02  2.393E+00  5.067E-04  2.394E+00  1.196E+02  1.194E+02  0.9984
5.000E+02  2.289E+00  4.585E-04  2.289E+00  1.409E+02  1.407E+02  0.9984
5.500E+02  2.204E+00  4.189E-04  2.205E+00  1.632E+02  1.630E+02  0.9985
6.000E+02  2.135E+00  3.858E-04  2.135E+00  1.863E+02  1.860E+02  0.9985
6.500E+02  2.077E+00  3.576E-04  2.078E+00  2.100E+02  2.097E+02  0.9985
7.000E+02  2.029E+00  3.334E-04  2.029E+00  2.344E+02  2.340E+02  0.9986
7.500E+02  1.988E+00  3.123E-04  1.988E+00  2.593E+02  2.589E+02  0.9986
8.000E+02  1.953E+00  2.938E-04  1.953E+00  2.846E+02  2.843E+02  0.9986
8.500E+02  1.923E+00  2.774E-04  1.923E+00  3.104E+02  3.100E+02  0.9987
9.000E+02  1.897E+00  2.628E-04  1.897E+00  3.366E+02  3.362E+02  0.9987
9.500E+02  1.874E+00  2.497E-04  1.875E+00  3.631E+02  3.627E+02  0.9987
1.000E+03  1.855E+00  2.379E-04  1.855E+00  3.900E+02  3.895E+02  0.9987
1.500E+03  1.753E+00  1.623E-04  1.753E+00  6.689E+02  6.681E+02  0.9989
2.000E+03  1.727E+00  1.238E-04  1.727E+00  9.568E+02  9.559E+02  0.9990
2.500E+03  1.728E+00  1.004E-04  1.728E+00  1.246E+03  1.245E+03  0.9991
3.000E+03  1.739E+00  8.458E-05  1.739E+00  1.535E+03  1.534E+03  0.9992
4.000E+03  1.773E+00  6.458E-05  1.774E+00  2.105E+03  2.103E+03  0.9993
5.000E+03  1.811E+00  5.241E-05  1.811E+00  2.663E+03  2.661E+03  0.9994
6.000E+03  1.847E+00  4.419E-05  1.847E+00  3.209E+03  3.208E+03  0.9995
7.000E+03  1.880E+00  3.825E-05  1.880E+00  3.746E+03  3.744E+03  0.9995
8.000E+03  1.911E+00  3.376E-05  1.911E+00  4.274E+03  4.272E+03  0.9995
9.000E+03  1.939E+00  3.024E-05  1.939E+00  4.793E+03  4.791E+03  0.9996
1.000E+04  1.965E+00  2.741E-05  1.966E+00  5.305E+03  5.303E+03  0.9996
