1.000E-03  2.973E+01  2.169E+00  3.190E+01  5.358E-05  6.877E-06  0.1284
1.500E-03  3.641E+01  2.153E+00  3.857E+01  6.767E-05  9.912E-06  0.1465
2.000E-03  4.205E+01  2.115E+00  4.416E+01  7.976E-05  1.292E-05  0.1620
2.500E-03  4.701E+01  2.071E+00  4.908E+01  9.048E-05  1.590E-05  0.1757
3.000E-03  5.150E+01  2.024E+00  5.352E+01  1.002E-04  1.885E-05  0.1881
4.000E-03  5.946E+01  1.931E+00  6.140E+01  1.176E-04  2.471E-05  0.2101
5.000E-03  6.648E+01  1.845E+00  6.833E+01  1.330E-04  3.051E-05  0.2293
6.000E-03  7.283E+01  1.767E+00  7.460E+01  1.470E-04  3.624E-05  0.2465
7.000E-03  7.866E+01  1.695E+00  8.036E+01  1.600E-04  4.192E-05  0.2621
8.000E-03  8.409E+01  1.630E+00  8.573E+01  1.720E-04  4.753E-05  0.2764
9.000E-03  8.920E+01  1.571E+00  9.077E+01  1.833E-04  5.309E-05  0.2896
1.000E-02  9.402E+01  1.517E+00  9.554E+01  1.941E-04  5.858E-05  0.3019
1.250E-02  1.037E+02  1.399E+00  1.051E+02  2.190E-04  7.214E-05  0.3295
1.500E-02  1.121E+02  1.302E+00  1.134E+02  2.418E-04  8.549E-05  0.3535
1.750E-02  1.197E+02  1.220E+00  1.209E+02  2.632E-04  9.863E-05  0.3748
2.000E-02  1.266E+02  1.149E+00  1.277E+02  2.833E-04  1.116E-04  0.3938
2.250E-02  1.328E+02  1.088E+00  1.339E+02  3.024E-04  1.243E-04  0.4111
2.500E-02  1.385E+02  1.034E+00  1.395E+02  3.207E-04  1.368E-04  0.4268
2.750E-02  1.437E+02  9.861E-01  1.447E+02  3.382E-04  1.492E-04  0.4412
3.000E-02  1.485E+02  9.432E-01  1.495E+02  3.552E-04  1.615E-04  0.4545
3.500E-02  1.571E+02  8.695E-01  1.579E+02  3.878E-04  1.855E-04  0.4785
4.000E-02  1.643E+02  8.081E-01  1.651E+02  4.187E-04  2.091E-04  0.4995
4.500E-02  1.705E+02  7.561E-01  1.713E+02  4.484E-04  2.324E-04  0.5182
5.000E-02  1.757E+02  7.113E-01  1.764E+02  4.772E-04  2.553E-04  0.5350
5.500E-02  1.801E+02  6.723E-01  1.808E+02  5.051E-04  2.780E-04  0.5504
6.000E-02  1.837E+02  6.379E-01  1.844E+02  5.325E-04  3.005E-04  0.5644
6.500E-02  1.867E+02  6.074E-01  1.873E+02  5.594E-04  3.230E-04  0.5773
7.000E-02  1.891E+02  5.800E-01  1.897E+02  5.859E-04  3.453E-04  0.5893
7.500E-02  1.911E+02  5.553E-01  1.916E+02  6.122E-04  3.676E-04  0.6005
8.000E-02  1.925E+02  5.329E-01  1.931E+02  6.381E-04  3.899E-04  0.6109
8.500E-02  1.936E+02  5.125E-01  1.941E+02  6.640E-04  4.122E-04  0.6207
9.000E-02  1.944E+02  4.938E-01  1.949E+02  6.897E-04  4.345E-04  0.6300
9.500E-02  1.948E+02  4.765E-01  1.953E+02  7.153E-04  4.569E-04  0.6388
1.000E-01  1.950E+02  4.606E-01  1.955E+02  7.409E-04  4.794E-04  0.6471
1.250E-01  1.934E+02  3.961E-01  1.938E+02  8.691E-04  5.936E-04  0.6830
1.500E-01  1.893E+02  3.490E-01  1.897E+02  9.994E-04  7.116E-04  0.7120
1.750E-01  1.844E+02  3.129E-01  1.847E+02  1.133E-03  8.339E-04  0.7360
2.000E-01  1.792E+02  2.842E-01  1.795E+02  1.270E-03  9.607E-04  0.7563
2.250E-01  1.741E+02  2.608E-01  1.744E+02  1.412E-03  1.092E-03  0.7737
2.500E-01  1.693E+02  2.413E-01  1.696E+02  1.557E-03  1.228E-03  0.7887
2.750E-01  1.648E+02  2.247E-01  1.650E+02  1.706E-03  1.368E-03  0.8018
3.000E-01  1.605E+02  2.105E-01  1.607E+02  1.860E-03  1.513E-03  0.8133
3.500E-01  1.527E+02  1.873E-01  1.529E+02  2.179E-03  1.815E-03  0.8327
4.000E-01  1.457E+02  1.691E-01  1.459E+02  2.514E-03  2.133E-03  0.8483
4.500E-01  1.395E+02  1.543E-01  1.396E+02  2.864E-03  2.467E-03  0.8611
5.000E-01  1.338E+02  1.422E-01  1.339E+02  3.230E-03  2.816E-03  0.8718
5.500E-01  1.286E+02  1.319E-01  1.288E+02  3.611E-03  3.181E-03  0.8809
6.000E-01  1.239E+02  1.232E-01  1.240E+02  4.007E-03  3.561E-03  0.8887
6.500E-01  1.195E+02  1.156E-01  1.196E+02  4.417E-03  3.956E-03  0.8955
7.000E-01  1.154E+02  1.090E-01  1.156E+02  4.843E-03  4.365E-03  0.9014
7.500E-01  1.117E+02  1.031E-01  1.118E+02  5.283E-03  4.790E-03  0.9067
8.000E-01  1.081E+02  9.791E-02  1.082E+02  5.737E-03  5.228E-03  0.9113
8.500E-01  1.048E+02  9.324E-02  1.049E+02  6.207E-03  5.682E-03  0.9154
9.000E-01  1.017E+02  8.903E-02  1.018E+02  6.690E-03  6.150E-03  0.9192
9.500E-01  9.874E+01  8.522E-02  9.882E+01  7.189E-03  6.632E-03  0.9225
1.000E+00  9.598E+01  8.175E-02  9.606E+01  7.702E-03  7.129E-03  0.9256
1.250E+00  8.449E+01  6.813E-02  8.456E+01  1.048E-02  9.827E-03  0.9374
1.500E+00  7.592E+01  5.862E-02  7.598E+01  1.361E-02  1.287E-02  0.9454
1.750E+00  6.930E+01  5.159E-02  6.935E+01  1.706E-02  1.622E-02  0.9511
2.000E+00  6.405E+01  4.616E-02  6.409E+01  2.081E-02  1.988E-02  0.9554
2.250E+00  5.977E+01  4.182E-02  5.981E+01  2.485E-02  2.383E-02  0.9587
2.500E+00  5.618E+01  3.828E-02  5.622E+01  2.917E-02  2.804E-02  0.9614
2.750E+00  5.307E+01  3.532E-02  5.311E+01  3.374E-02  3.251E-02  0.9635
3.000E+00  5.037E+01  3.282E-02  5.041E+01  3.858E-02  3.724E-02  0.9653
3.500E+00  4.586E+01  2.880E-02  4.589E+01  4.899E-02  4.743E-02  0.9682
4.000E+00  4.221E+01  2.570E-02  4.224E+01  6.036E-02  5.857E-02  0.9703
4.500E+00  3.919E+01  2.324E-02  3.921E+01  7.266E-02  7.062E-02  0.9720
5.000E+00  3.666E+01  2.123E-02  3.668E+01  8.585E-02  8.356E-02  0.9733
5.500E+00  3.447E+01  1.955E-02  3.449E+01  9.992E-02  9.736E-02  0.9744
6.000E+00  3.256E+01  1.814E-02  3.258E+01  1.148E-01  1.120E-01  0.9754
6.500E+00  3.088E+01  1.692E-02  3.089E+01  1.306E-01  1.275E-01  0.9762
7.000E+00  2.937E+01  1.587E-02  2.939E+01  1.472E-01  1.438E-01  0.9769
7.500E+00  2.805E+01  1.495E-02  2.807E+01  1.646E-01  1.609E-01  0.9775
8.000E+00  2.685E+01  1.413E-02  2.687E+01  1.828E-01  1.788E-01  0.9780
8.500E+00  2.577E+01  1.340E-02  2.578E+01  2.018E-01  1.975E-01  0.9785
9.000E+00  2.478E+01  1.275E-02  2.479E+01  2.216E-01  2.170E-01  0.9789
9.500E+00  2.387E+01  1.216E-02  2.388E+01  2.422E-01  2.372E-01  0.9793
1.000E+01  2.304E+01  1.163E-02  2.305E+01  2.635E-01  2.581E-01  0.9797
1.250E+01  1.971E+01  9.563E-03  1.972E+01  3.812E-01  3.740E-01  0.9811
1.500E+01  1.731E+01  8.144E-03  1.732E+01  5.168E-01  5.076E-01  0.9821
1.750E+01  1.550E+01  7.107E-03  1.550E+01  6.696E-01  6.582E-01  0.9829
2.000E+01  1.407E+01  6.313E-03  1.407E+01  8.391E-01  8.253E-01  0.9835
2.500E+01  1.195E+01  5.176E-03  1.195E+01  1.226E+00  1.207E+00  0.9844
2.750E+01  1.114E+01  4.754E-03  1.114E+01  1.443E+00  1.421E+00  0.9847
3.000E+01  1.045E+01  4.398E-03  1.045E+01  1.675E+00  1.650E+00  0.9850
3.500E+01  9.321E+00  3.830E-03  9.325E+00  2.182E+00  2.151E+00  0.9856
4.000E+01  8.444E+00  3.397E-03  8.447E+00  2.746E+00  2.708E+00  0.9860
4.500E+01  7.739E+00  3.054E-03  7.742E+00  3.365E+00  3.319E+00  0.9863
5.000E+01  7.160E+00  2.777E-03  7.163E+00  4.038E+00  3.983E+00  0.9866
5.500E+01  6.675E+00  2.547E-03  6.677E+00  4.761E+00  4.698E+00  0.9868
6.000E+01  6.262E+00  2.354E-03  6.264E+00  5.535E+00  5.463E+00  0.9871
6.500E+01  5.906E+00  2.189E-03  5.908E+00  6.357E+00  6.276E+00  0.9873
7.000E+01  5.596E+00  2.046E-03  5.598E+00  7.227E+00  7.136E+00  0.9874
7.500E+01  5.323E+00  1.921E-03  5.325E+00  8.143E+00  8.042E+00  0.9876
8.000E+01  5.081E+00  1.812E-03  5.083E+00  9.105E+00  8.993E+00  0.9878
8.500E+01  4.865E+00  1.714E-03  4.867E+00  1.011E+01  9.988E+00  0.9879
9.000E+01  4.671E+00  1.627E-03  4.672E+00  1.116E+01  1.103E+01  0.9880
9.500E+01  4.495E+00  1.548E-03  4.497E+00  1.225E+01  1.210E+01  0.9881
1.000E+02  4.336E+00  1.477E-03  4.337E+00  1.338E+01  1.323E+01  0.9883
1.250E+02  3.715E+00  1.203E-03  3.716E+00  1.964E+01  1.941E+01  0.9887
1.500E+02  3.288E+00  1.017E-03  3.289E+00  2.681E+01  2.652E+01  0.9891
1.750E+02  2.975E+00  8.819E-04  2.976E+00  3.481E+01  3.445E+01  0.9894
2.000E+02  2.736E+00  7.793E-04  2.737E+00  4.359E+01  4.314E+01  0.9897
2.250E+02  2.548E+00  6.986E-04  2.549E+00  5.306E+01  5.253E+01  0.9900
2.500E+02  2.396E+00  6.334E-04  2.397E+00  6.319E+01  6.257E+01  0.9902
2.750E+02  2.271E+00  5.796E-04  2.271E+00  7.391E+01  7.320E+01  0.9904
3.000E+02  2.166E+00  5.345E-04  2.166E+00  8.519E+01  8.439E+01  0.9906
3.500E+02  2.000E+00  4.629E-04  2.001E+00  1.092E+02  1.083E+02  0.9909
4.000E+02  1.876E+00  4.086E-04  1.877E+00  1.351E+02  1.339E+02  0.9912
4.500E+02  1.780E+00  3.660E-04  1.781E+00  1.625E+02  1.611E+02  0.9915
5.000E+02  1.704E+00  3.317E-04  1.705E+00  1.912E+02  1.896E+02  0.9917
5.500E+02  1.643E+00  3.034E-04  1.643E+00  2.211E+02  2.193E+02  0.9920
6.000E+02  1.592E+00  2.796E-04  1.593E+00  2.520E+02  2.500E+02  0.9922
6.500E+02  1.551E+00  2.594E-04  1.551E+00  2.838E+02  2.817E+02  0.9924
7.000E+02  1.515E+00  2.420E-04  1.516E+00  3.164E+02  3.141E+02  0.9925
7.500E+02  1.485E+00  2.269E-04  1.486E+00  3.498E+02  3.472E+02  0.9927
8.000E+02  1.460E+00  2.136E-04  1.460E+00  3.837E+02  3.810E+02  0.9929
8.500E+02  1.438E+00  2.018E-04  1.438E+00  4.182E+02  4.153E+02  0.9930
9.000E+02  1.419E+00  1.912E-04  1.419E+00  4.532E+02  4.501E+02  0.9931
9.500E+02  1.403E+00  1.818E-04  1.403E+00  4.887E+02  4.854E+02  0.9933
1.000E+03  1.389E+00  1.733E-04  1.389E+00  5.245E+02  5.210E+02  0.9934
1.500E+03  1.314E+00  1.185E-04  1.315E+00  8.966E+02  8.916E+02  0.9944
2.000E+03  1.296E+00  9.054E-05  1.296E+00  1.280E+03  1.274E+03  0.9950
2.500E+03  1.296E+00  7.349E-05  1.296E+00  1.666E+03  1.659E+03  0.9955
3.000E+03  1.305E+00  6.199E-05  1.305E+00  2.051E+03  2.043E+03  0.9959
4.000E+03  1.329E+00  4.739E-05  1.329E+00  2.811E+03  2.801E+03  0.9965
5.000E+03  1.355E+00  3.849E-05  1.355E+00  3.556E+03  3.545E+03  0.9969
6.000E+03  1.379E+00  3.247E-05  1.379E+00  4.287E+03  4.275E+03  0.9972
7.000E+03  1.402E+00  2.813E-05  1.402E+00  5.006E+03  4.993E+03  0.9974
8.000E+03  1.423E+00  2.484E-05  1.423E+00  5.714E+03  5.701E+03  0.9976
9.000E+03  1.442E+00  2.226E-05  1.442E+00  6.412E+03  6.398E+03  0.9978
1.000E+04  1.459E+00  2.018E-05  1.459E+00  7.101E+03  7.087E+03  0.9979
