1.000E-03  1.842E+02  4.837E+01  2.326E+02  4.882E-06  2.831E-06  0.5800
1.500E-03  2.256E+02  3.761E+01  2.633E+02  6.887E-06  4.321E-06  0.6273
2.000E-03  2.606E+02  3.112E+01  2.917E+02  8.691E-06  5.751E-06  0.6617
2.500E-03  2.913E+02  2.672E+01  3.180E+02  1.033E-05  7.107E-06  0.6880
3.000E-03  3.191E+02  2.351E+01  3.426E+02  1.184E-05  8.397E-06  0.7090
4.000E-03  3.685E+02  1.911E+01  3.876E+02  1.458E-05  1.080E-05  0.7408
5.000E-03  4.120E+02  1.620E+01  4.282E+02  1.704E-05  1.302E-05  0.7641
6.000E-03  4.513E+02  1.412E+01  4.654E+02  1.927E-05  1.508E-05  0.7822
7.000E-03  4.874E+02  1.256E+01  5.000E+02  2.135E-05  1.701E-05  0.7967
8.000E-03  5.211E+02  1.133E+01  5.324E+02  2.328E-05  1.883E-05  0.8087
9.000E-03  5.527E+02  1.033E+01  5.630E+02  2.511E-05  2.056E-05  0.8188
1.000E-02  5.826E+02  9.515E+00  5.921E+02  2.684E-05  2.221E-05  0.8275
1.250E-02  6.413E+02  7.974E+00  6.492E+02  3.086E-05  2.608E-05  0.8450
1.500E-02  6.919E+02  6.891E+00  6.988E+02  3.457E-05  2.967E-05  0.8583
1.750E-02  7.367E+02  6.084E+00  7.427E+02  3.804E-05  3.305E-05  0.8688
2.000E-02  7.766E+02  5.458E+00  7.821E+02  4.132E-05  3.626E-05  0.8775
2.250E-02  8.125E+02  4.957E+00  8.175E+02  4.444E-05  3.932E-05  0.8848
2.500E-02  8.449E+02  4.546E+00  8.495E+02  4.744E-05  4.227E-05  0.8910
2.750E-02  8.742E+02  4.202E+00  8.784E+02  5.033E-05  4.512E-05  0.8964
3.000E-02  9.008E+02  3.910E+00  9.047E+02  5.314E-05  4.789E-05  0.9012
3.500E-02  9.466E+02  3.439E+00  9.500E+02  5.853E-05  5.321E-05  0.9092
4.000E-02  9.841E+02  3.076E+00  9.872E+02  6.369E-05  5.832E-05  0.9157
4.500E-02  1.014E+03  2.786E+00  1.017E+03  6.867E-05  6.326E-05  0.9212
5.000E-02  1.039E+03  2.550E+00  1.041E+03  7.353E-05  6.808E-05  0.9259
5.500E-02  1.058E+03  2.352E+00  1.060E+03  7.828E-05  7.281E-05  0.9300
6.000E-02  1.072E+03  2.185E+00  1.074E+03  8.297E-05  7.746E-05  0.9336
6.500E-02  1.083E+03  2.042E+00  1.085E+03  8.760E-05  8.207E-05  0.9369
7.000E-02  1.089E+03  1.917E+00  1.091E+03  9.219E-05  8.664E-05  0.9398
7.500E-02  1.093E+03  1.807E+00  1.095E+03  9.677E-05  9.119E-05  0.9424
8.000E-02  1.094E+03  1.710E+00  1.096E+03  1.013E-04  9.573E-05  0.9448
8.500E-02  1.093E+03  1.624E+00  1.095E+03  1.059E-04  1.003E-04  0.9470
9.000E-02  1.090E+03  1.546E+00  1.092E+03  1.105E-04  1.048E-04  0.9490
9.500E-02  1.085E+03  1.476E+00  1.087E+03  1.151E-04  1.094E-04  0.9509
1.000E-01  1.079E+03  1.412E+00  1.080E+03  1.197E-04  1.140E-04  0.9527
1.250E-01  1.032E+03  1.165E+00  1.033E+03  1.433E-04  1.376E-04  0.9600
1.500E-01  9.730E+02  9.949E-01  9.739E+02  1.682E-04  1.624E-04  0.9656
1.750E-01  9.112E+02  8.701E-01  9.121E+02  1.947E-04  1.889E-04  0.9700
2.000E-01  8.521E+02  7.740E-01  8.528E+02  2.231E-04  2.172E-04  0.9736
2.250E-01  7.975E+02  6.963E-01  7.982E+02  2.534E-04  2.474E-04  0.9765
2.500E-01  7.483E+02  6.332E-01  7.489E+02  2.857E-04  2.797E-04  0.9790
2.750E-01  7.045E+02  5.810E-01  7.051E+02  3.201E-04  3.141E-04  0.9811
3.000E-01  6.658E+02  5.370E-01  6.663E+02  3.566E-04  3.505E-04  0.9829
3.500E-01  6.004E+02  4.668E-01  6.009E+02  4.358E-04  4.296E-04  0.9858
4.000E-01  5.477E+02  4.133E-01  5.481E+02  5.230E-04  5.167E-04  0.9880
4.500E-01  5.045E+02  3.711E-01  5.048E+02  6.181E-04  6.117E-04  0.9897
5.000E-01  4.683E+02  3.369E-01  4.687E+02  7.210E-04  7.145E-04  0.9910
5.500E-01  4.377E+02  3.087E-01  4.380E+02  8.315E-04  8.249E-04  0.9921
6.000E-01  4.113E+02  2.849E-01  4.116E+02  9.493E-04  9.426E-04  0.9929
6.500E-01  3.882E+02  2.646E-01  3.885E+02  1.074E-03  1.068E-03  0.9937
7.000E-01  3.680E+02  2.471E-01  3.682E+02  1.207E-03  1.200E-03  0.9943
7.500E-01  3.499E+02  2.318E-01  3.502E+02  1.346E-03  1.339E-03  0.9948
8.000E-01  3.338E+02  2.184E-01  3.341E+02  1.492E-03  1.485E-03  0.9952
8.500E-01  3.193E+02  2.064E-01  3.195E+02  1.645E-03  1.638E-03  0.9956
9.000E-01  3.062E+02  1.958E-01  3.064E+02  1.805E-03  1.798E-03  0.9959
9.500E-01  2.942E+02  1.862E-01  2.944E+02  1.972E-03  1.964E-03  0.9962
1.000E+00  2.832E+02  1.775E-01  2.834E+02  2.145E-03  2.137E-03  0.9964
1.250E+00  2.396E+02  1.442E-01  2.397E+02  3.108E-03  3.099E-03  0.9973
1.500E+00  2.086E+02  1.216E-01  2.087E+02  4.229E-03  4.219E-03  0.9978
1.750E+00  1.852E+02  1.052E-01  1.853E+02  5.502E-03  5.492E-03  0.9982
2.000E+00  1.670E+02  9.283E-02  1.671E+02  6.925E-03  6.914E-03  0.9984
2.250E+00  1.523E+02  8.310E-02  1.524E+02  8.494E-03  8.482E-03  0.9986
2.500E+00  1.402E+02  7.526E-02  1.403E+02  1.021E-02  1.019E-02  0.9987
2.750E+00  1.300E+02  6.880E-02  1.301E+02  1.206E-02  1.204E-02  0.9988
3.000E+00  1.213E+02  6.338E-02  1.214E+02  1.405E-02  1.403E-02  0.9989
3.500E+00  1.073E+02  5.480E-02  1.073E+02  1.844E-02  1.842E-02  0.9990
4.000E+00  9.637E+01  4.831E-02  9.642E+01  2.336E-02  2.334E-02  0.9991
4.500E+00  8.763E+01  4.322E-02  8.767E+01  2.881E-02  2.878E-02  0.9992
5.000E+00  8.046E+01  3.912E-02  8.050E+01  3.476E-02  3.474E-02  0.9992
5.500E+00  7.446E+01  3.575E-02  7.450E+01  4.123E-02  4.119E-02  0.9993
6.000E+00  6.936E+01  3.292E-02  6.939E+01  4.818E-02  4.815E-02  0.9993
6.500E+00  6.497E+01  3.051E-02  6.500E+01  5.563E-02  5.560E-02  0.9993
7.000E+00  6.114E+01  2.844E-02  6.117E+01  6.357E-02  6.353E-02  0.9993
7.500E+00  5.778E+01  2.664E-02  5.780E+01  7.198E-02  7.193E-02  0.9993
8.000E+00  5.479E+01  2.506E-02  5.482E+01  8.087E-02  8.081E-02  0.9994
8.500E+00  5.213E+01  2.366E-02  5.215E+01  9.022E-02  9.016E-02  0.9994
9.000E+00  4.973E+01  2.241E-02  4.975E+01  1.000E-01  9.998E-02  0.9994
9.500E+00  4.756E+01  2.129E-02  4.758E+01  1.103E-01  1.103E-01  0.9994
1.000E+01  4.559E+01  2.028E-02  4.561E+01  1.211E-01  1.210E-01  0.9994
1.250E+01  3.791E+01  1.640E-02  3.793E+01  1.815E-01  1.813E-01  0.9994
1.500E+01  3.260E+01  1.379E-02  3.261E+01  2.528E-01  2.526E-01  0.9995
1.750E+01  2.869E+01  1.191E-02  2.870E+01  3.347E-01  3.345E-01  0.9995
2.000E+01  2.568E+01  1.049E-02  2.569E+01  4.269E-01  4.267E-01  0.9995
2.500E+01  2.136E+01  8.483E-03  2.136E+01  6.413E-01  6.410E-01  0.9995
2.750E+01  1.974E+01  7.747E-03  1.975E+01  7.632E-01  7.628E-01  0.9995
3.000E+01  1.838E+01  7.131E-03  1.838E+01  8.945E-01  8.940E-01  0.9995
3.500E+01  1.619E+01  6.157E-03  1.620E+01  1.185E+00  1.184E+00  0.9995
4.000E+01  1.452E+01  5.421E-03  1.453E+01  1.511E+00  1.511E+00  0.9995
4.500E+01  1.320E+01  4.845E-03  1.320E+01  1.873E+00  1.872E+00  0.9996
5.000E+01  1.212E+01  4.382E-03  1.212E+01  2.269E+00  2.268E+00  0.9996
5.500E+01  1.123E+01  4.002E-03  1.123E+01  2.697E+00  2.696E+00  0.9996
6.000E+01  1.048E+01  3.683E-03  1.048E+01  3.159E+00  3.157E+00  0.9996
6.500E+01  9.833E+00  3.412E-03  9.836E+00  3.651E+00  3.650E+00  0.9996
7.000E+01  9.276E+00  3.179E-03  9.279E+00  4.175E+00  4.173E+00  0.9996
7.500E+01  8.789E+00  2.977E-03  8.792E+00  4.729E+00  4.727E+00  0.9996
8.000E+01  8.360E+00  2.799E-03  8.362E+00  5.312E+00  5.310E+00  0.9996
8.500E+01  7.978E+00  2.642E-03  7.981E+00  5.925E+00  5.922E+00  0.9996
9.000E+01  7.637E+00  2.502E-03  7.639E+00  6.565E+00  6.562E+00  0.9996
9.500E+01  7.329E+00  2.376E-03  7.332E+00  7.233E+00  7.231E+00  0.9996
1.000E+02  7.051E+00  2.262E-03  7.053E+00  7.929E+00  7.926E+00  0.9996
1.250E+02  5.979E+00  1.829E-03  5.981E+00  1.180E+01  1.179E+01  0.9996
1.500E+02  5.250E+00  1.537E-03  5.252E+00  1.627E+01  1.626E+01  0.9996
1.750E+02  4.723E+00  1.327E-03  4.724E+00  2.130E+01  2.129E+01  0.9996
2.000E+02  4.323E+00  1.168E-03  4.324E+00  2.684E+01  2.683E+01  0.9996
2.250E+02  4.010E+00  1.044E-03  4.011E+00  3.285E+01  3.284E+01  0.9997
2.500E+02  3.758E+00  9.441E-04  3.759E+00  3.929E+01  3.928E+01  0.9997
2.750E+02  3.552E+00  8.621E-04  3.552E+00  4.614E+01  4.613E+01  0.9997
3.000E+02  3.379E+00  7.935E-04  3.380E+00  5.336E+01  5.334E+01  0.9997
3.500E+02  3.108E+00  6.851E-04  3.109E+00  6.881E+01  6.879E+01  0.9997
4.000E+02  2.906E+00  6.033E-04  2.906E+00  8.547E+01  8.544E+01  0.9997
4.500E+02  2.749E+00  5.394E-04  2.750E+00  1.032E+02  1.031E+02  0.9997
5.000E+02  2.625E+00  4.879E-04  2.626E+00  1.218E+02  1.218E+02  0.9997
5.500E+02  2.525E+00  4.457E-04  2.526E+00  1.412E+02  1.412E+02  0.9997
6.000E+02  2.443E+00  4.103E-04  2.444E+00  1.614E+02  1.613E+02  0.9997
6.500E+02  2.375E+00  3.802E-04  2.375E+00  1.821E+02  1.821E+02  0.9997
7.000E+02  2.317E+00  3.544E-04  2.318E+00  2.034E+02  2.034E+02  0.9997
7.500E+02  2.268E+00  3.319E-04  2.269E+00  2.253E+02  2.252E+02  0.9997
8.000E+02  2.227E+00  3.122E-04  2.227E+00  2.475E+02  2.474E+02  0.9997
8.500E+02  2.191E+00  2.948E-04  2.191E+00  2.701E+02  2.701E+02  0.9998
9.000E+02  2.159E+00  2.792E-04  2.160E+00  2.931E+02  2.931E+02  0.9998
9.500E+02  2.132E+00  2.653E-04  2.132E+00  3.164E+02  3.164E+02  0.9998
1.000E+03  2.108E+00  2.527E-04  2.109E+00  3.400E+02  3.399E+02  0.9998
1.500E+03  1.981E+00  1.722E-04  1.981E+00  5.861E+02  5.860E+02  0.9998
2.000E+03  1.944E+00  1.312E-04  1.944E+00  8.414E+02  8.412E+02  0.9998
2.500E+03  1.939E+00  1.063E-04  1.939E+00  1.099E+03  1.099E+03  0.9998
3.000E+03  1.947E+00  8.958E-05  1.947E+00  1.356E+03  1.356E+03  0.9999
4.000E+03  1.977E+00  6.835E-05  1.977E+00  1.866E+03  1.866E+03  0.9999
5.000E+03  2.013E+00  5.543E-05  2.013E+00  2.368E+03  2.367E+03  0.9999
6.000E+03  2.048E+00  4.672E-05  2.048E+00  2.860E+03  2.860E+03  0.9999
7.000E+03  2.081E+00  4.043E-05  2.081E+00  3.345E+03  3.344E+03  0.9999
8.000E+03  2.111E+00  3.567E-05  2.111E+00  3.822E+03  3.821E+03  0.9999
9.000E+03  2.139E+00  3.194E-05  2.139E+00  4.292E+03  4.292E+03  0.9999
1.000E+04  2.166E+00  2.894E-05  2.166E+00  4.757E+03  4.756E+03  0.9999
