1.000E-03  7.465E+02  2.264E+02  9.730E+02  1.091E-06  9.045E-07  0.8293
1.500E-03  9.143E+02  1.726E+02  1.087E+03  1.574E-06  1.342E-06  0.8528
2.000E-03  1.056E+03  1.411E+02  1.197E+03  2.012E-06  1.749E-06  0.8690
2.500E-03  1.180E+03  1.201E+02  1.300E+03  2.413E-06  2.125E-06  0.8810
3.000E-03  1.293E+03  1.050E+02  1.398E+03  2.783E-06  2.478E-06  0.8903
4.000E-03  1.493E+03  8.454E+01  1.578E+03  3.455E-06  3.123E-06  0.9039
5.000E-03  1.669E+03  7.122E+01  1.741E+03  4.058E-06  3.708E-06  0.9136
6.000E-03  1.829E+03  6.179E+01  1.890E+03  4.609E-06  4.245E-06  0.9210
7.000E-03  1.975E+03  5.472E+01  2.030E+03  5.119E-06  4.744E-06  0.9267
8.000E-03  2.112E+03  4.921E+01  2.161E+03  5.597E-06  5.213E-06  0.9315
9.000E-03  2.240E+03  4.479E+01  2.284E+03  6.047E-06  5.656E-06  0.9354
1.000E-02  2.361E+03  4.115E+01  2.402E+03  6.473E-06  6.077E-06  0.9388
1.250E-02  2.586E+03  3.434E+01  2.621E+03  7.467E-06  7.059E-06  0.9454
1.500E-02  2.777E+03  2.958E+01  2.807E+03  8.388E-06  7.972E-06  0.9504
1.750E-02  2.942E+03  2.605E+01  2.968E+03  9.254E-06  8.831E-06  0.9543
2.000E-02  3.084E+03  2.332E+01  3.107E+03  1.008E-05  9.649E-06  0.9575
2.250E-02  3.208E+03  2.114E+01  3.229E+03  1.087E-05  1.043E-05  0.9602
2.500E-02  3.316E+03  1.936E+01  3.335E+03  1.163E-05  1.119E-05  0.9625
2.750E-02  3.409E+03  1.787E+01  3.427E+03  1.237E-05  1.193E-05  0.9645
3.000E-02  3.490E+03  1.661E+01  3.506E+03  1.309E-05  1.265E-05  0.9663
3.500E-02  3.618E+03  1.458E+01  3.633E+03  1.449E-05  1.404E-05  0.9692
4.000E-02  3.710E+03  1.302E+01  3.723E+03  1.584E-05  1.540E-05  0.9716
4.500E-02  3.771E+03  1.178E+01  3.783E+03  1.718E-05  1.672E-05  0.9736
5.000E-02  3.808E+03  1.077E+01  3.818E+03  1.849E-05  1.804E-05  0.9753
5.500E-02  3.823E+03  9.923E+00  3.833E+03  1.980E-05  1.934E-05  0.9768
6.000E-02  3.822E+03  9.209E+00  3.831E+03  2.110E-05  2.064E-05  0.9782
6.500E-02  3.807E+03  8.596E+00  3.816E+03  2.241E-05  2.195E-05  0.9794
7.000E-02  3.781E+03  8.065E+00  3.789E+03  2.372E-05  2.326E-05  0.9804
7.500E-02  3.745E+03  7.599E+00  3.753E+03  2.505E-05  2.458E-05  0.9814
8.000E-02  3.702E+03  7.186E+00  3.710E+03  2.639E-05  2.592E-05  0.9823
8.500E-02  3.654E+03  6.819E+00  3.661E+03  2.775E-05  2.728E-05  0.9831
9.000E-02  3.601E+03  6.490E+00  3.608E+03  2.912E-05  2.865E-05  0.9838
9.500E-02  3.545E+03  6.192E+00  3.552E+03  3.052E-05  3.005E-05  0.9845
1.000E-01  3.487E+03  5.922E+00  3.493E+03  3.194E-05  3.146E-05  0.9852
1.250E-01  3.183E+03  4.876E+00  3.188E+03  3.943E-05  3.895E-05  0.9878
1.500E-01  2.890E+03  4.157E+00  2.895E+03  4.766E-05  4.717E-05  0.9898
1.750E-01  2.629E+03  3.631E+00  2.633E+03  5.672E-05  5.623E-05  0.9913
2.000E-01  2.402E+03  3.228E+00  2.406E+03  6.666E-05  6.617E-05  0.9925
2.250E-01  2.204E+03  2.909E+00  2.207E+03  7.752E-05  7.702E-05  0.9935
2.500E-01  2.031E+03  2.650E+00  2.034E+03  8.933E-05  8.882E-05  0.9943
2.750E-01  1.882E+03  2.431E+00  1.884E+03  1.021E-04  1.016E-04  0.9950
3.000E-01  1.753E+03  2.242E+00  1.755E+03  1.159E-04  1.153E-04  0.9955
3.500E-01  1.544E+03  1.942E+00  1.546E+03  1.463E-04  1.458E-04  0.9963
4.000E-01  1.384E+03  1.715E+00  1.385E+03  1.805E-04  1.800E-04  0.9970
4.500E-01  1.258E+03  1.536E+00  1.260E+03  2.184E-04  2.179E-04  0.9974
5.000E-01  1.159E+03  1.392E+00  1.160E+03  2.598E-04  2.593E-04  0.9978
5.500E-01  1.077E+03  1.273E+00  1.078E+03  3.046E-04  3.040E-04  0.9980
6.000E-01  1.007E+03  1.173E+00  1.009E+03  3.526E-04  3.519E-04  0.9983
6.500E-01  9.470E+02  1.088E+00  9.481E+02  4.037E-04  4.031E-04  0.9984
7.000E-01  8.942E+02  1.015E+00  8.952E+02  4.580E-04  4.574E-04  0.9986
7.500E-01  8.475E+02  9.515E-01  8.485E+02  5.154E-04  5.147E-04  0.9987
8.000E-01  8.059E+02  8.955E-01  8.068E+02  5.759E-04  5.752E-04  0.9988
8.500E-01  7.686E+02  8.459E-01  7.695E+02  6.393E-04  6.386E-04  0.9989
9.000E-01  7.349E+02  8.015E-01  7.357E+02  7.058E-04  7.051E-04  0.9990
9.500E-01  7.043E+02  7.618E-01  7.051E+02  7.753E-04  7.745E-04  0.9990
1.000E+00  6.764E+02  7.258E-01  6.771E+02  8.476E-04  8.469E-04  0.9991
1.250E+00  5.667E+02  5.881E-01  5.673E+02  1.253E-03  1.252E-03  0.9993
1.500E+00  4.897E+02  4.951E-01  4.902E+02  1.728E-03  1.727E-03  0.9994
1.750E+00  4.325E+02  4.279E-01  4.329E+02  2.272E-03  2.271E-03  0.9995
2.000E+00  3.881E+02  3.772E-01  3.885E+02  2.883E-03  2.881E-03  0.9995
2.250E+00  3.526E+02  3.374E-01  3.530E+02  3.559E-03  3.557E-03  0.9996
2.500E+00  3.235E+02  3.053E-01  3.238E+02  4.299E-03  4.297E-03  0.9996
2.750E+00  2.992E+02  2.790E-01  2.995E+02  5.102E-03  5.100E-03  0.9996
3.000E+00  2.785E+02  2.569E-01  2.788E+02  5.968E-03  5.966E-03  0.9996
3.500E+00  2.452E+02  2.219E-01  2.455E+02  7.884E-03  7.881E-03  0.9997
4.000E+00  2.195E+02  1.955E-01  2.197E+02  1.004E-02  1.004E-02  0.9997
4.500E+00  1.991E+02  1.748E-01  1.992E+02  1.243E-02  1.243E-02  0.9997
5.000E+00  1.823E+02  1.582E-01  1.825E+02  1.506E-02  1.505E-02  0.9997
5.500E+00  1.684E+02  1.445E-01  1.685E+02  1.791E-02  1.791E-02  0.9997
6.000E+00  1.565E+02  1.330E-01  1.567E+02  2.099E-02  2.099E-02  0.9997
6.500E+00  1.464E+02  1.233E-01  1.465E+02  2.429E-02  2.429E-02  0.9997
7.000E+00  1.375E+02  1.149E-01  1.377E+02  2.782E-02  2.781E-02  0.9997
7.500E+00  1.298E+02  1.076E-01  1.299E+02  3.156E-02  3.155E-02  0.9997
8.000E+00  1.229E+02  1.012E-01  1.230E+02  3.551E-02  3.551E-02  0.9997
8.500E+00  1.168E+02  9.552E-02  1.169E+02  3.969E-02  3.968E-02  0.9997
9.000E+00  1.113E+02  9.047E-02  1.114E+02  4.407E-02  4.406E-02  0.9997
9.500E+00  1.064E+02  8.593E-02  1.065E+02  4.866E-02  4.865E-02  0.9997
1.000E+01  1.019E+02  8.184E-02  1.019E+02  5.346E-02  5.345E-02  0.9998
1.250E+01  8.437E+01  6.617E-02  8.444E+01  8.054E-02  8.052E-02  0.9998
1.500E+01  7.233E+01  5.562E-02  7.239E+01  1.126E-01  1.126E-01  0.9998
1.750E+01  6.351E+01  4.802E-02  6.356E+01  1.496E-01  1.495E-01  0.9998
2.000E+01  5.675E+01  4.228E-02  5.679E+01  1.913E-01  1.912E-01  0.9998
2.500E+01  4.704E+01  3.418E-02  4.707E+01  2.884E-01  2.884E-01  0.9998
2.750E+01  4.343E+01  3.121E-02  4.346E+01  3.438E-01  3.437E-01  0.9998
3.000E+01  4.038E+01  2.872E-02  4.041E+01  4.035E-01  4.034E-01  0.9998
3.500E+01  3.551E+01  2.479E-02  3.554E+01  5.357E-01  5.356E-01  0.9998
4.000E+01  3.179E+01  2.183E-02  3.182E+01  6.847E-01  6.846E-01  0.9998
4.500E+01  2.885E+01  1.951E-02  2.887E+01  8.499E-01  8.497E-01  0.9998
5.000E+01  2.647E+01  1.764E-02  2.649E+01  1.031E+00  1.031E+00  0.9998
5.500E+01  2.450E+01  1.611E-02  2.451E+01  1.227E+00  1.227E+00  0.9998
6.000E+01  2.284E+01  1.482E-02  2.285E+01  1.439E+00  1.438E+00  0.9998
6.500E+01  2.141E+01  1.373E-02  2.143E+01  1.665E+00  1.665E+00  0.9998
7.000E+01  2.019E+01  1.279E-02  2.020E+01  1.905E+00  1.905E+00  0.9998
7.500E+01  1.911E+01  1.198E-02  1.913E+01  2.160E+00  2.159E+00  0.9998
8.000E+01  1.817E+01  1.126E-02  1.818E+01  2.428E+00  2.428E+00  0.9998
8.500E+01  1.733E+01  1.063E-02  1.734E+01  2.710E+00  2.709E+00  0.9998
9.000E+01  1.658E+01  1.006E-02  1.659E+01  3.005E+00  3.004E+00  0.9998
9.500E+01  1.590E+01  9.557E-03  1.591E+01  3.312E+00  3.312E+00  0.9998
1.000E+02  1.529E+01  9.100E-03  1.530E+01  3.633E+00  3.632E+00  0.9998
1.250E+02  1.294E+01  7.353E-03  1.295E+01  5.417E+00  5.416E+00  0.9998
1.500E+02  1.135E+01  6.178E-03  1.135E+01  7.485E+00  7.484E+00  0.9998
1.750E+02  1.020E+01  5.333E-03  1.020E+01  9.813E+00  9.812E+00  0.9998
2.000E+02  9.323E+00  4.695E-03  9.328E+00  1.238E+01  1.238E+01  0.9998
2.250E+02  8.640E+00  4.195E-03  8.645E+00  1.517E+01  1.517E+01  0.9998
2.500E+02  8.092E+00  3.794E-03  8.096E+00  1.816E+01  1.816E+01  0.9998
2.750E+02  7.642E+00  3.464E-03  7.645E+00  2.134E+01  2.134E+01  0.9998
3.000E+02  7.266E+00  3.188E-03  7.269E+00  2.469E+01  2.469E+01  0.9998
3.500E+02  6.676E+00  2.753E-03  6.679E+00  3.188E+01  3.188E+01  0.9999
4.000E+02  6.236E+00  2.424E-03  6.238E+00  3.964E+01  3.964E+01  0.9999
4.500E+02  5.895E+00  2.166E-03  5.897E+00  4.789E+01  4.789E+01  0.9999
5.000E+02  5.625E+00  1.960E-03  5.627E+00  5.658E+01  5.657E+01  0.9999
5.500E+02  5.407E+00  1.790E-03  5.409E+00  6.565E+01  6.564E+01  0.9999
6.000E+02  5.228E+00  1.647E-03  5.230E+00  7.505E+01  7.504E+01  0.9999
6.500E+02  5.079E+00  1.527E-03  5.081E+00  8.476E+01  8.474E+01  0.9999
7.000E+02  4.954E+00  1.423E-03  4.955E+00  9.472E+01  9.471E+01  0.9999
7.500E+02  4.847E+00  1.333E-03  4.848E+00  1.049E+02  1.049E+02  0.9999
8.000E+02  4.755E+00  1.253E-03  4.757E+00  1.153E+02  1.153E+02  0.9999
8.500E+02  4.676E+00  1.183E-03  4.678E+00  1.259E+02  1.259E+02  0.9999
9.000E+02  4.608E+00  1.121E-03  4.609E+00  1.367E+02  1.367E+02  0.9999
9.500E+02  4.548E+00  1.065E-03  4.549E+00  1.476E+02  1.476E+02  0.9999
1.000E+03  4.496E+00  1.014E-03  4.497E+00  1.587E+02  1.587E+02  0.9999
1.500E+03  4.212E+00  6.908E-04  4.213E+00  2.743E+02  2.742E+02  0.9999
2.000E+03  4.125E+00  5.264E-04  4.125E+00  3.945E+02  3.944E+02  0.9999
2.500E+03  4.106E+00  4.265E-04  4.107E+00  5.160E+02  5.160E+02  0.9999
3.000E+03  4.117E+00  3.592E-04  4.118E+00  6.377E+02  6.376E+02  0.9999
4.000E+03  4.172E+00  2.740E-04  4.172E+00  8.791E+02  8.790E+02  0.9999
5.000E+03  4.240E+00  2.221E-04  4.240E+00  1.117E+03  1.117E+03  0.9999
6.000E+03  4.307E+00  1.872E-04  4.307E+00  1.351E+03  1.351E+03  1.0000
7.000E+03  4.371E+00  1.620E-04  4.372E+00  1.581E+03  1.581E+03  1.0000
8.000E+03  4.431E+00  1.429E-04  4.431E+00  1.808E+03  1.808E+03  1.0000
9.000E+03  4.487E+00  1.279E-04  4.487E+00  2.033E+03  2.033E+03  1.0000
1.000E+04  4.539E+00  1.159E-04  4.539E+00  2.254E+03  2.254E+03  1.0000
