1.000E-03  9.238E+01  1.197E+01  1.043E+02  1.471E-05  3.758E-06  0.2555
1.500E-03  1.131E+02  1.072E+01  1.239E+02  1.906E-05  5.590E-06  0.2933
2.000E-03  1.306E+02  9.749E+00  1.404E+02  2.285E-05  7.413E-06  0.3245
2.500E-03  1.461E+02  8.967E+00  1.550E+02  2.623E-05  9.205E-06  0.3509
3.000E-03  1.600E+02  8.324E+00  1.683E+02  2.933E-05  1.096E-05  0.3738
4.000E-03  1.848E+02  7.322E+00  1.921E+02  3.487E-05  1.438E-05  0.4122
5.000E-03  2.066E+02  6.571E+00  2.131E+02  3.981E-05  1.765E-05  0.4434
6.000E-03  2.263E+02  5.982E+00  2.323E+02  4.430E-05  2.080E-05  0.4696
7.000E-03  2.444E+02  5.505E+00  2.499E+02  4.845E-05  2.384E-05  0.4921
8.000E-03  2.613E+02  5.110E+00  2.664E+02  5.232E-05  2.677E-05  0.5117
9.000E-03  2.771E+02  4.775E+00  2.819E+02  5.597E-05  2.961E-05  0.5291
1.000E-02  2.921E+02  4.488E+00  2.966E+02  5.943E-05  3.236E-05  0.5445
1.250E-02  3.206E+02  3.917E+00  3.245E+02  6.746E-05  3.895E-05  0.5773
1.500E-02  3.448E+02  3.491E+00  3.483E+02  7.489E-05  4.523E-05  0.6040
1.750E-02  3.657E+02  3.157E+00  3.689E+02  8.186E-05  5.127E-05  0.6263
2.000E-02  3.838E+02  2.889E+00  3.867E+02  8.848E-05  5.711E-05  0.6454
2.250E-02  3.996E+02  2.667E+00  4.022E+02  9.481E-05  6.277E-05  0.6620
2.500E-02  4.132E+02  2.480E+00  4.157E+02  1.009E-04  6.829E-05  0.6767
2.750E-02  4.250E+02  2.321E+00  4.273E+02  1.069E-04  7.370E-05  0.6898
3.000E-02  4.351E+02  2.183E+00  4.373E+02  1.126E-04  7.902E-05  0.7015
3.500E-02  4.510E+02  1.955E+00  4.529E+02  1.239E-04  8.943E-05  0.7220
4.000E-02  4.620E+02  1.774E+00  4.638E+02  1.348E-04  9.964E-05  0.7394
4.500E-02  4.692E+02  1.627E+00  4.709E+02  1.455E-04  1.097E-04  0.7544
5.000E-02  4.734E+02  1.504E+00  4.749E+02  1.560E-04  1.198E-04  0.7676
5.500E-02  4.752E+02  1.401E+00  4.766E+02  1.665E-04  1.298E-04  0.7793
6.000E-02  4.751E+02  1.311E+00  4.764E+02  1.770E-04  1.398E-04  0.7898
6.500E-02  4.737E+02  1.234E+00  4.749E+02  1.875E-04  1.499E-04  0.7994
7.000E-02  4.712E+02  1.166E+00  4.724E+02  1.981E-04  1.601E-04  0.8081
7.500E-02  4.680E+02  1.106E+00  4.691E+02  2.087E-04  1.703E-04  0.8161
8.000E-02  4.642E+02  1.052E+00  4.653E+02  2.194E-04  1.807E-04  0.8234
8.500E-02  4.601E+02  1.003E+00  4.611E+02  2.302E-04  1.911E-04  0.8302
9.000E-02  4.558E+02  9.597E-01  4.567E+02  2.411E-04  2.017E-04  0.8366
9.500E-02  4.513E+02  9.200E-01  4.522E+02  2.521E-04  2.124E-04  0.8425
1.000E-01  4.468E+02  8.837E-01  4.477E+02  2.632E-04  2.232E-04  0.8480
1.250E-01  4.245E+02  7.406E-01  4.253E+02  3.205E-04  2.791E-04  0.8708
1.500E-01  4.045E+02  6.400E-01  4.051E+02  3.808E-04  3.381E-04  0.8880
1.750E-01  3.867E+02  5.651E-01  3.873E+02  4.439E-04  4.001E-04  0.9013
2.000E-01  3.710E+02  5.070E-01  3.715E+02  5.098E-04  4.649E-04  0.9119
2.250E-01  3.568E+02  4.604E-01  3.573E+02  5.785E-04  5.325E-04  0.9205
2.500E-01  3.440E+02  4.222E-01  3.444E+02  6.498E-04  6.028E-04  0.9277
2.750E-01  3.323E+02  3.903E-01  3.327E+02  7.236E-04  6.757E-04  0.9337
3.000E-01  3.215E+02  3.632E-01  3.218E+02  8.001E-04  7.511E-04  0.9389
3.500E-01  3.017E+02  3.195E-01  3.020E+02  9.605E-04  9.097E-04  0.9471
4.000E-01  2.842E+02  2.858E-01  2.844E+02  1.131E-03  1.079E-03  0.9535
4.500E-01  2.686E+02  2.589E-01  2.689E+02  1.312E-03  1.258E-03  0.9585
5.000E-01  2.548E+02  2.369E-01  2.550E+02  1.503E-03  1.447E-03  0.9626
5.500E-01  2.425E+02  2.185E-01  2.427E+02  1.704E-03  1.646E-03  0.9659
6.000E-01  2.314E+02  2.030E-01  2.316E+02  1.915E-03  1.855E-03  0.9687
6.500E-01  2.215E+02  1.897E-01  2.216E+02  2.136E-03  2.074E-03  0.9711
7.000E-01  2.124E+02  1.781E-01  2.126E+02  2.366E-03  2.303E-03  0.9731
7.500E-01  2.042E+02  1.679E-01  2.043E+02  2.606E-03  2.541E-03  0.9749
8.000E-01  1.966E+02  1.589E-01  1.968E+02  2.856E-03  2.788E-03  0.9764
8.500E-01  1.897E+02  1.509E-01  1.899E+02  3.114E-03  3.045E-03  0.9778
9.000E-01  1.833E+02  1.436E-01  1.835E+02  3.382E-03  3.311E-03  0.9790
9.500E-01  1.774E+02  1.371E-01  1.775E+02  3.659E-03  3.586E-03  0.9800
1.000E+00  1.719E+02  1.312E-01  1.720E+02  3.945E-03  3.870E-03  0.9810
1.250E+00  1.494E+02  1.082E-01  1.495E+02  5.509E-03  5.424E-03  0.9845
1.500E+00  1.327E+02  9.232E-02  1.328E+02  7.287E-03  7.191E-03  0.9868
1.750E+00  1.198E+02  8.066E-02  1.199E+02  9.272E-03  9.164E-03  0.9884
2.000E+00  1.094E+02  7.173E-02  1.095E+02  1.146E-02  1.134E-02  0.9895
2.250E+00  1.009E+02  6.466E-02  1.010E+02  1.384E-02  1.370E-02  0.9904
2.500E+00  9.377E+01  5.891E-02  9.383E+01  1.641E-02  1.626E-02  0.9911
2.750E+00  8.769E+01  5.414E-02  8.775E+01  1.916E-02  1.900E-02  0.9916
3.000E+00  8.245E+01  5.011E-02  8.250E+01  2.210E-02  2.193E-02  0.9921
3.500E+00  7.383E+01  4.369E-02  7.388E+01  2.852E-02  2.832E-02  0.9928
4.000E+00  6.703E+01  3.877E-02  6.707E+01  3.563E-02  3.540E-02  0.9933
4.500E+00  6.151E+01  3.489E-02  6.154E+01  4.343E-02  4.315E-02  0.9937
5.000E+00  5.691E+01  3.174E-02  5.695E+01  5.188E-02  5.157E-02  0.9940
5.500E+00  5.303E+01  2.913E-02  5.306E+01  6.098E-02  6.063E-02  0.9942
6.000E+00  4.970E+01  2.693E-02  4.973E+01  7.072E-02  7.033E-02  0.9944
6.500E+00  4.681E+01  2.505E-02  4.684E+01  8.109E-02  8.065E-02  0.9946
7.000E+00  4.428E+01  2.342E-02  4.430E+01  9.207E-02  9.158E-02  0.9948
7.500E+00  4.203E+01  2.200E-02  4.205E+01  1.037E-01  1.031E-01  0.9949
8.000E+00  4.002E+01  2.075E-02  4.004E+01  1.158E-01  1.153E-01  0.9950
8.500E+00  3.822E+01  1.963E-02  3.824E+01  1.286E-01  1.280E-01  0.9951
9.000E+00  3.658E+01  1.864E-02  3.660E+01  1.420E-01  1.413E-01  0.9952
9.500E+00  3.510E+01  1.774E-02  3.512E+01  1.559E-01  1.552E-01  0.9953
1.000E+01  3.375E+01  1.693E-02  3.376E+01  1.705E-01  1.697E-01  0.9953
1.250E+01  2.841E+01  1.380E-02  2.842E+01  2.515E-01  2.504E-01  0.9956
1.500E+01  2.465E+01  1.166E-02  2.466E+01  3.462E-01  3.448E-01  0.9958
1.750E+01  2.185E+01  1.012E-02  2.186E+01  4.541E-01  4.523E-01  0.9960
2.000E+01  1.968E+01  8.940E-03  1.969E+01  5.748E-01  5.726E-01  0.9961
2.500E+01  1.651E+01  7.266E-03  1.652E+01  8.533E-01  8.501E-01  0.9963
2.750E+01  1.532E+01  6.649E-03  1.532E+01  1.011E+00  1.007E+00  0.9963
3.000E+01  1.430E+01  6.130E-03  1.431E+01  1.180E+00  1.175E+00  0.9964
3.500E+01  1.267E+01  5.308E-03  1.268E+01  1.552E+00  1.546E+00  0.9965
4.000E+01  1.141E+01  4.684E-03  1.142E+01  1.968E+00  1.961E+00  0.9966
4.500E+01  1.041E+01  4.194E-03  1.041E+01  2.427E+00  2.419E+00  0.9966
5.000E+01  9.590E+00  3.798E-03  9.594E+00  2.928E+00  2.918E+00  0.9967
5.500E+01  8.908E+00  3.473E-03  8.911E+00  3.469E+00  3.458E+00  0.9968
6.000E+01  8.330E+00  3.200E-03  8.334E+00  4.050E+00  4.037E+00  0.9968
6.500E+01  7.835E+00  2.967E-03  7.838E+00  4.669E+00  4.654E+00  0.9968
7.000E+01  7.405E+00  2.767E-03  7.408E+00  5.325E+00  5.309E+00  0.9969
7.500E+01  7.029E+00  2.593E-03  7.031E+00  6.018E+00  6.000E+00  0.9969
8.000E+01  6.696E+00  2.439E-03  6.698E+00  6.747E+00  6.727E+00  0.9970
8.500E+01  6.399E+00  2.304E-03  6.401E+00  7.511E+00  7.488E+00  0.9970
9.000E+01  6.133E+00  2.182E-03  6.135E+00  8.309E+00  8.284E+00  0.9970
9.500E+01  5.893E+00  2.074E-03  5.895E+00  9.141E+00  9.114E+00  0.9970
1.000E+02  5.676E+00  1.976E-03  5.678E+00  1.001E+01  9.976E+00  0.9971
1.250E+02  4.835E+00  1.600E-03  4.837E+00  1.480E+01  1.476E+01  0.9972
1.500E+02  4.261E+00  1.346E-03  4.262E+00  2.032E+01  2.026E+01  0.9973
1.750E+02  3.843E+00  1.163E-03  3.844E+00  2.651E+01  2.644E+01  0.9973
2.000E+02  3.525E+00  1.025E-03  3.526E+00  3.331E+01  3.322E+01  0.9974
2.250E+02  3.276E+00  9.164E-04  3.277E+00  4.067E+01  4.057E+01  0.9975
2.500E+02  3.075E+00  8.293E-04  3.076E+00  4.855E+01  4.843E+01  0.9975
2.750E+02  2.910E+00  7.576E-04  2.911E+00  5.691E+01  5.678E+01  0.9976
3.000E+02  2.772E+00  6.976E-04  2.773E+00  6.572E+01  6.556E+01  0.9976
3.500E+02  2.555E+00  6.027E-04  2.555E+00  8.454E+01  8.434E+01  0.9977
4.000E+02  2.392E+00  5.311E-04  2.393E+00  1.048E+02  1.046E+02  0.9978
4.500E+02  2.266E+00  4.750E-04  2.267E+00  1.263E+02  1.260E+02  0.9979
5.000E+02  2.166E+00  4.299E-04  2.167E+00  1.489E+02  1.485E+02  0.9979
5.500E+02  2.086E+00  3.928E-04  2.086E+00  1.724E+02  1.720E+02  0.9980
6.000E+02  2.019E+00  3.617E-04  2.020E+00  1.968E+02  1.964E+02  0.9980
6.500E+02  1.964E+00  3.353E-04  1.965E+00  2.219E+02  2.214E+02  0.9981
7.000E+02  1.918E+00  3.126E-04  1.918E+00  2.476E+02  2.472E+02  0.9981
7.500E+02  1.878E+00  2.929E-04  1.879E+00  2.740E+02  2.735E+02  0.9982
8.000E+02  1.845E+00  2.755E-04  1.845E+00  3.008E+02  3.003E+02  0.9982
8.500E+02  1.816E+00  2.602E-04  1.816E+00  3.282E+02  3.276E+02  0.9982
9.000E+02  1.790E+00  2.465E-04  1.791E+00  3.559E+02  3.553E+02  0.9983
9.500E+02  1.768E+00  2.342E-04  1.769E+00  3.840E+02  3.833E+02  0.9983
1.000E+03  1.749E+00  2.232E-04  1.750E+00  4.124E+02  4.117E+02  0.9983
1.500E+03  1.647E+00  1.523E-04  1.647E+00  7.087E+02  7.077E+02  0.9986
2.000E+03  1.617E+00  1.162E-04  1.618E+00  1.016E+03  1.014E+03  0.9987
2.500E+03  1.613E+00  9.419E-05  1.613E+00  1.325E+03  1.324E+03  0.9989
3.000E+03  1.619E+00  7.938E-05  1.619E+00  1.635E+03  1.633E+03  0.9990
4.000E+03  1.642E+00  6.062E-05  1.642E+00  2.248E+03  2.246E+03  0.9991
5.000E+03  1.668E+00  4.920E-05  1.668E+00  2.853E+03  2.850E+03  0.9992
6.000E+03  1.692E+00  4.148E-05  1.692E+00  3.448E+03  3.445E+03  0.9993
7.000E+03  1.714E+00  3.592E-05  1.714E+00  4.035E+03  4.032E+03  0.9993
8.000E+03  1.734E+00  3.170E-05  1.734E+00  4.615E+03  4.612E+03  0.9994
9.000E+03  1.752E+00  2.840E-05  1.752E+00  5.189E+03  5.186E+03  0.9994
1.000E+04  1.768E+00  2.574E-05  1.768E+00  5.757E+03  5.754E+03  0.9995
