1.000E-03  1.497E+02  2.641E+01  1.761E+02  7.469E-06  3.269E-06  0.4376
1.500E-03  1.833E+02  2.143E+01  2.047E+02  1.008E-05  4.932E-06  0.4893
2.000E-03  2.117E+02  1.822E+01  2.299E+02  1.238E-05  6.542E-06  0.5284
2.500E-03  2.367E+02  1.595E+01  2.526E+02  1.445E-05  8.083E-06  0.5592
3.000E-03  2.592E+02  1.425E+01  2.735E+02  1.635E-05  9.559E-06  0.5845
4.000E-03  2.993E+02  1.183E+01  3.112E+02  1.978E-05  1.234E-05  0.6239
5.000E-03  3.347E+02  1.018E+01  3.449E+02  2.282E-05  1.492E-05  0.6536
6.000E-03  3.666E+02  8.972E+00  3.756E+02  2.560E-05  1.734E-05  0.6772
7.000E-03  3.960E+02  8.047E+00  4.040E+02  2.817E-05  1.962E-05  0.6965
8.000E-03  4.233E+02  7.311E+00  4.306E+02  3.056E-05  2.178E-05  0.7127
9.000E-03  4.490E+02  6.710E+00  4.557E+02  3.282E-05  2.384E-05  0.7265
1.000E-02  4.733E+02  6.210E+00  4.795E+02  3.496E-05  2.581E-05  0.7385
1.250E-02  5.172E+02  5.256E+00  5.224E+02  3.994E-05  3.047E-05  0.7629
1.500E-02  5.534E+02  4.576E+00  5.579E+02  4.456E-05  3.485E-05  0.7820
1.750E-02  5.836E+02  4.064E+00  5.876E+02  4.892E-05  3.901E-05  0.7974
2.000E-02  6.087E+02  3.664E+00  6.124E+02  5.309E-05  4.302E-05  0.8103
2.250E-02  6.296E+02  3.340E+00  6.330E+02  5.710E-05  4.690E-05  0.8212
2.500E-02  6.468E+02  3.074E+00  6.499E+02  6.100E-05  5.067E-05  0.8307
2.750E-02  6.607E+02  2.850E+00  6.636E+02  6.480E-05  5.438E-05  0.8391
3.000E-02  6.719E+02  2.659E+00  6.746E+02  6.854E-05  5.802E-05  0.8465
3.500E-02  6.873E+02  2.349E+00  6.896E+02  7.586E-05  6.519E-05  0.8593
4.000E-02  6.955E+02  2.109E+00  6.976E+02  8.307E-05  7.226E-05  0.8698
4.500E-02  6.984E+02  1.916E+00  7.003E+02  9.022E-05  7.929E-05  0.8789
5.000E-02  6.976E+02  1.758E+00  6.994E+02  9.736E-05  8.633E-05  0.8867
5.500E-02  6.942E+02  1.625E+00  6.959E+02  1.045E-04  9.340E-05  0.8936
6.000E-02  6.891E+02  1.513E+00  6.906E+02  1.117E-04  1.005E-04  0.8996
6.500E-02  6.828E+02  1.416E+00  6.842E+02  1.190E-04  1.077E-04  0.9051
7.000E-02  6.757E+02  1.331E+00  6.770E+02  1.264E-04  1.150E-04  0.9100
7.500E-02  6.682E+02  1.257E+00  6.694E+02  1.338E-04  1.223E-04  0.9145
8.000E-02  6.605E+02  1.191E+00  6.617E+02  1.413E-04  1.298E-04  0.9185
8.500E-02  6.527E+02  1.133E+00  6.538E+02  1.489E-04  1.373E-04  0.9223
9.000E-02  6.449E+02  1.080E+00  6.460E+02  1.566E-04  1.450E-04  0.9257
9.500E-02  6.372E+02  1.032E+00  6.382E+02  1.644E-04  1.527E-04  0.9288
1.000E-01  6.296E+02  9.882E-01  6.306E+02  1.723E-04  1.605E-04  0.9318
1.250E-01  5.942E+02  8.186E-01  5.951E+02  2.131E-04  2.011E-04  0.9436
1.500E-01  5.630E+02  7.012E-01  5.637E+02  2.563E-04  2.440E-04  0.9522
1.750E-01  5.354E+02  6.148E-01  5.360E+02  3.018E-04  2.893E-04  0.9586
2.000E-01  5.107E+02  5.484E-01  5.113E+02  3.495E-04  3.368E-04  0.9637
2.250E-01  4.884E+02  4.956E-01  4.889E+02  3.996E-04  3.867E-04  0.9677
2.500E-01  4.682E+02  4.526E-01  4.687E+02  4.518E-04  4.387E-04  0.9710
2.750E-01  4.498E+02  4.169E-01  4.502E+02  5.062E-04  4.930E-04  0.9738
3.000E-01  4.328E+02  3.867E-01  4.332E+02  5.629E-04  5.494E-04  0.9761
3.500E-01  4.044E+02  3.380E-01  4.047E+02  6.824E-04  6.686E-04  0.9797
4.000E-01  3.801E+02  3.004E-01  3.804E+02  8.099E-04  7.957E-04  0.9825
4.500E-01  3.581E+02  2.706E-01  3.583E+02  9.453E-04  9.308E-04  0.9846
5.000E-01  3.376E+02  2.464E-01  3.379E+02  1.089E-03  1.074E-03  0.9863
5.500E-01  3.188E+02  2.263E-01  3.190E+02  1.241E-03  1.226E-03  0.9877
6.000E-01  3.022E+02  2.094E-01  3.024E+02  1.403E-03  1.387E-03  0.9889
6.500E-01  2.874E+02  1.949E-01  2.876E+02  1.572E-03  1.556E-03  0.9898
7.000E-01  2.742E+02  1.823E-01  2.744E+02  1.750E-03  1.734E-03  0.9907
7.500E-01  2.623E+02  1.713E-01  2.625E+02  1.937E-03  1.920E-03  0.9914
8.000E-01  2.515E+02  1.617E-01  2.517E+02  2.131E-03  2.114E-03  0.9920
8.500E-01  2.417E+02  1.530E-01  2.418E+02  2.334E-03  2.316E-03  0.9925
9.000E-01  2.327E+02  1.453E-01  2.328E+02  2.545E-03  2.527E-03  0.9930
9.500E-01  2.244E+02  1.384E-01  2.246E+02  2.763E-03  2.745E-03  0.9934
1.000E+00  2.168E+02  1.321E-01  2.169E+02  2.990E-03  2.971E-03  0.9937
1.250E+00  1.860E+02  1.078E-01  1.862E+02  4.238E-03  4.217E-03  0.9951
1.500E+00  1.636E+02  9.127E-02  1.636E+02  5.674E-03  5.651E-03  0.9959
1.750E+00  1.463E+02  7.922E-02  1.464E+02  7.292E-03  7.267E-03  0.9965
2.000E+00  1.326E+02  7.006E-02  1.327E+02  9.088E-03  9.060E-03  0.9969
2.250E+00  1.215E+02  6.284E-02  1.216E+02  1.106E-02  1.103E-02  0.9972
2.500E+00  1.123E+02  5.700E-02  1.123E+02  1.320E-02  1.317E-02  0.9974
2.750E+00  1.045E+02  5.218E-02  1.045E+02  1.551E-02  1.547E-02  0.9976
3.000E+00  9.776E+01  4.813E-02  9.781E+01  1.798E-02  1.794E-02  0.9978
3.500E+00  8.685E+01  4.170E-02  8.689E+01  2.342E-02  2.337E-02  0.9980
4.000E+00  7.828E+01  3.681E-02  7.832E+01  2.949E-02  2.943E-02  0.9981
4.500E+00  7.138E+01  3.297E-02  7.141E+01  3.618E-02  3.612E-02  0.9983
5.000E+00  6.569E+01  2.988E-02  6.572E+01  4.349E-02  4.342E-02  0.9984
5.500E+00  6.092E+01  2.732E-02  6.094E+01  5.139E-02  5.131E-02  0.9984
6.000E+00  5.684E+01  2.518E-02  5.687E+01  5.989E-02  5.980E-02  0.9985
6.500E+00  5.332E+01  2.336E-02  5.334E+01  6.898E-02  6.888E-02  0.9985
7.000E+00  5.025E+01  2.179E-02  5.027E+01  7.864E-02  7.853E-02  0.9986
7.500E+00  4.754E+01  2.042E-02  4.756E+01  8.887E-02  8.874E-02  0.9986
8.000E+00  4.513E+01  1.921E-02  4.515E+01  9.966E-02  9.953E-02  0.9987
8.500E+00  4.298E+01  1.815E-02  4.299E+01  1.110E-01  1.109E-01  0.9987
9.000E+00  4.104E+01  1.719E-02  4.105E+01  1.229E-01  1.228E-01  0.9987
9.500E+00  3.928E+01  1.634E-02  3.929E+01  1.354E-01  1.352E-01  0.9987
1.000E+01  3.768E+01  1.557E-02  3.769E+01  1.484E-01  1.482E-01  0.9987
1.250E+01  3.143E+01  1.261E-02  3.144E+01  2.213E-01  2.211E-01  0.9988
1.500E+01  2.708E+01  1.061E-02  2.709E+01  3.073E-01  3.069E-01  0.9989
1.750E+01  2.387E+01  9.169E-03  2.388E+01  4.058E-01  4.053E-01  0.9989
2.000E+01  2.140E+01  8.079E-03  2.141E+01  5.165E-01  5.160E-01  0.9989
2.500E+01  1.784E+01  6.537E-03  1.784E+01  7.736E-01  7.728E-01  0.9990
2.750E+01  1.650E+01  5.972E-03  1.651E+01  9.194E-01  9.184E-01  0.9990
3.000E+01  1.537E+01  5.498E-03  1.538E+01  1.076E+00  1.075E+00  0.9990
3.500E+01  1.356E+01  4.749E-03  1.357E+01  1.423E+00  1.422E+00  0.9990
4.000E+01  1.217E+01  4.182E-03  1.218E+01  1.813E+00  1.811E+00  0.9991
4.500E+01  1.107E+01  3.739E-03  1.108E+01  2.244E+00  2.242E+00  0.9991
5.000E+01  1.018E+01  3.383E-03  1.018E+01  2.715E+00  2.713E+00  0.9991
5.500E+01  9.436E+00  3.089E-03  9.439E+00  3.226E+00  3.223E+00  0.9991
6.000E+01  8.808E+00  2.844E-03  8.811E+00  3.775E+00  3.771E+00  0.9991
6.500E+01  8.271E+00  2.635E-03  8.274E+00  4.360E+00  4.357E+00  0.9991
7.000E+01  7.806E+00  2.455E-03  7.809E+00  4.983E+00  4.979E+00  0.9991
7.500E+01  7.400E+00  2.299E-03  7.402E+00  5.641E+00  5.636E+00  0.9991
8.000E+01  7.041E+00  2.162E-03  7.043E+00  6.334E+00  6.328E+00  0.9992
8.500E+01  6.721E+00  2.041E-03  6.723E+00  7.060E+00  7.055E+00  0.9992
9.000E+01  6.436E+00  1.933E-03  6.438E+00  7.821E+00  7.814E+00  0.9992
9.500E+01  6.178E+00  1.836E-03  6.180E+00  8.614E+00  8.607E+00  0.9992
1.000E+02  5.945E+00  1.748E-03  5.947E+00  9.439E+00  9.431E+00  0.9992
1.250E+02  5.046E+00  1.413E-03  5.047E+00  1.402E+01  1.401E+01  0.9992
1.500E+02  4.434E+00  1.188E-03  4.435E+00  1.932E+01  1.931E+01  0.9992
1.750E+02  3.990E+00  1.026E-03  3.991E+00  2.528E+01  2.526E+01  0.9993
2.000E+02  3.653E+00  9.033E-04  3.654E+00  3.183E+01  3.181E+01  0.9993
2.250E+02  3.389E+00  8.074E-04  3.390E+00  3.895E+01  3.892E+01  0.9993
2.500E+02  3.177E+00  7.303E-04  3.177E+00  4.657E+01  4.654E+01  0.9993
2.750E+02  3.002E+00  6.670E-04  3.002E+00  5.467E+01  5.463E+01  0.9993
3.000E+02  2.856E+00  6.140E-04  2.856E+00  6.321E+01  6.317E+01  0.9993
3.500E+02  2.626E+00  5.302E-04  2.627E+00  8.150E+01  8.145E+01  0.9994
4.000E+02  2.454E+00  4.670E-04  2.454E+00  1.012E+02  1.012E+02  0.9994
4.500E+02  2.321E+00  4.175E-04  2.321E+00  1.222E+02  1.221E+02  0.9994
5.000E+02  2.215E+00  3.777E-04  2.215E+00  1.443E+02  1.442E+02  0.9994
5.500E+02  2.129E+00  3.450E-04  2.129E+00  1.673E+02  1.672E+02  0.9994
6.000E+02  2.058E+00  3.177E-04  2.059E+00  1.912E+02  1.911E+02  0.9994
6.500E+02  1.999E+00  2.944E-04  2.000E+00  2.158E+02  2.157E+02  0.9995
7.000E+02  1.950E+00  2.745E-04  1.950E+00  2.412E+02  2.410E+02  0.9995
7.500E+02  1.907E+00  2.571E-04  1.907E+00  2.671E+02  2.670E+02  0.9995
8.000E+02  1.871E+00  2.418E-04  1.871E+00  2.936E+02  2.934E+02  0.9995
8.500E+02  1.839E+00  2.283E-04  1.839E+00  3.205E+02  3.204E+02  0.9995
9.000E+02  1.812E+00  2.163E-04  1.812E+00  3.479E+02  3.478E+02  0.9995
9.500E+02  1.787E+00  2.055E-04  1.788E+00  3.757E+02  3.755E+02  0.9995
1.000E+03  1.766E+00  1.958E-04  1.766E+00  4.039E+02  4.037E+02  0.9995
1.500E+03  1.648E+00  1.334E-04  1.649E+00  6.986E+02  6.984E+02  0.9996
2.000E+03  1.608E+00  1.017E-04  1.608E+00  1.006E+03  1.006E+03  0.9996
2.500E+03  1.596E+00  8.246E-05  1.596E+00  1.319E+03  1.318E+03  0.9997
3.000E+03  1.595E+00  6.947E-05  1.595E+00  1.632E+03  1.632E+03  0.9997
4.000E+03  1.607E+00  5.303E-05  1.607E+00  2.257E+03  2.257E+03  0.9997
5.000E+03  1.625E+00  4.302E-05  1.625E+00  2.876E+03  2.876E+03  0.9998
6.000E+03  1.643E+00  3.626E-05  1.643E+00  3.488E+03  3.488E+03  0.9998
7.000E+03  1.660E+00  3.138E-05  1.660E+00  4.094E+03  4.093E+03  0.9998
8.000E+03  1.676E+00  2.769E-05  1.676E+00  4.693E+03  4.692E+03  0.9998
9.000E+03  1.691E+00  2.480E-05  1.691E+00  5.287E+03  5.286E+03  0.9998
1.000E+04  1.704E+00  2.247E-05  1.704E+00  5.876E+03  5.875E+03  0.9998
