1.000E-03  3.810E+01  1.604E+00  3.971E+01  4.404E-05  7.194E-06  0.1633
1.500E-03  4.667E+01  1.606E+00  4.827E+01  5.533E-05  1.019E-05  0.1841
2.000E-03  5.388E+01  1.588E+00  5.547E+01  6.497E-05  1.310E-05  0.2016
2.500E-03  6.024E+01  1.564E+00  6.181E+01  7.350E-05  1.594E-05  0.2169
3.000E-03  6.599E+01  1.536E+00  6.753E+01  8.123E-05  1.872E-05  0.2305
4.000E-03  7.620E+01  1.478E+00  7.768E+01  9.500E-05  2.415E-05  0.2542
5.000E-03  8.520E+01  1.422E+00  8.662E+01  1.072E-04  2.943E-05  0.2746
6.000E-03  9.333E+01  1.369E+00  9.470E+01  1.182E-04  3.459E-05  0.2927
7.000E-03  1.008E+02  1.320E+00  1.021E+02  1.284E-04  3.965E-05  0.3088
8.000E-03  1.078E+02  1.275E+00  1.090E+02  1.378E-04  4.460E-05  0.3236
9.000E-03  1.143E+02  1.233E+00  1.155E+02  1.467E-04  4.946E-05  0.3370
1.000E-02  1.205E+02  1.195E+00  1.217E+02  1.552E-04  5.423E-05  0.3495
1.250E-02  1.328E+02  1.110E+00  1.339E+02  1.747E-04  6.590E-05  0.3772
1.500E-02  1.436E+02  1.038E+00  1.446E+02  1.927E-04  7.728E-05  0.4011
1.750E-02  1.532E+02  9.772E-01  1.541E+02  2.094E-04  8.839E-05  0.4221
2.000E-02  1.618E+02  9.243E-01  1.627E+02  2.252E-04  9.926E-05  0.4408
2.250E-02  1.696E+02  8.780E-01  1.705E+02  2.402E-04  1.099E-04  0.4576
2.500E-02  1.767E+02  8.370E-01  1.775E+02  2.545E-04  1.204E-04  0.4729
2.750E-02  1.832E+02  8.003E-01  1.840E+02  2.684E-04  1.307E-04  0.4869
3.000E-02  1.891E+02  7.673E-01  1.899E+02  2.817E-04  1.408E-04  0.4997
3.500E-02  1.994E+02  7.102E-01  2.001E+02  3.074E-04  1.607E-04  0.5228
4.000E-02  2.080E+02  6.624E-01  2.087E+02  3.318E-04  1.802E-04  0.5429
4.500E-02  2.150E+02  6.216E-01  2.156E+02  3.554E-04  1.993E-04  0.5608
5.000E-02  2.207E+02  5.862E-01  2.213E+02  3.782E-04  2.182E-04  0.5769
5.500E-02  2.252E+02  5.553E-01  2.258E+02  4.006E-04  2.370E-04  0.5915
6.000E-02  2.287E+02  5.280E-01  2.292E+02  4.226E-04  2.556E-04  0.6048
6.500E-02  2.312E+02  5.036E-01  2.317E+02  4.443E-04  2.742E-04  0.6172
7.000E-02  2.329E+02  4.816E-01  2.334E+02  4.658E-04  2.928E-04  0.6286
7.500E-02  2.339E+02  4.618E-01  2.344E+02  4.871E-04  3.114E-04  0.6393
8.000E-02  2.343E+02  4.438E-01  2.347E+02  5.085E-04  3.301E-04  0.6492
8.500E-02  2.341E+02  4.273E-01  2.345E+02  5.298E-04  3.489E-04  0.6586
9.000E-02  2.335E+02  4.122E-01  2.339E+02  5.511E-04  3.679E-04  0.6675
9.500E-02  2.325E+02  3.982E-01  2.329E+02  5.725E-04  3.870E-04  0.6759
1.000E-01  2.311E+02  3.853E-01  2.315E+02  5.941E-04  4.063E-04  0.6839
1.250E-01  2.213E+02  3.327E-01  2.216E+02  7.043E-04  5.060E-04  0.7186
1.500E-01  2.093E+02  2.941E-01  2.096E+02  8.202E-04  6.124E-04  0.7466
1.750E-01  1.974E+02  2.643E-01  1.976E+02  9.431E-04  7.261E-04  0.7699
2.000E-01  1.865E+02  2.405E-01  1.868E+02  1.073E-03  8.473E-04  0.7894
2.250E-01  1.770E+02  2.210E-01  1.772E+02  1.211E-03  9.759E-04  0.8060
2.500E-01  1.686E+02  2.048E-01  1.688E+02  1.355E-03  1.112E-03  0.8202
2.750E-01  1.613E+02  1.910E-01  1.615E+02  1.507E-03  1.254E-03  0.8325
3.000E-01  1.550E+02  1.791E-01  1.551E+02  1.665E-03  1.404E-03  0.8431
3.500E-01  1.444E+02  1.596E-01  1.445E+02  1.999E-03  1.720E-03  0.8605
4.000E-01  1.359E+02  1.443E-01  1.360E+02  2.356E-03  2.059E-03  0.8741
4.500E-01  1.288E+02  1.319E-01  1.290E+02  2.734E-03  2.419E-03  0.8849
5.000E-01  1.228E+02  1.216E-01  1.230E+02  3.131E-03  2.799E-03  0.8938
5.500E-01  1.175E+02  1.130E-01  1.176E+02  3.547E-03  3.196E-03  0.9011
6.000E-01  1.127E+02  1.055E-01  1.128E+02  3.981E-03  3.612E-03  0.9073
6.500E-01  1.084E+02  9.912E-02  1.085E+02  4.433E-03  4.046E-03  0.9126
7.000E-01  1.045E+02  9.349E-02  1.046E+02  4.903E-03  4.496E-03  0.9172
7.500E-01  1.010E+02  8.852E-02  1.011E+02  5.389E-03  4.964E-03  0.9211
8.000E-01  9.775E+01  8.410E-02  9.783E+01  5.892E-03  5.448E-03  0.9246
8.500E-01  9.480E+01  8.013E-02  9.488E+01  6.411E-03  5.948E-03  0.9277
9.000E-01  9.209E+01  7.655E-02  9.217E+01  6.946E-03  6.463E-03  0.9305
9.500E-01  8.960E+01  7.330E-02  8.967E+01  7.496E-03  6.994E-03  0.9330
1.000E+00  8.729E+01  7.034E-02  8.736E+01  8.061E-03  7.539E-03  0.9353
1.250E+00  7.780E+01  5.871E-02  7.786E+01  1.110E-02  1.048E-02  0.9439
1.500E+00  7.052E+01  5.058E-02  7.057E+01  1.448E-02  1.375E-02  0.9497
1.750E+00  6.484E+01  4.455E-02  6.488E+01  1.818E-02  1.734E-02  0.9539
2.000E+00  6.013E+01  3.989E-02  6.017E+01  2.218E-02  2.123E-02  0.9572
2.250E+00  5.608E+01  3.616E-02  5.611E+01  2.649E-02  2.542E-02  0.9597
2.500E+00  5.263E+01  3.312E-02  5.266E+01  3.109E-02  2.990E-02  0.9618
2.750E+00  4.971E+01  3.058E-02  4.974E+01  3.598E-02  3.466E-02  0.9635
3.000E+00  4.717E+01  2.842E-02  4.720E+01  4.114E-02  3.970E-02  0.9650
3.500E+00  4.292E+01  2.495E-02  4.294E+01  5.226E-02  5.055E-02  0.9673
4.000E+00  3.948E+01  2.228E-02  3.950E+01  6.441E-02  6.243E-02  0.9691
4.500E+00  3.665E+01  2.016E-02  3.667E+01  7.756E-02  7.528E-02  0.9706
5.000E+00  3.425E+01  1.843E-02  3.427E+01  9.168E-02  8.909E-02  0.9718
5.500E+00  3.219E+01  1.698E-02  3.221E+01  1.067E-01  1.038E-01  0.9728
6.000E+00  3.041E+01  1.576E-02  3.042E+01  1.227E-01  1.195E-01  0.9736
6.500E+00  2.885E+01  1.471E-02  2.886E+01  1.396E-01  1.360E-01  0.9744
7.000E+00  2.747E+01  1.380E-02  2.748E+01  1.574E-01  1.534E-01  0.9750
7.500E+00  2.623E+01  1.300E-02  2.624E+01  1.760E-01  1.717E-01  0.9756
8.000E+00  2.511E+01  1.229E-02  2.512E+01  1.955E-01  1.908E-01  0.9761
8.500E+00  2.409E+01  1.166E-02  2.410E+01  2.158E-01  2.107E-01  0.9766
9.000E+00  2.316E+01  1.110E-02  2.317E+01  2.370E-01  2.315E-01  0.9770
9.500E+00  2.231E+01  1.059E-02  2.232E+01  2.590E-01  2.531E-01  0.9774
1.000E+01  2.153E+01  1.012E-02  2.154E+01  2.818E-01  2.755E-01  0.9777
1.250E+01  1.843E+01  8.332E-03  1.843E+01  4.077E-01  3.991E-01  0.9791
1.500E+01  1.619E+01  7.100E-03  1.620E+01  5.527E-01  5.417E-01  0.9801
1.750E+01  1.450E+01  6.199E-03  1.450E+01  7.161E-01  7.024E-01  0.9809
2.000E+01  1.316E+01  5.510E-03  1.317E+01  8.972E-01  8.807E-01  0.9815
2.500E+01  1.119E+01  4.521E-03  1.119E+01  1.311E+00  1.288E+00  0.9825
2.750E+01  1.043E+01  4.154E-03  1.044E+01  1.542E+00  1.516E+00  0.9828
3.000E+01  9.786E+00  3.844E-03  9.790E+00  1.790E+00  1.760E+00  0.9832
3.500E+01  8.735E+00  3.349E-03  8.739E+00  2.331E+00  2.293E+00  0.9837
4.000E+01  7.916E+00  2.972E-03  7.919E+00  2.933E+00  2.887E+00  0.9841
4.500E+01  7.257E+00  2.674E-03  7.260E+00  3.593E+00  3.538E+00  0.9845
5.000E+01  6.716E+00  2.432E-03  6.718E+00  4.310E+00  4.245E+00  0.9848
5.500E+01  6.262E+00  2.231E-03  6.264E+00  5.081E+00  5.006E+00  0.9851
6.000E+01  5.876E+00  2.063E-03  5.878E+00  5.906E+00  5.819E+00  0.9854
6.500E+01  5.543E+00  1.919E-03  5.545E+00  6.782E+00  6.684E+00  0.9856
7.000E+01  5.253E+00  1.794E-03  5.255E+00  7.709E+00  7.599E+00  0.9858
7.500E+01  4.998E+00  1.685E-03  4.999E+00  8.685E+00  8.563E+00  0.9859
8.000E+01  4.771E+00  1.589E-03  4.773E+00  9.709E+00  9.574E+00  0.9861
8.500E+01  4.569E+00  1.504E-03  4.571E+00  1.078E+01  1.063E+01  0.9863
9.000E+01  4.387E+00  1.428E-03  4.389E+00  1.190E+01  1.173E+01  0.9864
9.500E+01  4.223E+00  1.359E-03  4.224E+00  1.306E+01  1.288E+01  0.9865
1.000E+02  4.074E+00  1.297E-03  4.075E+00  1.426E+01  1.407E+01  0.9867
1.250E+02  3.493E+00  1.057E-03  3.494E+00  2.092E+01  2.065E+01  0.9872
1.500E+02  3.093E+00  8.942E-04  3.094E+00  2.854E+01  2.819E+01  0.9876
1.750E+02  2.801E+00  7.759E-04  2.802E+00  3.705E+01  3.661E+01  0.9880
2.000E+02  2.578E+00  6.859E-04  2.579E+00  4.637E+01  4.582E+01  0.9883
2.250E+02  2.402E+00  6.151E-04  2.403E+00  5.642E+01  5.578E+01  0.9886
2.500E+02  2.261E+00  5.579E-04  2.261E+00  6.715E+01  6.641E+01  0.9889
2.750E+02  2.144E+00  5.107E-04  2.144E+00  7.851E+01  7.766E+01  0.9891
3.000E+02  2.046E+00  4.710E-04  2.047E+00  9.046E+01  8.949E+01  0.9893
3.500E+02  1.892E+00  4.081E-04  1.893E+00  1.159E+02  1.147E+02  0.9897
4.000E+02  1.777E+00  3.604E-04  1.778E+00  1.432E+02  1.418E+02  0.9900
4.500E+02  1.688E+00  3.229E-04  1.688E+00  1.721E+02  1.704E+02  0.9903
5.000E+02  1.618E+00  2.927E-04  1.618E+00  2.024E+02  2.005E+02  0.9906
5.500E+02  1.561E+00  2.677E-04  1.561E+00  2.338E+02  2.317E+02  0.9909
6.000E+02  1.514E+00  2.468E-04  1.515E+00  2.664E+02  2.640E+02  0.9911
6.500E+02  1.476E+00  2.290E-04  1.476E+00  2.998E+02  2.972E+02  0.9913
7.000E+02  1.444E+00  2.137E-04  1.444E+00  3.341E+02  3.312E+02  0.9915
7.500E+02  1.416E+00  2.004E-04  1.417E+00  3.691E+02  3.660E+02  0.9917
8.000E+02  1.393E+00  1.886E-04  1.393E+00  4.046E+02  4.014E+02  0.9919
8.500E+02  1.373E+00  1.782E-04  1.373E+00  4.408E+02  4.373E+02  0.9921
9.000E+02  1.356E+00  1.689E-04  1.356E+00  4.774E+02  4.737E+02  0.9922
9.500E+02  1.342E+00  1.606E-04  1.342E+00  5.145E+02  5.106E+02  0.9924
1.000E+03  1.329E+00  1.531E-04  1.329E+00  5.519E+02  5.478E+02  0.9925
1.500E+03  1.266E+00  1.048E-04  1.266E+00  9.396E+02  9.336E+02  0.9936
2.000E+03  1.254E+00  8.006E-05  1.254E+00  1.337E+03  1.330E+03  0.9944
2.500E+03  1.260E+00  6.500E-05  1.260E+00  1.735E+03  1.726E+03  0.9949
3.000E+03  1.273E+00  5.483E-05  1.273E+00  2.130E+03  2.120E+03  0.9954
4.000E+03  1.305E+00  4.193E-05  1.305E+00  2.906E+03  2.894E+03  0.9960
5.000E+03  1.338E+00  3.405E-05  1.338E+00  3.662E+03  3.649E+03  0.9965
6.000E+03  1.369E+00  2.874E-05  1.369E+00  4.401E+03  4.387E+03  0.9968
7.000E+03  1.397E+00  2.489E-05  1.397E+00  5.124E+03  5.109E+03  0.9971
8.000E+03  1.423E+00  2.198E-05  1.423E+00  5.833E+03  5.817E+03  0.9973
9.000E+03  1.447E+00  1.970E-05  1.447E+00  6.530E+03  6.513E+03  0.9975
1.000E+04  1.469E+00  1.786E-05  1.469E+00  7.215E+03  7.198E+03  0.9976
