1.000E-03  1.050E+02  1.188E+01  1.169E+02  1.340E-05  3.558E-06  0.2655
1.500E-03  1.286E+02  1.072E+01  1.393E+02  1.728E-05  5.242E-06  0.3034
2.000E-03  1.485E+02  9.792E+00  1.583E+02  2.064E-05  6.906E-06  0.3346
2.500E-03  1.660E+02  9.040E+00  1.750E+02  2.364E-05  8.532E-06  0.3609
3.000E-03  1.818E+02  8.416E+00  1.903E+02  2.638E-05  1.012E-05  0.3837
4.000E-03  2.100E+02  7.436E+00  2.174E+02  3.128E-05  1.319E-05  0.4217
5.000E-03  2.348E+02  6.695E+00  2.414E+02  3.564E-05  1.613E-05  0.4526
6.000E-03  2.572E+02  6.111E+00  2.633E+02  3.961E-05  1.895E-05  0.4785
7.000E-03  2.778E+02  5.636E+00  2.834E+02  4.326E-05  2.166E-05  0.5007
8.000E-03  2.969E+02  5.240E+00  3.022E+02  4.668E-05  2.427E-05  0.5200
9.000E-03  3.150E+02  4.905E+00  3.199E+02  4.989E-05  2.680E-05  0.5371
1.000E-02  3.320E+02  4.615E+00  3.366E+02  5.294E-05  2.924E-05  0.5523
1.250E-02  3.646E+02  4.039E+00  3.686E+02  6.002E-05  3.508E-05  0.5845
1.500E-02  3.925E+02  3.607E+00  3.961E+02  6.656E-05  4.065E-05  0.6108
1.750E-02  4.167E+02  3.267E+00  4.199E+02  7.268E-05  4.598E-05  0.6327
2.000E-02  4.378E+02  2.993E+00  4.408E+02  7.849E-05  5.113E-05  0.6514
2.250E-02  4.563E+02  2.767E+00  4.591E+02  8.404E-05  5.611E-05  0.6677
2.500E-02  4.725E+02  2.576E+00  4.751E+02  8.939E-05  6.097E-05  0.6820
2.750E-02  4.866E+02  2.412E+00  4.890E+02  9.458E-05  6.572E-05  0.6948
3.000E-02  4.989E+02  2.270E+00  5.011E+02  9.963E-05  7.037E-05  0.7063
3.500E-02  5.184E+02  2.036E+00  5.204E+02  1.094E-04  7.947E-05  0.7263
4.000E-02  5.323E+02  1.849E+00  5.342E+02  1.189E-04  8.836E-05  0.7433
4.500E-02  5.416E+02  1.697E+00  5.433E+02  1.282E-04  9.714E-05  0.7579
5.000E-02  5.470E+02  1.571E+00  5.485E+02  1.373E-04  1.058E-04  0.7708
5.500E-02  5.492E+02  1.463E+00  5.507E+02  1.464E-04  1.145E-04  0.7823
6.000E-02  5.490E+02  1.371E+00  5.504E+02  1.555E-04  1.232E-04  0.7926
6.500E-02  5.468E+02  1.290E+00  5.480E+02  1.646E-04  1.320E-04  0.8019
7.000E-02  5.430E+02  1.220E+00  5.442E+02  1.737E-04  1.408E-04  0.8105
7.500E-02  5.380E+02  1.157E+00  5.392E+02  1.830E-04  1.497E-04  0.8184
8.000E-02  5.322E+02  1.101E+00  5.333E+02  1.923E-04  1.588E-04  0.8256
8.500E-02  5.257E+02  1.051E+00  5.267E+02  2.017E-04  1.679E-04  0.8324
9.000E-02  5.188E+02  1.005E+00  5.198E+02  2.113E-04  1.772E-04  0.8387
9.500E-02  5.117E+02  9.640E-01  5.126E+02  2.210E-04  1.866E-04  0.8446
1.000E-01  5.044E+02  9.262E-01  5.053E+02  2.308E-04  1.962E-04  0.8501
1.250E-01  4.687E+02  7.770E-01  4.695E+02  2.821E-04  2.463E-04  0.8731
1.500E-01  4.373E+02  6.720E-01  4.379E+02  3.373E-04  3.004E-04  0.8906
1.750E-01  4.107E+02  5.937E-01  4.113E+02  3.963E-04  3.583E-04  0.9042
2.000E-01  3.884E+02  5.329E-01  3.889E+02  4.588E-04  4.198E-04  0.9150
2.250E-01  3.694E+02  4.842E-01  3.699E+02  5.247E-04  4.848E-04  0.9238
2.500E-01  3.530E+02  4.442E-01  3.535E+02  5.939E-04  5.529E-04  0.9310
2.750E-01  3.387E+02  4.107E-01  3.391E+02  6.661E-04  6.242E-04  0.9370
3.000E-01  3.259E+02  3.823E-01  3.263E+02  7.413E-04  6.984E-04  0.9421
3.500E-01  3.041E+02  3.364E-01  3.045E+02  9.001E-04  8.553E-04  0.9502
4.000E-01  2.859E+02  3.010E-01  2.862E+02  1.070E-03  1.023E-03  0.9564
4.500E-01  2.703E+02  2.728E-01  2.706E+02  1.249E-03  1.201E-03  0.9611
5.000E-01  2.567E+02  2.497E-01  2.569E+02  1.439E-03  1.389E-03  0.9649
5.500E-01  2.452E+02  2.304E-01  2.454E+02  1.638E-03  1.586E-03  0.9680
6.000E-01  2.351E+02  2.141E-01  2.353E+02  1.846E-03  1.792E-03  0.9706
6.500E-01  2.259E+02  2.001E-01  2.261E+02  2.063E-03  2.007E-03  0.9728
7.000E-01  2.172E+02  1.879E-01  2.174E+02  2.289E-03  2.231E-03  0.9746
7.500E-01  2.090E+02  1.772E-01  2.091E+02  2.523E-03  2.463E-03  0.9762
8.000E-01  2.011E+02  1.677E-01  2.012E+02  2.767E-03  2.705E-03  0.9776
8.500E-01  1.936E+02  1.592E-01  1.938E+02  3.020E-03  2.956E-03  0.9788
9.000E-01  1.870E+02  1.516E-01  1.872E+02  3.283E-03  3.217E-03  0.9799
9.500E-01  1.809E+02  1.448E-01  1.811E+02  3.555E-03  3.487E-03  0.9809
1.000E+00  1.753E+02  1.385E-01  1.754E+02  3.835E-03  3.765E-03  0.9817
1.250E+00  1.523E+02  1.143E-01  1.524E+02  5.369E-03  5.288E-03  0.9849
1.500E+00  1.354E+02  9.761E-02  1.355E+02  7.112E-03  7.020E-03  0.9870
1.750E+00  1.222E+02  8.532E-02  1.223E+02  9.057E-03  8.953E-03  0.9885
2.000E+00  1.117E+02  7.590E-02  1.118E+02  1.120E-02  1.108E-02  0.9895
2.250E+00  1.030E+02  6.843E-02  1.031E+02  1.353E-02  1.340E-02  0.9903
2.500E+00  9.580E+01  6.236E-02  9.586E+01  1.605E-02  1.590E-02  0.9910
2.750E+00  8.962E+01  5.733E-02  8.968E+01  1.874E-02  1.858E-02  0.9915
3.000E+00  8.428E+01  5.307E-02  8.433E+01  2.162E-02  2.144E-02  0.9919
3.500E+00  7.550E+01  4.628E-02  7.554E+01  2.790E-02  2.769E-02  0.9925
4.000E+00  6.856E+01  4.109E-02  6.860E+01  3.485E-02  3.461E-02  0.9930
4.500E+00  6.292E+01  3.699E-02  6.296E+01  4.247E-02  4.219E-02  0.9934
5.000E+00  5.824E+01  3.366E-02  5.828E+01  5.073E-02  5.041E-02  0.9937
5.500E+00  5.428E+01  3.089E-02  5.431E+01  5.962E-02  5.926E-02  0.9939
6.000E+00  5.088E+01  2.857E-02  5.091E+01  6.914E-02  6.873E-02  0.9941
6.500E+00  4.792E+01  2.658E-02  4.795E+01  7.926E-02  7.881E-02  0.9943
7.000E+00  4.533E+01  2.486E-02  4.536E+01  8.999E-02  8.949E-02  0.9944
7.500E+00  4.304E+01  2.335E-02  4.306E+01  1.013E-01  1.008E-01  0.9946
8.000E+00  4.099E+01  2.203E-02  4.101E+01  1.132E-01  1.126E-01  0.9947
8.500E+00  3.914E+01  2.085E-02  3.916E+01  1.257E-01  1.250E-01  0.9948
9.000E+00  3.748E+01  1.979E-02  3.750E+01  1.387E-01  1.380E-01  0.9949
9.500E+00  3.596E+01  1.884E-02  3.598E+01  1.524E-01  1.516E-01  0.9950
1.000E+01  3.458E+01  1.798E-02  3.459E+01  1.665E-01  1.657E-01  0.9950
1.250E+01  2.912E+01  1.466E-02  2.913E+01  2.456E-01  2.445E-01  0.9953
1.500E+01  2.528E+01  1.240E-02  2.529E+01  3.380E-01  3.365E-01  0.9955
1.750E+01  2.242E+01  1.076E-02  2.243E+01  4.432E-01  4.413E-01  0.9957
2.000E+01  2.019E+01  9.513E-03  2.020E+01  5.608E-01  5.585E-01  0.9958
2.500E+01  1.695E+01  7.736E-03  1.695E+01  8.322E-01  8.289E-01  0.9960
2.750E+01  1.572E+01  7.080E-03  1.573E+01  9.854E-01  9.815E-01  0.9960
3.000E+01  1.469E+01  6.529E-03  1.469E+01  1.150E+00  1.145E+00  0.9961
3.500E+01  1.301E+01  5.654E-03  1.302E+01  1.512E+00  1.507E+00  0.9962
4.000E+01  1.172E+01  4.991E-03  1.173E+01  1.918E+00  1.911E+00  0.9963
4.500E+01  1.069E+01  4.469E-03  1.070E+01  2.365E+00  2.356E+00  0.9964
5.000E+01  9.852E+00  4.049E-03  9.856E+00  2.852E+00  2.842E+00  0.9964
5.500E+01  9.153E+00  3.702E-03  9.157E+00  3.379E+00  3.367E+00  0.9965
6.000E+01  8.561E+00  3.411E-03  8.564E+00  3.944E+00  3.930E+00  0.9966
6.500E+01  8.052E+00  3.164E-03  8.056E+00  4.546E+00  4.531E+00  0.9966
7.000E+01  7.611E+00  2.951E-03  7.614E+00  5.185E+00  5.167E+00  0.9966
7.500E+01  7.225E+00  2.765E-03  7.227E+00  5.859E+00  5.840E+00  0.9967
8.000E+01  6.883E+00  2.602E-03  6.885E+00  6.568E+00  6.547E+00  0.9967
8.500E+01  6.578E+00  2.457E-03  6.581E+00  7.311E+00  7.288E+00  0.9967
9.000E+01  6.305E+00  2.328E-03  6.308E+00  8.088E+00  8.062E+00  0.9968
9.500E+01  6.059E+00  2.212E-03  6.061E+00  8.897E+00  8.868E+00  0.9968
1.000E+02  5.836E+00  2.108E-03  5.838E+00  9.737E+00  9.706E+00  0.9968
1.250E+02  4.972E+00  1.707E-03  4.974E+00  1.440E+01  1.435E+01  0.9970
1.500E+02  4.382E+00  1.436E-03  4.383E+00  1.977E+01  1.971E+01  0.9970
1.750E+02  3.953E+00  1.241E-03  3.954E+00  2.578E+01  2.571E+01  0.9971
2.000E+02  3.627E+00  1.094E-03  3.628E+00  3.240E+01  3.231E+01  0.9972
2.250E+02  3.370E+00  9.782E-04  3.371E+00  3.955E+01  3.945E+01  0.9973
2.500E+02  3.164E+00  8.852E-04  3.165E+00  4.721E+01  4.709E+01  0.9973
2.750E+02  2.994E+00  8.088E-04  2.995E+00  5.534E+01  5.520E+01  0.9974
3.000E+02  2.852E+00  7.447E-04  2.853E+00  6.390E+01  6.373E+01  0.9974
3.500E+02  2.629E+00  6.435E-04  2.630E+00  8.219E+01  8.198E+01  0.9975
4.000E+02  2.462E+00  5.670E-04  2.462E+00  1.019E+02  1.016E+02  0.9976
4.500E+02  2.332E+00  5.072E-04  2.333E+00  1.227E+02  1.225E+02  0.9977
5.000E+02  2.230E+00  4.590E-04  2.230E+00  1.447E+02  1.444E+02  0.9977
5.500E+02  2.147E+00  4.194E-04  2.147E+00  1.675E+02  1.672E+02  0.9978
6.000E+02  2.079E+00  3.862E-04  2.079E+00  1.912E+02  1.908E+02  0.9979
6.500E+02  2.022E+00  3.581E-04  2.022E+00  2.156E+02  2.152E+02  0.9979
7.000E+02  1.974E+00  3.338E-04  1.975E+00  2.406E+02  2.401E+02  0.9980
7.500E+02  1.934E+00  3.127E-04  1.934E+00  2.662E+02  2.657E+02  0.9980
8.000E+02  1.899E+00  2.942E-04  1.899E+00  2.923E+02  2.917E+02  0.9980
8.500E+02  1.869E+00  2.778E-04  1.870E+00  3.189E+02  3.182E+02  0.9981
9.000E+02  1.843E+00  2.632E-04  1.844E+00  3.458E+02  3.451E+02  0.9981
9.500E+02  1.821E+00  2.501E-04  1.821E+00  3.731E+02  3.724E+02  0.9982
1.000E+03  1.801E+00  2.383E-04  1.801E+00  4.007E+02  4.000E+02  0.9982
1.500E+03  1.696E+00  1.626E-04  1.696E+00  6.884E+02  6.873E+02  0.9985
2.000E+03  1.665E+00  1.241E-04  1.666E+00  9.865E+02  9.851E+02  0.9986
2.500E+03  1.661E+00  1.006E-04  1.661E+00  1.287E+03  1.286E+03  0.9988
3.000E+03  1.668E+00  8.479E-05  1.668E+00  1.588E+03  1.586E+03  0.9989
4.000E+03  1.692E+00  6.476E-05  1.692E+00  2.183E+03  2.181E+03  0.9990
5.000E+03  1.720E+00  5.255E-05  1.720E+00  2.770E+03  2.767E+03  0.9991
6.000E+03  1.746E+00  4.432E-05  1.746E+00  3.347E+03  3.344E+03  0.9992
7.000E+03  1.770E+00  3.837E-05  1.770E+00  3.915E+03  3.913E+03  0.9993
8.000E+03  1.792E+00  3.387E-05  1.792E+00  4.477E+03  4.474E+03  0.9993
9.000E+03  1.812E+00  3.034E-05  1.812E+00  5.032E+03  5.029E+03  0.9994
1.000E+04  1.830E+00  2.749E-05  1.830E+00  5.581E+03  5.578E+03  0.9994
