1.000E-03  3.240E+01  1.866E+00  3.427E+01  5.045E-05  7.107E-06  0.1409
1.500E-03  3.968E+01  1.859E+00  4.154E+01  6.355E-05  1.017E-05  0.1600
2.000E-03  4.582E+01  1.833E+00  4.765E+01  7.476E-05  1.318E-05  0.1763
2.500E-03  5.123E+01  1.799E+00  5.303E+01  8.470E-05  1.614E-05  0.1906
3.000E-03  5.612E+01  1.762E+00  5.788E+01  9.371E-05  1.907E-05  0.2035
4.000E-03  6.480E+01  1.688E+00  6.649E+01  1.098E-04  2.483E-05  0.2262
5.000E-03  7.245E+01  1.618E+00  7.407E+01  1.240E-04  3.049E-05  0.2459
6.000E-03  7.936E+01  1.553E+00  8.092E+01  1.369E-04  3.606E-05  0.2634
7.000E-03  8.572E+01  1.493E+00  8.722E+01  1.488E-04  4.155E-05  0.2792
8.000E-03  9.164E+01  1.439E+00  9.308E+01  1.599E-04  4.697E-05  0.2937
9.000E-03  9.720E+01  1.389E+00  9.859E+01  1.704E-04  5.230E-05  0.3070
1.000E-02  1.025E+02  1.343E+00  1.038E+02  1.802E-04  5.756E-05  0.3194
1.250E-02  1.131E+02  1.242E+00  1.143E+02  2.031E-04  7.049E-05  0.3470
1.500E-02  1.224E+02  1.159E+00  1.236E+02  2.241E-04  8.317E-05  0.3710
1.750E-02  1.308E+02  1.088E+00  1.319E+02  2.437E-04  9.558E-05  0.3922
2.000E-02  1.385E+02  1.027E+00  1.395E+02  2.621E-04  1.078E-04  0.4111
2.250E-02  1.455E+02  9.734E-01  1.464E+02  2.796E-04  1.197E-04  0.4281
2.500E-02  1.519E+02  9.263E-01  1.528E+02  2.963E-04  1.315E-04  0.4436
2.750E-02  1.579E+02  8.845E-01  1.588E+02  3.124E-04  1.430E-04  0.4578
3.000E-02  1.634E+02  8.469E-01  1.643E+02  3.278E-04  1.544E-04  0.4709
3.500E-02  1.734E+02  7.821E-01  1.741E+02  3.574E-04  1.767E-04  0.4944
4.000E-02  1.820E+02  7.280E-01  1.827E+02  3.854E-04  1.984E-04  0.5149
4.500E-02  1.895E+02  6.820E-01  1.902E+02  4.122E-04  2.197E-04  0.5331
5.000E-02  1.960E+02  6.423E-01  1.966E+02  4.380E-04  2.407E-04  0.5495
5.500E-02  2.016E+02  6.077E-01  2.022E+02  4.631E-04  2.613E-04  0.5643
6.000E-02  2.064E+02  5.771E-01  2.069E+02  4.875E-04  2.817E-04  0.5779
6.500E-02  2.104E+02  5.499E-01  2.109E+02  5.115E-04  3.019E-04  0.5903
7.000E-02  2.138E+02  5.255E-01  2.143E+02  5.350E-04  3.220E-04  0.6019
7.500E-02  2.165E+02  5.034E-01  2.170E+02  5.582E-04  3.420E-04  0.6126
8.000E-02  2.187E+02  4.834E-01  2.192E+02  5.811E-04  3.618E-04  0.6227
8.500E-02  2.204E+02  4.651E-01  2.209E+02  6.038E-04  3.817E-04  0.6321
9.000E-02  2.216E+02  4.484E-01  2.221E+02  6.264E-04  4.015E-04  0.6410
9.500E-02  2.224E+02  4.329E-01  2.229E+02  6.488E-04  4.214E-04  0.6495
1.000E-01  2.229E+02  4.187E-01  2.233E+02  6.713E-04  4.413E-04  0.6575
1.250E-01  2.207E+02  3.607E-01  2.210E+02  7.835E-04  5.423E-04  0.6922
1.500E-01  2.138E+02  3.182E-01  2.142E+02  8.983E-04  6.472E-04  0.7205
1.750E-01  2.049E+02  2.856E-01  2.052E+02  1.017E-03  7.572E-04  0.7442
2.000E-01  1.954E+02  2.596E-01  1.956E+02  1.142E-03  8.733E-04  0.7645
2.250E-01  1.860E+02  2.384E-01  1.863E+02  1.273E-03  9.958E-04  0.7821
2.500E-01  1.773E+02  2.207E-01  1.776E+02  1.411E-03  1.125E-03  0.7975
2.750E-01  1.694E+02  2.057E-01  1.696E+02  1.555E-03  1.261E-03  0.8109
3.000E-01  1.623E+02  1.928E-01  1.625E+02  1.705E-03  1.403E-03  0.8228
3.500E-01  1.501E+02  1.716E-01  1.503E+02  2.026E-03  1.707E-03  0.8428
4.000E-01  1.403E+02  1.550E-01  1.404E+02  2.370E-03  2.035E-03  0.8586
4.500E-01  1.322E+02  1.416E-01  1.324E+02  2.737E-03  2.386E-03  0.8715
5.000E-01  1.255E+02  1.305E-01  1.257E+02  3.125E-03  2.757E-03  0.8821
5.500E-01  1.197E+02  1.211E-01  1.199E+02  3.533E-03  3.147E-03  0.8909
6.000E-01  1.147E+02  1.131E-01  1.148E+02  3.959E-03  3.557E-03  0.8983
6.500E-01  1.101E+02  1.062E-01  1.103E+02  4.404E-03  3.984E-03  0.9046
7.000E-01  1.061E+02  1.001E-01  1.062E+02  4.866E-03  4.429E-03  0.9101
7.500E-01  1.025E+02  9.479E-02  1.025E+02  5.345E-03  4.890E-03  0.9148
8.000E-01  9.914E+01  9.002E-02  9.923E+01  5.841E-03  5.368E-03  0.9190
8.500E-01  9.612E+01  8.575E-02  9.620E+01  6.353E-03  5.862E-03  0.9227
9.000E-01  9.334E+01  8.190E-02  9.342E+01  6.880E-03  6.371E-03  0.9260
9.500E-01  9.077E+01  7.840E-02  9.085E+01  7.423E-03  6.896E-03  0.9289
1.000E+00  8.840E+01  7.522E-02  8.847E+01  7.981E-03  7.435E-03  0.9315
1.250E+00  7.869E+01  6.273E-02  7.875E+01  1.098E-02  1.034E-02  0.9416
1.500E+00  7.147E+01  5.401E-02  7.152E+01  1.432E-02  1.358E-02  0.9483
1.750E+00  6.570E+01  4.755E-02  6.575E+01  1.797E-02  1.713E-02  0.9531
2.000E+00  6.079E+01  4.255E-02  6.084E+01  2.193E-02  2.098E-02  0.9567
2.250E+00  5.686E+01  3.857E-02  5.690E+01  2.618E-02  2.512E-02  0.9595
2.500E+00  5.345E+01  3.531E-02  5.349E+01  3.071E-02  2.954E-02  0.9618
2.750E+00  5.047E+01  3.259E-02  5.050E+01  3.553E-02  3.424E-02  0.9637
3.000E+00  4.794E+01  3.028E-02  4.797E+01  4.061E-02  3.920E-02  0.9653
3.500E+00  4.366E+01  2.658E-02  4.369E+01  5.155E-02  4.989E-02  0.9678
4.000E+00  4.020E+01  2.373E-02  4.023E+01  6.349E-02  6.156E-02  0.9697
4.500E+00  3.734E+01  2.146E-02  3.736E+01  7.640E-02  7.420E-02  0.9713
5.000E+00  3.491E+01  1.961E-02  3.493E+01  9.025E-02  8.777E-02  0.9725
5.500E+00  3.284E+01  1.807E-02  3.286E+01  1.050E-01  1.022E-01  0.9736
6.000E+00  3.105E+01  1.676E-02  3.106E+01  1.207E-01  1.176E-01  0.9745
6.500E+00  2.946E+01  1.564E-02  2.947E+01  1.372E-01  1.338E-01  0.9752
7.000E+00  2.804E+01  1.467E-02  2.805E+01  1.546E-01  1.509E-01  0.9759
7.500E+00  2.677E+01  1.382E-02  2.678E+01  1.728E-01  1.688E-01  0.9765
8.000E+00  2.562E+01  1.306E-02  2.563E+01  1.919E-01  1.875E-01  0.9770
8.500E+00  2.459E+01  1.239E-02  2.461E+01  2.118E-01  2.071E-01  0.9775
9.000E+00  2.366E+01  1.179E-02  2.367E+01  2.326E-01  2.274E-01  0.9779
9.500E+00  2.280E+01  1.125E-02  2.281E+01  2.541E-01  2.486E-01  0.9783
1.000E+01  2.200E+01  1.076E-02  2.202E+01  2.764E-01  2.705E-01  0.9787
1.250E+01  1.883E+01  8.848E-03  1.884E+01  3.996E-01  3.916E-01  0.9801
1.500E+01  1.655E+01  7.537E-03  1.656E+01  5.415E-01  5.312E-01  0.9811
1.750E+01  1.482E+01  6.579E-03  1.483E+01  7.013E-01  6.886E-01  0.9819
2.000E+01  1.346E+01  5.846E-03  1.347E+01  8.785E-01  8.631E-01  0.9825
2.500E+01  1.144E+01  4.794E-03  1.145E+01  1.283E+00  1.262E+00  0.9834
2.750E+01  1.067E+01  4.404E-03  1.067E+01  1.509E+00  1.485E+00  0.9838
3.000E+01  1.001E+01  4.075E-03  1.001E+01  1.751E+00  1.723E+00  0.9841
3.500E+01  8.932E+00  3.550E-03  8.936E+00  2.281E+00  2.246E+00  0.9846
4.000E+01  8.094E+00  3.149E-03  8.097E+00  2.870E+00  2.827E+00  0.9851
4.500E+01  7.421E+00  2.832E-03  7.424E+00  3.515E+00  3.464E+00  0.9854
5.000E+01  6.867E+00  2.575E-03  6.869E+00  4.216E+00  4.156E+00  0.9857
5.500E+01  6.403E+00  2.363E-03  6.405E+00  4.970E+00  4.901E+00  0.9860
6.000E+01  6.008E+00  2.184E-03  6.010E+00  5.777E+00  5.697E+00  0.9862
6.500E+01  5.667E+00  2.031E-03  5.669E+00  6.634E+00  6.544E+00  0.9864
7.000E+01  5.370E+00  1.899E-03  5.372E+00  7.540E+00  7.440E+00  0.9866
7.500E+01  5.109E+00  1.783E-03  5.111E+00  8.495E+00  8.383E+00  0.9868
8.000E+01  4.878E+00  1.681E-03  4.879E+00  9.497E+00  9.373E+00  0.9870
8.500E+01  4.671E+00  1.591E-03  4.672E+00  1.054E+01  1.041E+01  0.9871
9.000E+01  4.485E+00  1.510E-03  4.486E+00  1.164E+01  1.149E+01  0.9872
9.500E+01  4.317E+00  1.437E-03  4.318E+00  1.277E+01  1.261E+01  0.9874
1.000E+02  4.164E+00  1.371E-03  4.165E+00  1.395E+01  1.378E+01  0.9875
1.250E+02  3.570E+00  1.117E-03  3.571E+00  2.046E+01  2.022E+01  0.9880
1.500E+02  3.161E+00  9.448E-04  3.162E+00  2.792E+01  2.760E+01  0.9884
1.750E+02  2.862E+00  8.195E-04  2.863E+00  3.625E+01  3.584E+01  0.9888
2.000E+02  2.634E+00  7.243E-04  2.635E+00  4.536E+01  4.487E+01  0.9891
2.250E+02  2.454E+00  6.494E-04  2.455E+00  5.521E+01  5.462E+01  0.9893
2.500E+02  2.309E+00  5.889E-04  2.310E+00  6.571E+01  6.503E+01  0.9896
2.750E+02  2.189E+00  5.390E-04  2.190E+00  7.684E+01  7.605E+01  0.9898
3.000E+02  2.089E+00  4.971E-04  2.090E+00  8.853E+01  8.765E+01  0.9900
3.500E+02  1.932E+00  4.306E-04  1.932E+00  1.135E+02  1.124E+02  0.9904
4.000E+02  1.813E+00  3.801E-04  1.814E+00  1.402E+02  1.389E+02  0.9907
4.500E+02  1.722E+00  3.405E-04  1.722E+00  1.685E+02  1.670E+02  0.9910
5.000E+02  1.649E+00  3.086E-04  1.650E+00  1.982E+02  1.965E+02  0.9912
5.500E+02  1.591E+00  2.823E-04  1.591E+00  2.291E+02  2.271E+02  0.9915
6.000E+02  1.543E+00  2.602E-04  1.543E+00  2.610E+02  2.588E+02  0.9917
6.500E+02  1.503E+00  2.415E-04  1.503E+00  2.939E+02  2.915E+02  0.9919
7.000E+02  1.469E+00  2.253E-04  1.469E+00  3.275E+02  3.249E+02  0.9921
7.500E+02  1.441E+00  2.112E-04  1.441E+00  3.619E+02  3.591E+02  0.9923
8.000E+02  1.417E+00  1.988E-04  1.417E+00  3.969E+02  3.939E+02  0.9924
8.500E+02  1.396E+00  1.878E-04  1.396E+00  4.324E+02  4.292E+02  0.9926
9.000E+02  1.378E+00  1.780E-04  1.378E+00  4.685E+02  4.651E+02  0.9927
9.500E+02  1.362E+00  1.692E-04  1.362E+00  5.050E+02  5.014E+02  0.9929
1.000E+03  1.349E+00  1.613E-04  1.349E+00  5.419E+02  5.381E+02  0.9930
1.500E+03  1.279E+00  1.104E-04  1.279E+00  9.247E+02  9.192E+02  0.9940
2.000E+03  1.262E+00  8.433E-05  1.262E+00  1.319E+03  1.312E+03  0.9947
2.500E+03  1.263E+00  6.845E-05  1.263E+00  1.715E+03  1.707E+03  0.9953
3.000E+03  1.271E+00  5.774E-05  1.271E+00  2.110E+03  2.101E+03  0.9957
4.000E+03  1.295E+00  4.415E-05  1.295E+00  2.890E+03  2.879E+03  0.9963
5.000E+03  1.321E+00  3.586E-05  1.321E+00  3.655E+03  3.642E+03  0.9967
6.000E+03  1.345E+00  3.025E-05  1.345E+00  4.405E+03  4.392E+03  0.9970
7.000E+03  1.367E+00  2.621E-05  1.367E+00  5.142E+03  5.128E+03  0.9973
8.000E+03  1.388E+00  2.314E-05  1.388E+00  5.868E+03  5.853E+03  0.9975
9.000E+03  1.406E+00  2.074E-05  1.406E+00  6.584E+03  6.568E+03  0.9976
1.000E+04  1.423E+00  1.880E-05  1.423E+00  7.291E+03  7.274E+03  0.9978
