1.000E-03  1.377E+01  9.089E-01  1.468E+01  1.185E-04  9.896E-06  0.0835
1.500E-03  1.687E+01  9.287E-01  1.779E+01  1.491E-04  1.412E-05  0.0947
2.000E-03  1.947E+01  9.334E-01  2.041E+01  1.753E-04  1.831E-05  0.1044
2.500E-03  2.177E+01  9.312E-01  2.270E+01  1.985E-04  2.245E-05  0.1131
3.000E-03  2.385E+01  9.255E-01  2.478E+01  2.196E-04  2.657E-05  0.1210
4.000E-03  2.754E+01  9.087E-01  2.845E+01  2.571E-04  3.477E-05  0.1352
5.000E-03  3.079E+01  8.889E-01  3.168E+01  2.904E-04  4.294E-05  0.1479
6.000E-03  3.373E+01  8.682E-01  3.460E+01  3.206E-04  5.109E-05  0.1594
7.000E-03  3.643E+01  8.478E-01  3.728E+01  3.484E-04  5.923E-05  0.1700
8.000E-03  3.895E+01  8.278E-01  3.978E+01  3.743E-04  6.736E-05  0.1799
9.000E-03  4.131E+01  8.086E-01  4.212E+01  3.988E-04  7.547E-05  0.1893
1.000E-02  4.355E+01  7.903E-01  4.434E+01  4.219E-04  8.357E-05  0.1981
1.250E-02  4.811E+01  7.481E-01  4.886E+01  4.755E-04  1.038E-04  0.2184
1.500E-02  5.216E+01  7.107E-01  5.287E+01  5.246E-04  1.241E-04  0.2366
1.750E-02  5.583E+01  6.775E-01  5.651E+01  5.703E-04  1.444E-04  0.2531
2.000E-02  5.920E+01  6.479E-01  5.985E+01  6.133E-04  1.646E-04  0.2683
2.250E-02  6.232E+01  6.212E-01  6.294E+01  6.540E-04  1.847E-04  0.2824
2.500E-02  6.523E+01  5.971E-01  6.582E+01  6.929E-04  2.047E-04  0.2954
2.750E-02  6.795E+01  5.752E-01  6.852E+01  7.301E-04  2.246E-04  0.3076
3.000E-02  7.051E+01  5.552E-01  7.107E+01  7.659E-04  2.444E-04  0.3191
3.500E-02  7.522E+01  5.199E-01  7.574E+01  8.340E-04  2.836E-04  0.3401
4.000E-02  7.946E+01  4.896E-01  7.995E+01  8.982E-04  3.224E-04  0.3590
4.500E-02  8.330E+01  4.633E-01  8.377E+01  9.593E-04  3.608E-04  0.3761
5.000E-02  8.679E+01  4.402E-01  8.723E+01  1.018E-03  3.988E-04  0.3918
5.500E-02  8.997E+01  4.197E-01  9.039E+01  1.074E-03  4.364E-04  0.4063
6.000E-02  9.287E+01  4.013E-01  9.327E+01  1.128E-03  4.737E-04  0.4198
6.500E-02  9.551E+01  3.848E-01  9.590E+01  1.181E-03  5.107E-04  0.4323
7.000E-02  9.792E+01  3.698E-01  9.829E+01  1.233E-03  5.474E-04  0.4440
7.500E-02  1.001E+02  3.561E-01  1.005E+02  1.283E-03  5.839E-04  0.4550
8.000E-02  1.021E+02  3.436E-01  1.024E+02  1.332E-03  6.202E-04  0.4654
8.500E-02  1.039E+02  3.320E-01  1.042E+02  1.381E-03  6.563E-04  0.4753
9.000E-02  1.055E+02  3.213E-01  1.058E+02  1.428E-03  6.922E-04  0.4846
9.500E-02  1.070E+02  3.114E-01  1.073E+02  1.475E-03  7.281E-04  0.4935
1.000E-01  1.083E+02  3.022E-01  1.086E+02  1.522E-03  7.639E-04  0.5020
1.250E-01  1.127E+02  2.642E-01  1.130E+02  1.747E-03  9.422E-04  0.5394
1.500E-01  1.145E+02  2.357E-01  1.148E+02  1.966E-03  1.122E-03  0.5705
1.750E-01  1.144E+02  2.134E-01  1.146E+02  2.184E-03  1.304E-03  0.5972
2.000E-01  1.130E+02  1.954E-01  1.132E+02  2.403E-03  1.491E-03  0.6205
2.250E-01  1.108E+02  1.805E-01  1.110E+02  2.626E-03  1.684E-03  0.6412
2.500E-01  1.081E+02  1.679E-01  1.083E+02  2.854E-03  1.883E-03  0.6597
2.750E-01  1.053E+02  1.572E-01  1.054E+02  3.088E-03  2.089E-03  0.6765
3.000E-01  1.024E+02  1.479E-01  1.025E+02  3.328E-03  2.302E-03  0.6917
3.500E-01  9.692E+01  1.326E-01  9.706E+01  3.830E-03  2.751E-03  0.7183
4.000E-01  9.212E+01  1.204E-01  9.224E+01  4.358E-03  3.228E-03  0.7406
4.500E-01  8.791E+01  1.104E-01  8.802E+01  4.914E-03  3.732E-03  0.7596
5.000E-01  8.422E+01  1.022E-01  8.432E+01  5.494E-03  4.263E-03  0.7759
5.500E-01  8.097E+01  9.515E-02  8.107E+01  6.099E-03  4.818E-03  0.7899
6.000E-01  7.811E+01  8.912E-02  7.820E+01  6.727E-03  5.396E-03  0.8021
6.500E-01  7.556E+01  8.388E-02  7.564E+01  7.378E-03  5.997E-03  0.8128
7.000E-01  7.326E+01  7.927E-02  7.334E+01  8.049E-03  6.619E-03  0.8223
7.500E-01  7.117E+01  7.519E-02  7.125E+01  8.741E-03  7.261E-03  0.8307
8.000E-01  6.926E+01  7.154E-02  6.933E+01  9.452E-03  7.923E-03  0.8382
8.500E-01  6.750E+01  6.826E-02  6.757E+01  1.018E-02  8.604E-03  0.8449
9.000E-01  6.587E+01  6.530E-02  6.594E+01  1.093E-02  9.304E-03  0.8510
9.500E-01  6.436E+01  6.260E-02  6.442E+01  1.170E-02  1.002E-02  0.8566
1.000E+00  6.294E+01  6.014E-02  6.300E+01  1.248E-02  1.076E-02  0.8616
1.250E+00  5.700E+01  5.043E-02  5.705E+01  1.666E-02  1.468E-02  0.8813
1.500E+00  5.239E+01  4.360E-02  5.243E+01  2.124E-02  1.901E-02  0.8949
1.750E+00  4.867E+01  3.851E-02  4.871E+01  2.619E-02  2.370E-02  0.9050
2.000E+00  4.557E+01  3.456E-02  4.561E+01  3.150E-02  2.875E-02  0.9127
2.250E+00  4.294E+01  3.139E-02  4.297E+01  3.715E-02  3.413E-02  0.9188
2.500E+00  4.066E+01  2.880E-02  4.069E+01  4.313E-02  3.984E-02  0.9238
2.750E+00  3.867E+01  2.662E-02  3.869E+01  4.944E-02  4.587E-02  0.9279
3.000E+00  3.690E+01  2.478E-02  3.693E+01  5.605E-02  5.221E-02  0.9314
3.500E+00  3.391E+01  2.180E-02  3.393E+01  7.020E-02  6.578E-02  0.9370
4.000E+00  3.145E+01  1.950E-02  3.147E+01  8.551E-02  8.050E-02  0.9414
4.500E+00  2.939E+01  1.767E-02  2.941E+01  1.020E-01  9.633E-02  0.9448
5.000E+00  2.763E+01  1.617E-02  2.765E+01  1.195E-01  1.132E-01  0.9476
5.500E+00  2.611E+01  1.492E-02  2.612E+01  1.381E-01  1.312E-01  0.9500
6.000E+00  2.477E+01  1.386E-02  2.478E+01  1.578E-01  1.502E-01  0.9519
6.500E+00  2.359E+01  1.295E-02  2.360E+01  1.785E-01  1.702E-01  0.9537
7.000E+00  2.253E+01  1.216E-02  2.254E+01  2.001E-01  1.912E-01  0.9552
7.500E+00  2.158E+01  1.147E-02  2.159E+01  2.228E-01  2.131E-01  0.9565
8.000E+00  2.072E+01  1.085E-02  2.074E+01  2.465E-01  2.360E-01  0.9577
8.500E+00  1.994E+01  1.030E-02  1.995E+01  2.710E-01  2.598E-01  0.9587
9.000E+00  1.923E+01  9.811E-03  1.924E+01  2.966E-01  2.846E-01  0.9596
9.500E+00  1.857E+01  9.366E-03  1.858E+01  3.230E-01  3.103E-01  0.9605
1.000E+01  1.796E+01  8.961E-03  1.797E+01  3.504E-01  3.368E-01  0.9613
1.250E+01  1.551E+01  7.391E-03  1.552E+01  5.006E-01  4.827E-01  0.9644
1.500E+01  1.373E+01  6.310E-03  1.373E+01  6.722E-01  6.497E-01  0.9666
1.750E+01  1.236E+01  5.517E-03  1.236E+01  8.644E-01  8.369E-01  0.9682
2.000E+01  1.127E+01  4.909E-03  1.128E+01  1.076E+00  1.044E+00  0.9695
2.500E+01  9.646E+00  4.037E-03  9.651E+00  1.557E+00  1.513E+00  0.9715
2.750E+01  9.019E+00  3.712E-03  9.023E+00  1.826E+00  1.775E+00  0.9722
3.000E+01  8.480E+00  3.438E-03  8.484E+00  2.111E+00  2.054E+00  0.9729
3.500E+01  7.599E+00  3.000E-03  7.602E+00  2.735E+00  2.664E+00  0.9739
4.000E+01  6.908E+00  2.665E-03  6.910E+00  3.426E+00  3.340E+00  0.9748
4.500E+01  6.349E+00  2.400E-03  6.352E+00  4.182E+00  4.079E+00  0.9755
5.000E+01  5.888E+00  2.185E-03  5.891E+00  5.000E+00  4.880E+00  0.9761
5.500E+01  5.501E+00  2.007E-03  5.503E+00  5.879E+00  5.741E+00  0.9766
6.000E+01  5.170E+00  1.857E-03  5.172E+00  6.816E+00  6.660E+00  0.9771
6.500E+01  4.884E+00  1.728E-03  4.886E+00  7.812E+00  7.635E+00  0.9775
7.000E+01  4.635E+00  1.617E-03  4.636E+00  8.863E+00  8.666E+00  0.9778
7.500E+01  4.415E+00  1.520E-03  4.416E+00  9.968E+00  9.750E+00  0.9781
8.000E+01  4.219E+00  1.434E-03  4.221E+00  1.113E+01  1.089E+01  0.9784
8.500E+01  4.044E+00  1.358E-03  4.046E+00  1.234E+01  1.207E+01  0.9787
9.000E+01  3.887E+00  1.290E-03  3.888E+00  1.360E+01  1.331E+01  0.9790
9.500E+01  3.744E+00  1.228E-03  3.746E+00  1.491E+01  1.460E+01  0.9792
1.000E+02  3.615E+00  1.173E-03  3.616E+00  1.627E+01  1.593E+01  0.9794
1.250E+02  3.109E+00  9.581E-04  3.110E+00  2.375E+01  2.329E+01  0.9803
1.500E+02  2.759E+00  8.118E-04  2.760E+00  3.231E+01  3.170E+01  0.9810
1.750E+02  2.503E+00  7.053E-04  2.503E+00  4.184E+01  4.107E+01  0.9816
2.000E+02  2.306E+00  6.242E-04  2.307E+00  5.226E+01  5.133E+01  0.9822
2.250E+02  2.151E+00  5.604E-04  2.152E+00  6.349E+01  6.239E+01  0.9826
2.500E+02  2.026E+00  5.087E-04  2.027E+00  7.547E+01  7.419E+01  0.9830
2.750E+02  1.923E+00  4.660E-04  1.923E+00  8.814E+01  8.668E+01  0.9834
3.000E+02  1.836E+00  4.301E-04  1.837E+00  1.015E+02  9.980E+01  0.9837
3.500E+02  1.700E+00  3.731E-04  1.700E+00  1.298E+02  1.278E+02  0.9843
4.000E+02  1.597E+00  3.298E-04  1.598E+00  1.602E+02  1.577E+02  0.9849
4.500E+02  1.518E+00  2.957E-04  1.518E+00  1.923E+02  1.895E+02  0.9853
5.000E+02  1.455E+00  2.682E-04  1.456E+00  2.260E+02  2.227E+02  0.9858
5.500E+02  1.405E+00  2.455E-04  1.405E+00  2.609E+02  2.573E+02  0.9861
6.000E+02  1.363E+00  2.265E-04  1.364E+00  2.971E+02  2.931E+02  0.9865
6.500E+02  1.329E+00  2.103E-04  1.329E+00  3.342E+02  3.298E+02  0.9868
7.000E+02  1.300E+00  1.963E-04  1.300E+00  3.723E+02  3.675E+02  0.9871
7.500E+02  1.276E+00  1.841E-04  1.276E+00  4.111E+02  4.059E+02  0.9874
8.000E+02  1.255E+00  1.733E-04  1.255E+00  4.506E+02  4.451E+02  0.9877
8.500E+02  1.237E+00  1.638E-04  1.237E+00  4.908E+02  4.849E+02  0.9879
9.000E+02  1.222E+00  1.553E-04  1.222E+00  5.315E+02  5.252E+02  0.9882
9.500E+02  1.208E+00  1.477E-04  1.208E+00  5.726E+02  5.660E+02  0.9884
1.000E+03  1.197E+00  1.408E-04  1.197E+00  6.142E+02  6.072E+02  0.9886
1.500E+03  1.139E+00  9.652E-05  1.139E+00  1.045E+03  1.035E+03  0.9903
2.000E+03  1.126E+00  7.383E-05  1.126E+00  1.487E+03  1.474E+03  0.9915
2.500E+03  1.129E+00  5.997E-05  1.129E+00  1.931E+03  1.916E+03  0.9923
3.000E+03  1.138E+00  5.061E-05  1.138E+00  2.372E+03  2.356E+03  0.9930
4.000E+03  1.161E+00  3.873E-05  1.161E+00  3.243E+03  3.223E+03  0.9939
5.000E+03  1.185E+00  3.147E-05  1.185E+00  4.095E+03  4.073E+03  0.9946
6.000E+03  1.208E+00  2.656E-05  1.208E+00  4.931E+03  4.907E+03  0.9952
7.000E+03  1.229E+00  2.302E-05  1.229E+00  5.751E+03  5.726E+03  0.9956
8.000E+03  1.248E+00  2.033E-05  1.248E+00  6.559E+03  6.532E+03  0.9959
9.000E+03  1.265E+00  1.822E-05  1.265E+00  7.354E+03  7.326E+03  0.9962
1.000E+04  1.281E+00  1.652E-05  1.281E+00  8.140E+03  8.111E+03  0.9964
