0.015 1.0090000000000001 0.381 0.2 14.36 -0.083 0.1 10.0 0.03
0.02 2.556 2.0269999999999997 0.023 13.3 -0.0123 9.7 3.0 4.62
0.03 1.514 1.1 0.106 28.01 -0.1191 4.4 8.0 2.35
0.04 3.9410000000000003 0.322 0.08800000000000001 23.37 -0.0321 0.9 10.0 0.45
0.05 3.109 0.038 -0.317 11.96 0.0558 2.2 1.0 0.95
0.06 2.408 0.004 1.103 17.52 -0.1479 1.3 1.0 0.42
0.08 1.661 0.033 0.767 14.4 -0.256 1.8 0.5 0.76
0.1 1.158 0.3 0.29 13.75 -0.1554 1.1 0.5 0.44
0.15 1.2409999999999999 0.49 0.174 14.42 -0.0901 0.8 0.5 0.41
0.2 1.474 0.514 0.17300000000000001 14.29 -0.0993 2.1 0.5 0.84
0.3 1.589 0.733 0.08 14.49 -0.0428 0.9 5.0 0.39
0.4 1.7109999999999999 0.8909999999999999 0.038 14.18 -0.0333 1.0 5.0 0.48
0.5 1.7730000000000001 0.978 0.016 14.33 -0.0238 1.2 5.0 0.43
0.6 1.796 1.024 0.004 13.94 -0.0183 0.9 5.0 0.38
0.8 1.804 1.073 -0.008 14.02 -0.0129 0.9 5.0 0.38
1.0 1.784 1.092 -0.013000000000000001 13.43 -0.0103 0.9 3.0 0.39
1.5 1.624 1.161 -0.03 7.13 0.0009 1.3 0.5 0.46
2.0 1.601 1.127 -0.021 12.62 -0.0054 0.7 5.0 0.29
3.0 1.557 1.065 0.0 12.84 -0.0283 1.9 1.0 0.95
4.0 1.505 1.023 0.016 13.36 -0.0428 2.7 0.5 1.34
5.0 1.5190000000000001 0.9420000000000001 0.046 13.59 -0.0702 1.4 9.5 1.96
6.0 1.4969999999999999 0.9209999999999999 0.057 13.82 -0.0796 4.0 1.0 2.15
8.0 1.531 0.878 0.08 14.15 -0.0985 4.4 1.0 2.38
10.0 1.5019999999999998 0.965 0.059000000000000004 14.21 -0.0784 3.9 1.0 2.02
15.0 1.5730000000000002 1.1179999999999999 0.035 14.16 -0.0599 3.3 1.0 1.6
