0.015 1.234 0.475 0.171 14.27 -0.0858 1.56% 0.5 0.677%
0.02 1.5430000000000001 0.586 0.13 15.0 -0.0632 1.97% 0.5 0.762%
0.03 2.6210000000000004 0.8420000000000001 0.053 15.71 -0.0398 1.97% 0.5 0.831%
0.04 3.945 1.2790000000000001 -0.053 13.58 0.0191 0.86% 25.0 0.490%
0.05 5.039 1.64 -0.113 13.85 0.0489 1.60% 25.0 1.099%
0.06 5.51 1.9369999999999998 -0.154 13.68 0.0714 2.81% 0.5 1.892%
0.08 5.432 2.283 -0.19399999999999998 13.3 0.0892 3.31% 35.0 2.192%
0.1 5.207999999999999 2.311 -0.191 14.39 0.0825 2.88% 15.0 1.572%
0.15 3.97 2.4530000000000003 -0.209 14.11 0.0943 3.41% 35.0 1.982%
0.2 3.395 2.408 -0.20800000000000002 13.32 0.0891 3.19% 1.0 2.001%
0.3 2.9619999999999997 2.142 -0.18 14.06 0.0755 2.66% 25.0 1.645%
0.4 2.7 1.976 -0.163 14.05 0.069 2.47% 35.0 1.626%
0.5 2.5380000000000003 1.835 -0.146 14.13 0.0612 2.34% 1.0 1.499%
0.6 2.406 1.7369999999999999 -0.134 14.11 0.0572 2.16% 10.0 1.434%
0.8 2.241 1.58 -0.11199999999999999 14.03 0.0484 1.86% 1.0 1.326%
1.0 2.123 1.474 -0.096 13.97 0.0426 3.56% 1.0 1.417%
1.5 1.9680000000000002 1.27 -0.057999999999999996 14.81 0.0246 2.13% 0.5 0.806%
2.0 1.858 1.176 -0.04 13.95 0.0175 1.34% 0.5 0.575%
3.0 1.7180000000000002 1.061 -0.013999999999999999 13.95 0.0047 0.96% 0.5 0.343%
4.0 1.631 0.9890000000000001 0.004 15.65 -0.0044 0.58% 2.0 0.275%
5.0 1.5619999999999998 0.94 0.018000000000000002 13.58 -0.0128 0.51% 1.0 0.260%
6.0 1.517 0.9009999999999999 0.03 12.46 -0.0186 1.05% 0.5 0.488%
8.0 1.423 0.887 0.033 11.67 -0.0159 0.89% 0.5 0.463%
10.0 1.361 0.873 0.037000000000000005 14.21 -0.0221 1.38% 1.0 0.521%
15.0 1.271 0.841 0.048 15.04 -0.0339 1.51% 0.5 0.710%
