0.015 1.0290000000000001 0.39399999999999996 0.20600000000000002 15.51 -0.1388 0.45% 6.0 0.223%
0.02 1.067 0.384 0.22 13.81 -0.1204 0.71% 0.5 0.312%
0.03 1.2229999999999999 0.42200000000000004 0.198 15.1 -0.1042 1.83% 0.5 0.635%
0.04 1.48 0.503 0.166 14.78 -0.0893 1.72% 0.5 0.697%
0.05 1.765 0.6659999999999999 0.099 16.34 -0.0493 2.10% 2.0 0.722%
0.06 2.189 0.6970000000000001 0.10400000000000001 12.9 -0.058 3.00% 0.5 1.356%
0.08 2.64 0.924 0.035 12.99 -0.0351 1.54% 0.5 0.666%
0.1 2.847 1.11 -0.009000000000000001 12.98 -0.0187 0.63% 0.5 0.413%
0.15 2.877 1.357 -0.057999999999999996 21.73 0.0071 0.48% 4.0 0.243%
0.2 2.762 1.455 -0.07400000000000001 17.02 0.0114 0.44% 1.0 0.196%
0.3 2.546 1.51 -0.085 16.22 0.0172 0.48% 4.0 0.215%
0.4 2.403 1.4980000000000002 -0.085 16.45 0.0189 0.54% 1.0 0.237%
0.5 2.287 1.474 -0.083 16.41 0.0194 0.31% 1.0 0.181%
0.6 2.197 1.4480000000000002 -0.081 17.03 0.0227 0.67% 15.0 0.293%
0.8 2.08 1.3840000000000001 -0.07200000000000001 16.24 0.0202 0.64% 0.5 0.283%
1.0 1.994 1.3359999999999999 -0.066 15.85 0.0215 0.60% 6.0 0.282%
1.5 1.855 1.23 -0.048 16.01 0.0171 0.45% 15.0 0.226%
2.0 1.781 1.153 -0.032 15.32 0.0091 0.32% 0.5 0.142%
3.0 1.673 1.057 -0.01 10.79 -0.0025 0.42% 1.0 0.202%
4.0 1.607 0.9740000000000001 0.013000000000000001 12.22 -0.0164 1.05% 0.5 0.498%
5.0 1.5290000000000001 0.9570000000000001 0.018000000000000002 10.9 -0.0157 0.92% 0.5 0.413%
6.0 1.4809999999999999 0.9329999999999999 0.026000000000000002 12.33 -0.0239 1.13% 0.5 0.524%
8.0 1.396 0.917 0.03 13.88 -0.0262 1.37% 0.5 0.677%
10.0 1.334 0.902 0.038 13.03 -0.0332 1.48% 0.5 0.719%
15.0 1.244 0.8690000000000001 0.05 14.91 -0.0476 1.97% 0.5 1.098%
