0.015 1.029 0.394 0.206 15.51 -0.1388 0.45% 6.0 0.223% 
0.020 1.067 0.384 0.220 13.81 -0.1204 0.71% 0.5 0.312% 
0.030 1.223 0.422 0.198 15.10 -0.1042 1.83% 0.5 0.635% 
0.040 1.480 0.503 0.166 14.78 -0.0893 1.72% 0.5 0.697% 
0.050 1.765 0.666 0.099 16.34 -0.0493 2.10% 2.0 0.722% 
0.060 2.189 0.697 0.104 12.90 -0.0580 3.00% 0.5 1.356% 
0.080 2.640 0.924 0.035 12.99 -0.0351 1.54% 0.5 0.666% 
0.100 2.847 1.110 -0.009 12.98 -0.0187 0.63% 0.5 0.413% 
0.150 2.877 1.357 -0.058 21.73 0.0071 0.48% 4.0 0.243% 
0.200 2.762 1.455 -0.074 17.02 0.0114 0.44% 1.0 0.196% 
0.300 2.546 1.510 -0.085 16.22 0.0172 0.48% 4.0 0.215% 
0.400 2.403 1.498 -0.085 16.45 0.0189 0.54% 1.0 0.237% 
0.500 2.287 1.474 -0.083 16.41 0.0194 0.31% 1.0 0.181% 
0.600 2.197 1.448 -0.081 17.03 0.0227 0.67% 15.0 0.293% 
0.800 2.080 1.384 -0.072 16.24 0.0202 0.64% 0.5 0.283% 
1.000 1.994 1.336 -0.066 15.85 0.0215 0.60% 6.0 0.282% 
1.500 1.855 1.230 -0.048 16.01 0.0171 0.45% 15.0 0.226% 
2.000 1.781 1.153 -0.032 15.32 0.0091 0.32% 0.5 0.142% 
3.000 1.673 1.057 -0.010 10.79 -0.0025 0.42% 1.0 0.202% 
4.000 1.607 0.974 0.013 12.22 -0.0164 1.05% 0.5 0.498% 
5.000 1.529 0.957 0.018 10.90 -0.0157 0.92% 0.5 0.413% 
6.000 1.481 0.933 0.026 12.33 -0.0239 1.13% 0.5 0.524% 
8.000 1.396 0.917 0.030 13.88 -0.0262 1.37% 0.5 0.677% 
10.000 1.334 0.902 0.038 13.03 -0.0332 1.48% 0.5 0.719% 
15.000 1.244 0.869 0.050 14.91 -0.0476 1.97% 0.5 1.098% 
