0.015 1.002 0.317 0.228 33.67 -0.4556 0.1 2 0.03 
0.02 1.003 0.468 0.137 25.30 -0.0820 0.1 3 0.03 
0.03 1.005 0.336 0.224 25.06 -0.2039 0.0 8 0.02 
0.04 1.010 0.296 0.272 14.23 -0.1199 0.1 2 0.03 
0.05 1.016 0.313 0.248 13.81 -0.0893 0.1 10 0.03 
0.06 1.022 0.336 0.244 14.48 -0.1157 0.1 2 0.04 
0.08 1.039 0.357 0.236 13.87 -0.1154 0.2 0.5 0.09 
0.1 1.057 0.390 0.217 13.78 -0.1096 0.2 3 0.13 
0.115 1.071 0.435 0.194 14.51 -0.0996 0.3 0.5 0.14 
0.116 2.070 1.630 0.057 14.52 -0.0412 10.1 3 5.12 
0.12 1.921 1.623 0.050 29.71 -0.1023 7.4 20 4.41 
0.13 1.917 1.318 0.093 15.12 -0.0711 9.7 3 4.35 
0.14 1.734 1.184 0.103 16.31 -0.0814 5.7 4 2.79 
0.15 1.598 1.030 0.122 16.02 -0.0996 4.0 1 2.00 
0.16 1.529 0.826 0.164 15.64 -0.1408 2.9 1 1.68 
0.17 1.461 0.649 0.209 15.75 -0.1759 2.3 35 1.54 
0.18 1.423 0.470 0.269 16.82 -0.2004 1.4 35 0.85 
0.19 1.377 0.374 0.267 18.15 -0.0639 1.1 0.5 0.52 
0.2 1.324 0.366 0.167 13.28 -0.0655 0.2 3 0.11 
0.25 1.206 0.191 0.378 14.46 -0.1639 0.3 35 0.17 
0.3 1.160 0.284 0.304 13.28 -0.1643 0.8 0.5 0.42 
0.4 1.157 0.490 0.171 13.96 -0.0911 0.9 0.5 0.42 
0.5 1.185 0.577 0.131 14.05 -0.0682 0.7 0.5 0.39 
0.6 1.207 0.643 0.101 13.80 -0.0473 0.6 1 0.33 
0.8 1.261 0.705 0.080 13.89 -0.0362 0.7 1 0.35 
1.0 1.298 0.754 0.066 13.69 -0.0325 0.7 1 0.40 
1.5 1.320 0.873 0.038 14.78 -0.0282 0.6 10 0.35 
2.0 1.338 0.923 0.028 13.56 -0.0274 1.6 0.5 0.69 
3.0 1.326 0.968 0.024 13.45 -0.0372 3.2 0.5 1.17 
4.0 1.299 0.984 0.027 13.84 -0.0418 3.5 0.5 1.28 
5.0 1.327 0.932 0.052 14.08 -0.0638 5.1 0.5 1.90 
6.0 1.339 0.935 0.058 14.53 -0.0676 5..1 0.5 1.98 
8.0 1.422 0.973 0.063 14.26 -0.0761 5.3 0.5 2.19 
10.0 1.451 1.133 0.032 14.31 -0.0502 3.7 0.5 1.49 
15.0 1.557 1.328 0.015 13.75 -0.0405 3.6 0.5 1.57 
