0.015 1.018 0.39799999999999996 0.212 12.01 -0.1279 0.52% 4.0 0.286%
0.02 1.041 0.43200000000000005 0.175 13.83 -0.0771 0.45% 0.5 0.249%
0.03 1.141 0.39399999999999996 0.213 14.41 -0.115 0.99% 0.5 0.372%
0.04 1.314 0.439 0.195 14.43 -0.1084 2.14% 0.5 0.811%
0.05 1.5330000000000001 0.52 0.162 14.69 -0.0901 1.72% 0.5 0.773%
0.06 1.751 0.633 0.11699999999999999 14.78 -0.0635 0.99% 0.5 0.582%
0.08 2.204 0.757 0.084 12.94 -0.0516 2.79% 0.5 1.399%
0.1 2.434 0.94 0.031 14.07 -0.0402 2.70% 0.5 1.169%
0.15 2.611 1.198 -0.027000000000000003 11.68 -0.0137 0.82% 0.5 0.496%
0.2 2.59 1.319 -0.048 9.03 -0.0088 0.68% 3.0 0.383%
0.3 2.431 1.433 -0.07200000000000001 19.17 0.0125 1.06% 0.5 0.328%
0.4 2.325 1.44 -0.075 17.17 0.0139 0.39% 0.5 0.246%
0.5 2.224 1.433 -0.076 16.31 0.0157 0.70% 0.5 0.250%
0.6 2.147 1.416 -0.075 16.44 0.018 0.30% 6.0 0.153%
0.8 2.035 1.375 -0.071 15.64 0.0205 0.67% 0.5 0.226%
1.0 1.959 1.3230000000000002 -0.063 17.02 0.0204 0.37% 15.0 0.165%
1.5 1.834 1.226 -0.047 15.36 0.0155 0.37% 10.0 0.184%
2.0 1.7630000000000001 1.156 -0.033 14.97 0.0099 0.40% 0.5 0.190%
3.0 1.6640000000000001 1.0590000000000002 -0.01 13.4 -0.003 0.36% 1.0 0.231%
4.0 1.59 1.003 0.005 15.05 -0.0156 0.74% 4.0 0.419%
5.0 1.521 0.968 0.016 11.99 -0.0176 1.30% 0.5 0.503%
6.0 1.47 0.958 0.018000000000000002 14.3 -0.019 1.73% 0.5 0.742%
8.0 1.389 0.9279999999999999 0.028999999999999998 13.67 -0.0279 1.71% 0.5 0.840%
10.0 1.33 0.907 0.038 13.34 -0.0349 1.67% 0.5 0.890%
15.0 1.235 0.879 0.053 13.06 -0.0508 2.40% 0.5 1.027%
