0.015 1.012 0.130 0.620 11.39 -0.6162 0.43% 2.0 0.219% 
0.020 1.024 0.289 0.289 12.38 -0.1453 0.41% 6.0 0.269% 
0.030 1.067 0.384 0.215 12.44 -0.1141 0.71% 0.5 0.326% 
0.040 1.151 0.382 0.222 13.92 -0.1229 1.26% 0.5 0.554% 
0.050 1.269 0.408 0.217 14.20 -0.1274 1.77% 0.5 0.778% 
0.060 1.392 0.483 0.178 14.36 -0.0988 1.82% 0.5 0.803% 
0.080 1.644 0.609 0.129 14.32 -0.0742 2.23% 0.5 1.020% 
0.100 1.853 0.757 0.077 14.33 -0.0502 2.55% 0.5 1.021% 
0.150 2.146 1.005 0.010 13.70 -0.0216 0.96% 4.0 0.617% 
0.200 2.235 1.166 -0.022 11.91 -0.0143 0.67% 1.0 0.438% 
0.300 2.253 1.282 -0.043 10.15 -0.0111 1.68% 0.5 0.591% 
0.400 2.211 1.315 -0.049 8.86 -0.0109 0.89% 3.0 0.461% 
0.500 2.122 1.361 -0.063 20.95 0.0137 1.19% 0.5 0.485% 
0.600 2.070 1.353 -0.063 18.25 0.0123 0.74% 0.5 0.402% 
0.800 1.979 1.328 -0.061 16.89 0.0137 0.71% 0.5 0.313% 
1.000 1.914 1.294 -0.057 15.83 0.0146 0.54% 40.0 0.245% 
1.500 1.804 1.214 -0.044 15.26 0.0131 0.45% 35.0 0.203% 
2.000 1.744 1.144 -0.029 16.51 0.0061 0.34% 1.0 0.157% 
3.000 1.658 1.047 -0.004 11.27 -0.0108 1.31%. 1.0 0.488% 
4.000 1.579 1.002 0.009 11.56 -0.0183 0.78% 0.5 0.492% 
5.000 1.508 0.986 0.013 13.41 -0.0200 1.44% 1.0 0.683% 
6.000 1.463 0.958 0.023 13.42 -0.0288 1.99% 0.5 0.865% 
8.000 1.382 0.931 0.034 13.47 -0.0389 2.00% 0.5 0.978% 
10.000 1.316 0.927 0.038 13.53 -0.0427 2.35% 0.5 1.085% 
15.000 1.218 0.920 0.047 13.48 -0.0518 2.56% 1.0 1.163% 
