0.015 1.002 0.317 0.228 33.67 -0.4556 0.1 2 0.03 
0.02 1.003 0.468 0.137 25.30 -0.0820 0.1 3 0.03 
0.03 1.009 0.388 0.187 19.12 -0.0843 0.1 1 0.03 
0.04 1.019 0.320 0.251 13.89 -0.1026 0.1 1 0.04 
0.05 1.033 0.299 0.264 13.96 -0.1066 0.1 7 0.05 
0.06 1.048 0.314 0.257 14.20 -0.1100 0.1 35 0.09 
0.069 1.060 0.352 0.236 14.20 -0.1079 0.2 0.5 0.13 
0.08 2.238 1.442 0.079 17.80 -0.0858 10.9 25 6.25 
0.09 1.951 1.179 0.104 17.18 -0.0757 5.4 4 2.69 
0.1 1.764 0.867 0.160 15.88 -0.1366 2.9 4 1.75 
0.11 1.610 0.562 0.247 15.87 -0.2118 3.1 35 1.41 
0.12 1.501 0.340 0.305 24.33 -0.1784 1.6 0.5 0.84 
0.13 1.393 0.306 0.122 9.72 -0.0574 0.2 30 0.10 
0.14 1.314 0.210 0.156 10.36 0.0356 0.2 0.5 0.08 
0.15 1.253 0.145 0.353 15.12 -0.0845 0.4 0.5 0.15 
0.2 1.155 0.248 0.347 13.68 -0.1966 0.9 0.5 0.47 
0.3 1.170 0.487 0.168 13.62 -0.0812 0.6 0.5 0.33 
0.4 1.234 0.601 0.123 14.14 -0.0647 0.6 25 0.38 
0.5 1.293 0.672 0.098 14.13 -0.0532 0.6 25 0.40 
0.6 1.338 0.722 0.080 13.69 -0.0438 0.7 5 0.42 
0.8 1.402 0.797 0.057 13.71 -0.0334 0.7 25 0.41 
1.0 1.436 0.853 0.042 13.34 -0.0285 0.8 5 0.43 
1.5 1.421 0.977 0.013 14.30 -0.0205 0.5 4 0.26 
2.0 1.428 1.012 0.007 13.40 -0.0200 1.3 0.5 0.67 
3.0 1.406 1.023 0.014 13.42 -0.0385 3.3 0.5 1.35 
4.0 1.363 1.037 0.018 13.72 -0.0437 4.2 0.5 1.56 
5.0 1.393 0.964 0.049 13.94 -0.0723 5.4 0.5 2.25 
6.0 1.397 0.963 0.056 14.34 -0.0769 5.5 0.5 2.37 
8.0 1.465 0.990 0.063 14.15 -0.0848 5.8 0.5 2.58 
10.0 1.475 1.151 0.031 14.10 -0.0561 4.5 0.5 1.89 
15.0 1.589 1.335 0.016 13.60 -0.0494 3.4 0.5 1.71 
