0.015 1.001 2.044 -0.310 11.15 0.2519 0.46% 3.0 0.175% 
0.020 1.009 0.103 0.764 10.78 -1.0613 0.48% 7.0 0.243% 
0.030 1.020 0.359 0.205 12.00 -0.0510 0.37% 8.0 0.247% 
0.040 1.042 0.330 0.239 14.45 -0.0962 0.38% 4.0 0.215% 
0.050 1.071 0.353 0.243 12.89 -0.1407 0.39% 0.5 0.163% 
0.060 1.109 0.364 0.237 13.54 -0.1349 0.92% 0.5 0.410% 
0.080 1.189 0.446 0.192 13.97 -0.1094 2.08% 0.5 0.748% 
0.100 1.287 0.507 0.165 13.89 -0.0924 2.37% 0.5 0.921% 
0.150 1.518 0.675 0.100 13.99 -0.0555 3.10% 0.5 1.109% 
0.200 1.695 0.835 0.052 13.62 -0.0364 3.10% 0.5 1.163% 
0.300 1.865 1.023 0.005 12.51 -0.0197 2.69% 0.5 1.004% 
0.400 1.908 1.135 -0.018 11.46 -0.0137 2.16% 0.5 0.862% 
0.500 1.909 1.189 -0.029 9.92 -0.0106 1.88% 0.5 0.773% 
0.600 1.889 1.216 -0.035 8.53 -0.0091 2.06% 0.5 0.661% 
0.800 1.847 1.226 -0.037 7.03 -0.0118 1.46% 0.5 0.517% 
1.000 1.816 1.204 -0.034 7.47 -0.0114 0.95% 0.5 0.434% 
1.500 1.733 1.185 -0.037 18.36 0.0106 0.84% 0.5 0.302% 
2.000 1.695 1.121 -0.021 8.90 -0.0042 1.01% 0.5 0.349% 
3.000 1.617 1.059 -0.004 12.21 -0.0146 1.22% 0.5 0.608% 
4.000 1.546 1.022 0.009 12.92 -0.0258 2.16% 0.5 0.976% 
5.000 1.479 1.008 0.015 13.26 -0.0310 2.39% 0.5 1.105% 
6.000 1.428 0.995 0.021 13.23 -0.0371 2.80% 0.5 1.201% 
8.000 1.353 0.960 0.038 13.50 -0.0547 3.32% 0.5 1.576% 
10.000 1.289 0.962 0.042 13.91 -0.0577 3.62% 0.5 1.627% 
15.000 1.191 0.969 0.052 14.48 -0.0640 3.95% 1.0 1.757% 
