0.015 1.023 0.349 0.262 11.98 -0.1791 0.50% 0.5 0.266% 
0.020 1.051 0.426 0.179 17.64 -0.1078 0.81% 0.5 0.298% 
0.030 1.179 0.395 0.216 13.99 -0.1163 1.50% 0.5 0.591% 
0.040 1.385 0.460 0.188 14.33 -0.1065 1.95% 0.5 0.788% 
0.050 1.640 0.579 0.135 15.12 -0.0715 0.94% 4.0 0.582% 
0.060 1.894 0.702 0.092 15.29 -0.0516 3.02% 0.5 1.219% 
0.080 2.400 0.838 0.058 14.66 -0.0505 2.36% 0.5 1.133% 
0.100 2.627 1.018 0.012 13.65 -0.0298 1.54% 0.5 0.805% 
0.150 2.733 1.273 -0.042 10.39 -0.0062 0.66% 0.5 0.237% 
0.200 2.676 1.375 -0.058 7.72 -0.0052 0.70% 30.0 0.322% 
0.300 2.483 1.469 -0.078 16.89 0.0136 0.57% 0.5 0.225% 
0.400 2.355 1.473 -0.081 15.82 0.0161 0.50% 35.0 0.226% 
0.500 2.252 1.455 -0.080 16.30 0.0182 0.44% 40.0 0.155% 
0.600 2.177 1.424 -0.076 18.67 0.0215 0.41% 5.0 0.215% 
0.800 2.053 1.385 -0.073 15.28 0.0211 0.44% 35.0 0.203% 
1.000 1.980 1.323 -0.063 15.81 0.0184 0.51% 1.0 0.192%
1.500 1.842 1.230 -0.048 15.12 0.0161 0.43% 35.0 0.227% 
2.000 1.771 1.155 -0.033 14.57 0.0100 0.45% 40.0 0.167% 
3.000 1.669 1.058 -0.010 10.43 -0.0026 0.40% 4.0 0.174% 
4.000 1.585 1.011 0.002 15.91 -0.0125 0.94% 1.0 0.351% 
5.000 1.522 0.967 0.016 11.03 -0.0170 1.26% 0.5 0.414% 
6.000 1.474 0.953 0.019 14.09 -0.0190 1.54% 0.5 0.637% 
8.000 1.389 0.930 0.027 13.47 -0.0249 1.73% 0.5 0.758% 
10.000 1.331 0.908 0.036 13.36 -0.0319 1.64% 0.5 0.829% 
15.000 1.236 0.887 0.047 13.39 -0.0432 .2.39% 0.5 0.993% 
