0.015 1.234 0.475 0.171 14.27 -0.0858 1.56% 0.5 0.677% 
0.020 1.543 0.586 0.130 15.00 -0.0632 1.97% 0.5 0.762% 
0.030 2.621 0.842 0.053 15.71 -0.0398 1.97% 0.5 0.831% 
0.040 3.945 1.279 -0.053 13.58 0.0191 0.86% 25.0 0.490% 
0.050 5.039 1.640 -0.113 13.85 0.0489 1.60% 25.0 1.099% 
0.060 5.510 1.937 -0.154 13.68 0.0714 2.81% 0.5 1.892% 
0.080 5.432 2.283 -0.194 13.30 0.0892 3.31% 35.0 2.192% 
0.100 5.208 2.311 -0.191 14.39 0.0825 2.88% 15.0 1.572% 
0.150 3.970 2.453 -0.209 14.11 0.0943 3.41% 35.0 1.982% 
0.200 3.395 2.408 -0.208 13.32 0.0891 3.19% 1.0 2.001% 
0.300 2.962 2.142 -0.180 14.06 0.0755 2.66% 25.0 1.645% 
0.400 2.700 1.976 -0.163 14.05 0.0690 2.47% 35.0 1.626% 
0.500 2.538 1.835 -0.146 14.13 0.0612 2.34% 1.0 1.499% 
0.600 2.406 1.737 -0.134 14.11 0.0572 2.16% 10.0 1.434% 
0.800 2.241 1.580 -0.112 14.03 0.0484 1.86% 1.0 1.326% 
1.000 2.123 1.474 -0.096 13.97 0.0426 3.56% 1.0 1.417% 
1.500 1.968 1.270 -0.058 14.81 0.0246 2.13% 0.5 0.806% 
2.000 1.858 1.176 -0.040 13.95 0.0175 1.34% 0.5 0.575% 
3.000 1.718 1.061 -0.014 13.95 0.0047 0.96% 0.5 0.343% 
4.000 1.631 0.989 0.004 15.65 -0.0044 0.58% 2.0 0.275% 
5.000 1.562 0.940 0.018 13.58 -0.0128 0.51% 1.0 0.260% 
6.000 1.517 0.901 0.030 12.46 -0.0186 1.05% 0.5 0.488% 
8.000 1.423 0.887 0.033 11.67 -0.0159 0.89% 0.5 0.463% 
10.000 1.361 0.873 0.037 14.21 -0.0221 1.38% 1.0 0.521% 
15.000 1.271 0.841 0.048 15.04 -0.0339 1.51% 0.5 0.710% 
