0.015 1.012 0.13 0.62 11.39 -0.6162 0.43% 2.0 0.219%
0.02 1.024 0.289 0.289 12.38 -0.1453 0.41% 6.0 0.269%
0.03 1.067 0.384 0.215 12.44 -0.1141 0.71% 0.5 0.326%
0.04 1.151 0.382 0.222 13.92 -0.1229 1.26% 0.5 0.554%
0.05 1.2690000000000001 0.408 0.217 14.2 -0.1274 1.77% 0.5 0.778%
0.06 1.392 0.483 0.17800000000000002 14.36 -0.0988 1.82% 0.5 0.803%
0.08 1.6440000000000001 0.609 0.129 14.32 -0.0742 2.23% 0.5 1.020%
0.1 1.8530000000000002 0.757 0.077 14.33 -0.0502 2.55% 0.5 1.021%
0.15 2.146 1.005 0.01 13.7 -0.0216 0.96% 4.0 0.617%
0.2 2.235 1.166 -0.022000000000000002 11.91 -0.0143 0.67% 1.0 0.438%
0.3 2.253 1.2819999999999998 -0.043 10.15 -0.0111 1.68% 0.5 0.591%
0.4 2.211 1.315 -0.049 8.86 -0.0109 0.89% 3.0 0.461%
0.5 2.122 1.361 -0.063 20.95 0.0137 1.19% 0.5 0.485%
0.6 2.07 1.3530000000000002 -0.063 18.25 0.0123 0.74% 0.5 0.402%
0.8 1.979 1.328 -0.061 16.89 0.0137 0.71% 0.5 0.313%
1.0 1.9140000000000001 1.294 -0.057 15.83 0.0146 0.54% 40.0 0.245%
1.5 1.804 1.214 -0.044000000000000004 15.26 0.0131 0.45% 35.0 0.203%
2.0 1.744 1.1440000000000001 -0.028999999999999998 16.51 0.0061 0.34% 1.0 0.157%
3.0 1.6580000000000001 1.047 -0.004 11.27 -0.0108 1.31%. 1.0 0.488%
4.0 1.579 1.002 0.009000000000000001 11.56 -0.0183 0.78% 0.5 0.492%
5.0 1.508 0.986 0.013000000000000001 13.41 -0.02 1.44% 1.0 0.683%
6.0 1.463 0.958 0.023 13.42 -0.0288 1.99% 0.5 0.865%
8.0 1.382 0.9309999999999999 0.034 13.47 -0.0389 2.00% 0.5 0.978%
10.0 1.3159999999999998 0.927 0.038 13.53 -0.0427 2.35% 0.5 1.085%
15.0 1.218 0.92 0.047 13.48 -0.0518 2.56% 1.0 1.163%
