0.015 1.003 0.261 0.299 21.25 -0.2771 0.1 1 0.03 
0.02 1.005 0.393 0.195 12.95 -0.0802 0.1 15 0.03 
0.03 1.015 0.326 0.241 13.87 -0.0885 0.1 35 0.02 
0.04 1.031 0.312 0.256 14.14 -0.0997 0.1 8 0.03 
0.05 1.051 0.324 0.248 14.02 -0.1050 0.1 10 0.06 
0.051 2.757 1.753 0.054 9.91 -0.0401 12.1 3 5.31 
0.052 2.769 1.719 0.056 12.05 -0.0413 13.0 3 5.98 
0.054 2.693 1.696 0.052 13.52 -0.0347 11.7 20 6.37 
0.056 2.643 1.629 0.056 32.16 -0.1844 13.4 40 6.54 
0.058 2.505 1.624 0.049 23.79 -0.0550 15.9 20 7.72 
0.06 2.512 1.510 0.062 28.83 -0.1054 10.4 20 5.66 
0.065 2.553 1.207 0.106 18.01 -0.0839 8.5 3 4.16 
0.07 2.323 1.035 0.128 17.88 -0.1051 4.2 4 2.77 
0.075 2.191 0.816 0.174 16.26 -0.1458 3.1 1 1.63 
0.08 2.104 0.593 0.243 15.93 -0.2151 2.4 35 1.39 
0.09 1.804 0.320 0.294 28.34 -0.0207 3.3 2 1.56 
0.1 1.617 0.241 -0.007 19.33 0.0608 0.3 0.5 0.17
0.15 1.198 0.149 0.473 13.83 -0.2602 1.0 0.5 0.50 
0.2 1.159 0.389 0.229 14.18 -0.1218 1.1 0.5 0.44 
0.3 1.233 0.544 0.143 13.81 -0.0659 0.5 0.5. 0.33 
0.4 1.321 0.669 0.099 14.23 -0.0534 0.7 35 0.41 
0.5 1.394 0.744 0.076 14.15 -0.0447 0.7 5 0.44 
0.6 1.442 0.800 0.058 13.75 -0.0359 0.8 5 0.46 
0.8 1.506 0.872 0.038 13.69 -0.0279 0.9 5 0.43 
1.0 1.527 0.929 0.023 13.52 -0.0222 0.9 5 0.41 
1.5 1.495 1.023 0.003 14.01 -0.0176 0.6 35 0.28 
2.0 1.496 1.042 0.001 13.15 -0.0192 1.5 0.5 0.66 
3.0 1.488 1.014 0.018 13.26 -0.0438 3.6 0.5 1.54 
4.0 1.466 0.987 0.033 13.74 -0.0572 4.2 0.5 1.80 
5.0 1.533 0.915 0.063 13.98 -0.0835 5.4 0.5 2.38 
6.0 1.563 0.915 0.069 14.16 -0.0873 5.2 0.5 2.38 
8.0 1.726 0.966 0.066 14.13 -0.0861 5.0 0.5 2.40 
10.0 1.793 1.127 0.033 13.96 -0.0587 3.4 0.5 1.74 
15.0 2.000 1.358 0.005 13.71 -0.0370 2.7 1 1.25 
