0.015 1.003 0.501 0.128 11.60 -0.0387 0.1 6 0.03 
0.02 1.007 0.414 0.172 17.10 -0.0603 0.1 0.5 
0.03 0.03 1.022 0.322 0.244 13.95 -0.0909 0.1 35 0.03 
0.039 2.829 1.842 0.046 9.59 -0.0394 11.6 3 4.92 
0.04 2.921 1.788 0.049 10.98 -0.0358 12.3 3 5.34 
0.042 3.041 1.678 0.059 11.23 -0.0405 13.0 3 5.73 
0.044 2.993 1.632 0.057 14.01 -0.0389 11.9 20 6.79 
0.046 3.042 1.526 0.066 21.62 -0.0704 10.5 25 6.32 
0.048 3.118 1.412 0.077 25.91 -0.0902 10.5 3 5.01 
0.05 3.127 1.311 0.089 20.24 -0.0771 9.1 3 5.15 
0.055 3.000 1.038 0.128 17.58 -0.0930 6.2 3 2.97 
0.06 2.825 0.774 0.184 16.36 -0.1517 2.8 1 1.54 
0.07 2.422 0.299 0.349 28.55 -0.3688 4.1 0.5 2.22 
0.08 2.048 0.212 -0.124 16.38 0.0663 0.7 1 0.32 
0.09 1.686 0.075 0.026 8.77 0.1150 0.6 15 0.36 
0.1 1.470 0.039 0.661 14.46 -0.1664 0.7 1 0.27 
0.15 1.194 0.236 0.361 13.74 -0.2061 1.4 0.5 0.59 
0.2 1.194 0.450 0.195 14.20 -0.1044 1.1 0.5 0.44 
0.3 1.308 0.580 0.131 13.84 -0.0623 0.6 5 0.38 
0.4 1.416 0.713 0.087 14.12 -0.0505 0.8 5 0.46 
0.5 1.488 0.803 0.060 14.10 -0.0399 0.9 5 0.46 
0.6 1.534 0.865 0.041 13.81 -0.0304 0.9 5 0.44 
0.8 1.588 0.934 0.023 13.66 -0.0234 0.9 5 0.39 
1.0 1.602 0.974 0.014 13.24 -0.0222 0.7 25 0.41 
1.5 1.538 1.072 -0.009 13.64 -0.0108 0.6 1 0.28 
2.0 1.553 1.044 0.002 13.08 -0.0225 0.9 4 0.63 
3.0 1.543 1.009 0.019 13.39 -0.0447 3.4 0.5 1.52 
4.0 1.523 0.970 0.037 13.74 -0.0609 4.1 0.5 1.82 
5.0 1.611 0.888 0.070 13.96 -0.0893 4.8 0.5 2.33 
6.0 1.650 0.884 0.076 14.19 -0.0911 4.5 0.5 2.31 
8.0 1.847 0.929 0.073 14.18 -0.0906 4.0 0.5 2.24 
10.0 1.918 1.097 0.035 14.06 -0.0582 2.9 0.5 1.64 
15.0 2.180 1.316 0.008 13.68 -0.0396 1.9 1 1.06 
