0.015 1.386 0.539 0.146 14.31 -0.0718 1.81% 0.5 0.692%
0.02 1.8769999999999998 0.732 0.079 16.57 -0.0395 0.77% 0.5 0.411%
0.03 3.511 1.153 -0.027000000000000003 12.82 0.0087 0.84% 2.0 0.399%
0.04 5.26 1.745 -0.129 13.91 0.0571 2.28% 35.0 1.397%
0.05 6.706 2.108 -0.17 14.34 0.0735 2.96% 2.0 1.506%
0.06 7.209 2.383 -0.198 14.53 0.0878 2.66% 15.0 1.551%
0.08 6.765 2.6910000000000003 -0.22699999999999998 14.44 0.0998 3.28% 15.0 1.834%
0.1 5.89 2.824 -0.239 14.4 0.1046 3.32% 15.0 1.784%
0.15 4.381 2.866 -0.24600000000000002 14.14 0.1067 3.22% 15.0 1.856%
0.2 3.75 2.698 -0.233 15.08 0.106 4.12% 35.0 2.212%
0.3 3.147 2.4130000000000003 -0.21100000000000002 14.41 0.0944 4.33% 3.0 1.973%
0.4 2.843 2.197 -0.192 13.47 0.0805 3.04% 2.0 1.664%
0.5 2.657 2.011 -0.171 14.19 0.0795 4.22% 2.0 1.885%
0.6 2.543 1.851 -0.151 13.6 0.061 4.40% 2.0 1.971%
0.8 2.312 1.6909999999999998 -0.133 13.8 0.0643 2.76% 1.0 1.814%
1.0 2.1919999999999997 1.544 -0.11 13.78 0.0533 2.91% 1.0 1.654%
1.5 2.011 1.311 -0.069 13.69 0.0332 2.47% 0.5 1.140%
2.0 1.8980000000000001 1.192 -0.044000000000000004 13.99 0.0206 1.85% 0.5 0.739%
3.0 1.7519999999999998 1.058 -0.013999999999999999 11.98 0.006 1.47% 0.5 0.468%
4.0 1.653 0.986 0.004 25.64 -0.008 0.60% 0.5 0.302%
5.0 1.575 0.9390000000000001 0.017 14.5 -0.0109 0.85% 35.0 0.313%
6.0 1.525 0.9079999999999999 0.026000000000000002 14.36 -0.0149 0.97% 1.0 0.380%
8.0 1.44 0.868 0.038 17.08 -0.0351 0.69% 1.0 0.402%
10.0 1.3730000000000002 0.855 0.042 12.35 -0.0208 0.63% 4.0 0.351%
15.0 1.276 0.841 0.046 15.27 -0.0296 1.29% 0.5 0.614%
