0.015 1.005 0.42 0.17 18.4 -0.0827 0.1 5.0 0.02
0.02 1.011 0.389 0.192 14.26 -0.0695 0.1 6.0 0.03
0.03 2.897 1.8730000000000002 0.04 10.77 -0.0311 11.3 3.0 5.0
0.04 3.574 1.2209999999999999 0.09699999999999999 26.32 -0.1252 8.8 3.0 4.32
0.05 3.487 0.491 0.28 16.8 -0.2372 2.3 0.5 1.21
0.06 2.945 0.23399999999999999 -0.027999999999999997 5.0 -0.0557 0.6 40.0 0.36
0.08 1.808 0.017 0.8109999999999999 15.45 -0.1526 1.1 1.0 0.36
0.1 1.396 0.055999999999999994 0.688 13.79 -0.3221 1.7 2.0 0.77
0.15 1.219 0.326 0.27899999999999997 13.95 -0.1554 1.4 0.5 0.6
0.2 1.261 0.5 0.171 14.62 -0.0918 1.1 0.5 0.48
0.3 1.405 0.647 0.106 14.23 -0.0501 0.8 5.0 0.39
0.4 1.531 0.7879999999999999 0.065 14.14 -0.0424 0.9 5.0 0.48
0.5 1.61 0.871 0.043 14.06 -0.0355 1.0 5.0 0.48
0.6 1.645 0.935 0.024 14.02 -0.0249 0.9 5.0 0.43
0.8 1.683 0.9990000000000001 0.008 14.09 -0.0183 1.0 5.0 0.39
1.0 1.685 1.0290000000000001 0.001 13.43 -0.0162 0.9 5.0 0.36
1.5 1.57 1.122 -0.021 14.3 -0.0045 0.9 0.5 0.35
2.0 1.556 1.1079999999999999 -0.016 13.1 -0.0087 0.8 1.0 0.35
3.0 1.5230000000000001 1.058 0.004 12.99 -0.0331 2.2 0.5 1.15
4.0 1.47 1.035 0.016 13.43 -0.0449 3.4 0.5 1.52
5.0 1.49 0.9570000000000001 0.046 13.69 -0.0729 4.3 0.5 2.16
6.0 1.479 0.9329999999999999 0.059000000000000004 13.92 -0.0842 4.5 0.5 2.33
8.0 1.525 0.9129999999999999 0.076 14.16 -0.0983 4.7 1.0 2.54
10.0 1.504 1.033 0.048 14.18 -0.071 4.1 1.0 2.08
15.0 1.5919999999999999 1.207 0.026000000000000002 13.91 -0.0566 3.6 1.0 1.67
