0.015 1.153 0.432 0.189 14.49 -0.0965 1.38% 0.5 0.519%
0.020 1.355 0.505 0.162 14.65 -0.0825 2.23% 0.5 0.804% 
0.030 2.054 0.718 0.086 16.37 -0.0456 3.17% 0.5 1.147% 
0.040 3.137 0.990 0.012 13.45 -0.0134 1.27% 0.5 0.412% 
0.050 4.063 1.305 -0.056 13.54 0.0184 0.97% 4.0 0.590% 
0.060 4.610 1.562 -0.100 13.75 0.0412 1.73% 0.5 1.177% 
0.080 4.783 1.887 -0.146 13.73 0.0643 2.71% 35.0 1.754% 
0.100 4.492 2.043 -0.164 13.85 0.0718 2.61% 25.0 1.781% 
0.150 3.877 2.069 -0.163 14.48 0.0637 2.50% 2.0 1.380% 
0.200 3.320 2.090 -0.169 14.03 0.0678 2.38% 25.0 1.446% 
0.300 2.870 1.948 -0.154 14.20 0.0595 2.32% 25.0 1.344% 
0.400 2.629 1.828 -0.141 14.19 0.0546 1.85% 10.0 1.165% 
0.500 2.475 1.723 -0.128 14.20 0.0488 1.85% 1.0 1.146% 
0.600 2.362 1.635 -0.116 14.32 0.0439 1.81% 1.0 1.056% 
0.800 2.185 1.532 -0.103 14.24 0.0427 1.95% 0.5 1.174% 
1.000 2.098 1.418 -0.084 14.35 0.0333 1.58% 0.5 0.829% 
1.500 1.929 1.265 -0.057 14.45 0.0235 1.61% 0.5 0.633% 
2.000 1.837 1.164 -0.036 15.40 0.0137 1.45% 0.5 0.483% 
3.000 1.711 1.052 -0.011 12.88 0.0020 0.77% 0.5 0.247% 
4.000 1.624 0.990 0.004 20.49 -0.0070 0.55% 4.0 0.297% 
5.000 1.553 0.947 0.016 14.42 -0.0111 0.70% 0.5 0.379% 
6.000 1.505 0.917 0.025 15.64 -0.0229 0.99% 1.0 0.467% 
8.000 1.417 0.891 0.033 12.30 -0.0194 1.16% 0.5 0.467% 
10.000 1.358 0.872 0.039 13.99 -0.0252 1.14% 0.5 0.542% 
15.000 1.265 0.842 0.050 15.03 -0.0387 1.19% 3.0 0.728% 
