0.015 1.037 0.401 0.21100000000000002 13.33 -0.1332 0.65% 0.5 0.330%
0.02 1.085 0.439 0.17800000000000002 14.34 -0.091 0.72% 0.5 0.379%
0.03 1.288 0.449 0.18899999999999997 14.38 -0.102 1.92% 0.5 0.756%
0.04 1.617 0.557 0.14300000000000002 15.17 -0.0757 1.39% 0.5 0.632%
0.05 2.099 0.633 0.125 14.15 -0.0657 2.77% 0.5 1.542%
0.06 2.467 0.794 0.071 14.91 -0.0563 2.47% 0.5 1.088%
0.08 2.95 1.0390000000000001 0.005 13.7 -0.0201 0.72% 10.0 0.454%
0.1 3.102 1.229 -0.035 12.29 -0.0037 0.49% 6.0 0.202%
0.15 3.032 1.454 -0.075 15.08 0.0138 0.73% 10.0 0.314%
0.2 2.8560000000000003 1.537 -0.08800000000000001 15.99 0.02 0.78% 4.0 0.411%
0.3 2.5989999999999998 1.564 -0.094 15.96 0.0228 0.89% 15.0 0.373%
0.4 2.437 1.541 -0.09300000000000001 15.45 0.0236 0.70% 1.0 0.332%
0.5 2.315 1.505 -0.08900000000000001 16.0 0.0236 0.64% 15.0 0.284%
0.6 2.221 1.473 -0.086 15.28 0.0246 0.69% 35.0 0.291%
0.8 2.1 1.401 -0.076 15.64 0.0233 0.48% 1.0 0.247%
1.0 2.004 1.35 -0.069 15.69 0.0235 0.70% 15.0 0.330%
1.5 1.867 1.2329999999999999 -0.049 14.52 0.0168 0.51% 0.5 0.292%
2.0 1.787 1.155 -0.033 16.11 0.0108 0.52% 0.5 0.248%
3.0 1.6740000000000002 1.064 -0.013000000000000001 16.49 -0.0022 0.36% 1.0 0.150%
4.0 1.598 0.997 0.005 13.02 -0.0091 0.80% 0.5 0.382%
5.0 1.538 0.941 0.024 10.17 -0.0216 0.51% 30.0 0.338%
6.0 1.484 0.934 0.024 12.01 -0.0192 1.02% 0.5 0.447%
8.0 1.405 0.902 0.034 13.85 -0.0285 1.06% 1.0 0.684%
10.0 1.3419999999999999 0.8859999999999999 0.040999999999999995 13.09 -0.0332 1.88% 0.5 0.828%
15.0 1.253 0.847 0.057 14.24 -0.0511 1.69% 4.0 1.093%
