0.015 1.004 1.561 -0.5539999999999999 5.6 0.3524 0.40% 1.0 0.129%
0.02 1.012 0.13 0.62 11.39 -0.6162 0.43% 2.0 0.219%
0.03 1.028 0.374 0.19 29.34 -0.317 0.65% 3.0 0.281%
0.04 1.058 0.336 0.248 11.65 -0.1188 0.50% 7.0 0.238%
0.05 1.099 0.366 0.23199999999999998 14.01 -0.1354 0.65% 3.0 0.343%
0.06 1.148 0.405 0.20800000000000002 14.17 -0.1142 1.53% 0.5 0.577%
0.08 1.2670000000000001 0.47 0.18 14.48 -0.0974 2.32% 0.5 0.892%
0.1 1.389 0.557 0.14400000000000002 14.11 -0.0791 2.58% 0.5 1.040%
0.15 1.66 0.743 0.079 14.12 -0.0476 2.93% 0.5 1.143%
0.2 1.839 0.9109999999999999 0.034 13.23 -0.0334 2.60% 0.5 1.169%
0.3 1.973 1.095 -0.009000000000000001 11.86 -0.0183 2.34% 0.5 0.955%
0.4 1.992 1.187 -0.027000000000000003 10.72 -0.014 1.84% 0.5 0.777%
0.5 1.9669999999999999 1.24 -0.039 8.34 -0.0074 1.74% 0.5 0.660%
0.6 1.9469999999999998 1.247 -0.04 8.2 -0.0096 1.09% 0.5 0.512%
0.8 1.906 1.2329999999999999 -0.038 7.93 -0.011 1.15% 2.0 0.516%
1.0 1.841 1.25 -0.048 19.49 0.014 1.16% 0.5 0.400%
1.5 1.75 1.197 -0.04 15.9 0.011 1.05% 0.5 0.318%
2.0 1.712 1.123 -0.021 7.97 -0.0057 0.42% 0.5 0.250%
3.0 1.6269999999999998 1.0590000000000002 -0.005 11.99 -0.0132 0.85% 0.5 0.507%
4.0 1.5530000000000002 1.026 0.005 12.93 -0.0191 1.93% 0.5 0.791%
5.0 1.483 1.0090000000000001 0.012 13.12 -0.0258 2.24% 0.5 0.939%
6.0 1.442 0.98 0.023 13.37 -0.0355 2.16% 0.5 1.120%
8.0 1.354 0.9740000000000001 0.028999999999999998 13.65 -0.0424 3.36% 0.5 1.370%
10.0 1.297 0.9490000000000001 0.042 13.97 -0.0561 3.23% 0.5 1.500%
15.0 1.199 0.9570000000000001 0.049 14.37 -0.0594 3.38% 0.5 1.553%
