0.015 1.0070000000000001 0.596 0.021 7.03 0.129 0.60% 0.5 0.287%
0.02 1.016 0.441 0.18 10.89 -0.0845 0.39% 1.0 0.262%
0.03 1.057 0.37200000000000005 0.226 11.52 -0.1182 0.64% 3.0 0.277%
0.04 1.129 0.364 0.23399999999999999 14.07 -0.1357 0.66% 3.0 0.344%
0.05 1.226 0.405 0.213 14.14 -0.1172 1.55% 0.5 0.669%
0.06 1.335 0.456 0.192 14.25 -0.1107 2.01% 0.5 0.871%
0.08 1.564 0.574 0.142 14.35 -0.0801 2.38% 0.5 1.070%
0.1 1.76 0.708 0.09300000000000001 14.3 -0.058 2.82% 0.5 1.112%
0.15 2.062 0.9490000000000001 0.024 13.69 -0.028 1.90% 0.5 0.795%
0.2 2.175 1.1179999999999999 -0.012 12.58 -0.0188 1.88% 0.5 0.799%
0.3 2.204 1.2570000000000001 -0.039 10.26 -0.0113 1.04% 0.5 0.521%
0.4 2.1719999999999997 1.2990000000000002 -0.047 9.76 -0.009 1.09% 0.5 0.558%
0.5 2.128 1.304 -0.048 8.71 -0.0108 1.16% 2.0 0.562%
0.6 2.0580000000000003 1.3330000000000002 -0.059000000000000004 23.64 0.015 1.03% 3.0 0.523%
0.8 1.963 1.3219999999999998 -0.06 18.99 0.0166 1.17% 0.5 0.369%
1.0 1.9040000000000001 1.2890000000000001 -0.055999999999999994 17.12 0.0159 0.77% 0.5 0.307%
1.5 1.796 1.21 -0.043 15.77 0.0128 0.33% 8.0 0.167%
2.0 1.7369999999999999 1.148 -0.03 17.57 0.0079 0.45% 0.5 0.224%
3.0 1.64 1.07 -0.011000000000000001 13.24 -0.0067 0.66% 40.0 0.317%
4.0 1.574 1.0090000000000001 0.006999999999999999 12.05 -0.0167 1.03% 0.5 0.579%
5.0 1.508 0.983 0.015 13.21 -0.0231 1.12% 0.5 0.665%
6.0 1.459 0.9620000000000001 0.023 13.19 -0.0303 2.17% 0.5 0.918%
8.0 1.376 0.943 0.031 13.52 -0.0363 2.31% 0.5 1.091%
10.0 1.3130000000000002 0.934 0.037000000000000005 13.6 -0.0424 2.51% 0.5 1.147%
15.0 1.219 0.9159999999999999 0.05 13.91 -0.0551 2.48% 1.0 1.277%
