0.015 2.527 0.957 0.023 12.01 -0.0216 3.01% 0.5 1.237% 
0.020 3.834 1.517 -0.089 16.27 0.0300 2.25% 0.5 0.788% 
0.030 6.543 2.464 -0.204 14.71 0.0774 2.52% 25.0 1.471% 
0.040 8.672 3.150 -0.260 14.20 0.1068 3.59% 10.0 2.348% 
0.050 9.770 3.613 -0.292 14.02 0.1238 4.49% 10.0 2.847% 
0.060 9.823 3.916 -0.311 13.93 0.1334 4.85% 10.0 3.133% 
0.080 8.582 4.200 -0.328 14.01 0.1398 4.98% 25.0 3.145% 
0.100 7.303 4.252 -0.333 14.11 0.1406 4.64% 25.0 2.996% 
0.150 4.983 4.136 -0.331 14.43 0.1391 4.28% 35.0 2.596% 
0.200 4.396 3.877 -0.323 14.44 0.1425 4.45% 35.0 2.612% 
0.300 3.448 3.442 -0.304 14.20 0.1422 4.80% 25.0 2.833% 
0.400 3.218 3.046 -0.280 14.18 0.1370 4.37% 15.0 2.652% 
0.500 2.793 2.934 -0.281 13.44 0.1494 5.92% 35.0 3.826% 
0.600 2.654 2.672 -0.261 13.20 0.1435 5.82% 10.0 3.747% 
0.800 2.505 2.225 -0.215 13.24 0.1211 6.14% 1.0 3.848% 
1.000 2.330 1.997 -0.190 12.98 0.1115 7.37% 1.0 4.366% 
1.500 2.150 1.549 -0.122 13.00 0.0757 6.41% 0.5 3.260% 
2.000 2.061 1.284 -0.069 13.26 0.0434 4.27% 0.5 1.857% 
3.000 1.863 1.087 -0.024 13.06 0.0168 2.95% 0.5 1.072% 
4.000 1.740 0.986 0.002 9.42 0.0022 1.59% 0.5 0.593% 
5.000 1.641 0.932 0.017 17.21 -0.0085 1.30% 0.5 0.487% 
6.000 1.584 0.886 0.031 14.51 -0.0159 0.96% 0.5 0.450% 
8.000 1.480 0.851 0.041 14.63 -0.0207 0.69% 25.0 0.393% 
10.000 1.437 0.772 0.071 14.24 -0.0469 3.49% 0.5 1.311% 
15.000 1.306 0.802 0.057 12.34 -0.0247 ·0.83% 35.0 0.445% 
