0.015 1.153 0.43200000000000005 0.18899999999999997 14.49 -0.0965 1.38% 0.5 0.519%
0.02 1.355 0.505 0.162 14.65 -0.0825 2.23% 0.5 0.804%
0.03 2.0540000000000003 0.718 0.086 16.37 -0.0456 3.17% 0.5 1.147%
0.04 3.137 0.99 0.012 13.45 -0.0134 1.27% 0.5 0.412%
0.05 4.063 1.305 -0.055999999999999994 13.54 0.0184 0.97% 4.0 0.590%
0.06 4.61 1.5619999999999998 -0.1 13.75 0.0412 1.73% 0.5 1.177%
0.08 4.783 1.8869999999999998 -0.146 13.73 0.0643 2.71% 35.0 1.754%
0.1 4.492 2.043 -0.16399999999999998 13.85 0.0718 2.61% 25.0 1.781%
0.15 3.877 2.069 -0.163 14.48 0.0637 2.50% 2.0 1.380%
0.2 3.32 2.09 -0.16899999999999998 14.03 0.0678 2.38% 25.0 1.446%
0.3 2.87 1.9480000000000002 -0.154 14.2 0.0595 2.32% 25.0 1.344%
0.4 2.6289999999999996 1.828 -0.141 14.19 0.0546 1.85% 10.0 1.165%
0.5 2.475 1.723 -0.128 14.2 0.0488 1.85% 1.0 1.146%
0.6 2.362 1.635 -0.11599999999999999 14.32 0.0439 1.81% 1.0 1.056%
0.8 2.185 1.5319999999999998 -0.10300000000000001 14.24 0.0427 1.95% 0.5 1.174%
1.0 2.0980000000000003 1.4180000000000001 -0.084 14.35 0.0333 1.58% 0.5 0.829%
1.5 1.929 1.265 -0.057 14.45 0.0235 1.61% 0.5 0.633%
2.0 1.837 1.1640000000000001 -0.036000000000000004 15.4 0.0137 1.45% 0.5 0.483%
3.0 1.7109999999999999 1.052 -0.011000000000000001 12.88 0.002 0.77% 0.5 0.247%
4.0 1.624 0.99 0.004 20.49 -0.007 0.55% 4.0 0.297%
5.0 1.5530000000000002 0.9470000000000001 0.016 14.42 -0.0111 0.70% 0.5 0.379%
6.0 1.505 0.917 0.025 15.64 -0.0229 0.99% 1.0 0.467%
8.0 1.4169999999999998 0.8909999999999999 0.033 12.3 -0.0194 1.16% 0.5 0.467%
10.0 1.358 0.872 0.039 13.99 -0.0252 1.14% 0.5 0.542%
15.0 1.265 0.8420000000000001 0.05 15.03 -0.0387 1.19% 3.0 0.728%
