0.015 1.728 0.683 0.095 15.02 -0.0460 1.78% 0.5 0.740% 
0.020 2.629 0.959 0.021 13.74 -0.0179 2.87% 0.5 1.125% 
0.030 4.699 1.665 -0.117 14.48 0.0497 1.44% 35.0 0.854% 
0.040 6.906 2.243 -0.184 14.61 0.0788 2.32% 35.0 1.257% 
0.050 8.247 2.657 -0.223 14.47 0.0972 2.83% 25.0 1.611% 
0.060 8.580 2.947 -0.247 14.36 0.1080 3.27% 15.0 1.842% 
0.080 8.089 3.170 -0.262 14.66 0.1119 2.83% 15.0 1.645% 
0.100 8.262 2.951 -0.238 16.05 0.0956 1.77% 3.0 1.043% 
0.150 5.943 3.081 -0.256 15.38 0.1057 0.00% 0.0 0.000% 
0.200 3.927 3.222 -0.279 14.14 0.1225 3.73% 15.0 2.159% 
0.300 3.156 2.928 -0.265 13.98 0.1270 5.20% 1.0 2.668% 
0.400 2.862 2.630 -0.245 12.58 0.1109 3.08% 10.0 2.092% 
0.500 2.679 2.375 -0.222 12.68 0.1043 3.44% 1.0 2.261% 
0.600 2.547 2.161 -0.198 13.69 0.1020 4.06% 10.0 2.710% 
0.800 2.359 1.894 -0.167 13.38 0.0876 4.38% 1.0 2.824% 
1.000 2.258 1.674 -0.135 13.53 0.0718 3.65% 0.5 2.392% 
1.500 2.075 1.372 -0.083 13.78 0.0470 3.29% 0.5 1.539% 
2.000 1.955 1.213 -0.050 14.44 0.0278 2.86% 0.5 1.202% 
3.000 1.785 1.069 -0.018 12.74 0.0106 1.82% 0.5 0.638% 
4.000 1.684 0.978 0.006 17.12 -0.0045 1.07% 0.5 0.342% 
5.000 1.599 0.933 0.018 14.95 -0.0099 0.70% 2.0 0.275% 
6.000 1.541 0.904 0.026 14.92 -0.0142 0.58% 1.0 0.260% 
8.000 1.447 0.873 0.035 14.16 -0.0200 0.75% 35.0 0.332% 
10.000 1.383 0.853 0.041 13.43 -0.0179 0.79% 0.5 0.369% 
15.000 1.286 0.830 0.048 14.00 -0.0243 1.08% 1.0 0.469% 
