0.015 1.023 0.349 0.262 11.98 -0.1791 0.50% 0.5 0.266%
0.02 1.051 0.426 0.179 17.64 -0.1078 0.81% 0.5 0.298%
0.03 1.179 0.395 0.21600000000000003 13.99 -0.1163 1.50% 0.5 0.591%
0.04 1.385 0.46 0.188 14.33 -0.1065 1.95% 0.5 0.788%
0.05 1.64 0.579 0.135 15.12 -0.0715 0.94% 4.0 0.582%
0.06 1.8940000000000001 0.7020000000000001 0.092 15.29 -0.0516 3.02% 0.5 1.219%
0.08 2.4 0.838 0.057999999999999996 14.66 -0.0505 2.36% 0.5 1.133%
0.1 2.627 1.018 0.012 13.65 -0.0298 1.54% 0.5 0.805%
0.15 2.733 1.273 -0.042 10.39 -0.0062 0.66% 0.5 0.237%
0.2 2.676 1.375 -0.057999999999999996 7.72 -0.0052 0.70% 30.0 0.322%
0.3 2.483 1.469 -0.078 16.89 0.0136 0.57% 0.5 0.225%
0.4 2.355 1.473 -0.081 15.82 0.0161 0.50% 35.0 0.226%
0.5 2.252 1.455 -0.08 16.3 0.0182 0.44% 40.0 0.155%
0.6 2.177 1.4240000000000002 -0.076 18.67 0.0215 0.41% 5.0 0.215%
0.8 2.053 1.385 -0.073 15.28 0.0211 0.44% 35.0 0.203%
1.0 1.98 1.3230000000000002 -0.063 15.81 0.0184 0.51% 1.0 0.192%
1.5 1.8419999999999999 1.23 -0.048 15.12 0.0161 0.43% 35.0 0.227%
2.0 1.771 1.155 -0.033 14.57 0.01 0.45% 40.0 0.167%
3.0 1.669 1.058 -0.01 10.43 -0.0026 0.40% 4.0 0.174%
4.0 1.585 1.011 0.002 15.91 -0.0125 0.94% 1.0 0.351%
5.0 1.5219999999999998 0.9670000000000001 0.016 11.03 -0.017 1.26% 0.5 0.414%
6.0 1.474 0.953 0.019 14.09 -0.019 1.54% 0.5 0.637%
8.0 1.389 0.93 0.027000000000000003 13.47 -0.0249 1.73% 0.5 0.758%
10.0 1.331 0.9079999999999999 0.036000000000000004 13.36 -0.0319 1.64% 0.5 0.829%
15.0 1.236 0.887 0.047 13.39 -0.0432 .2.39% 0.5 0.993%
