0.015 1.003 0.501 0.128 11.6 -0.0387 0.1 6.0 0.03
0.02 1.0070000000000001 0.414 0.172 17.1 -0.0603 0.1 0.5 nan
0.03 1.022 0.322 0.244 13.95 -0.0909 0.1 35.0 0.03
0.04 2.9210000000000003 1.788 0.049 10.98 -0.0358 12.3 3.0 5.34
0.05 3.127 1.311 0.08900000000000001 20.24 -0.0771 9.1 3.0 5.15
0.06 2.825 0.774 0.184 16.36 -0.1517 2.8 1.0 1.54
0.08 2.048 0.212 -0.124 16.38 0.0663 0.7 1.0 0.32
0.1 1.47 0.039 0.6609999999999999 14.46 -0.1664 0.7 1.0 0.27
0.15 1.194 0.23600000000000002 0.361 13.74 -0.2061 1.4 0.5 0.59
0.2 1.194 0.45 0.195 14.2 -0.1044 1.1 0.5 0.44
0.3 1.308 0.58 0.131 13.84 -0.0623 0.6 5.0 0.38
0.4 1.416 0.713 0.087 14.12 -0.0505 0.8 5.0 0.46
0.5 1.4880000000000002 0.8029999999999999 0.06 14.1 -0.0399 0.9 5.0 0.46
0.6 1.534 0.865 0.040999999999999995 13.81 -0.0304 0.9 5.0 0.44
0.8 1.588 0.934 0.023 13.66 -0.0234 0.9 5.0 0.39
1.0 1.6019999999999999 0.9740000000000001 0.013999999999999999 13.24 -0.0222 0.7 25.0 0.41
1.5 1.538 1.072 -0.009000000000000001 13.64 -0.0108 0.6 1.0 0.28
2.0 1.5530000000000002 1.044 0.002 13.08 -0.0225 0.9 4.0 0.63
3.0 1.5430000000000001 1.0090000000000001 0.019 13.39 -0.0447 3.4 0.5 1.52
4.0 1.5230000000000001 0.97 0.037000000000000005 13.74 -0.0609 4.1 0.5 1.82
5.0 1.611 0.888 0.07 13.96 -0.0893 4.8 0.5 2.33
6.0 1.65 0.884 0.076 14.19 -0.0911 4.5 0.5 2.31
8.0 1.847 0.929 0.073 14.18 -0.0906 4.0 0.5 2.24
10.0 1.9180000000000001 1.097 0.035 14.06 -0.0582 2.9 0.5 1.64
15.0 2.18 1.3159999999999998 0.008 13.68 -0.0396 1.9 1.0 1.06
