0.015 1.001 2.044 -0.31 11.15 0.2519 0.46% 3.0 0.175%
0.02 1.0090000000000001 0.10300000000000001 0.764 10.78 -1.0613 0.48% 7.0 0.243%
0.03 1.02 0.359 0.205 12.0 -0.051 0.37% 8.0 0.247%
0.04 1.042 0.33 0.239 14.45 -0.0962 0.38% 4.0 0.215%
0.05 1.071 0.353 0.243 12.89 -0.1407 0.39% 0.5 0.163%
0.06 1.109 0.364 0.237 13.54 -0.1349 0.92% 0.5 0.410%
0.08 1.189 0.446 0.192 13.97 -0.1094 2.08% 0.5 0.748%
0.1 1.287 0.507 0.165 13.89 -0.0924 2.37% 0.5 0.921%
0.15 1.518 0.675 0.1 13.99 -0.0555 3.10% 0.5 1.109%
0.2 1.695 0.835 0.052000000000000005 13.62 -0.0364 3.10% 0.5 1.163%
0.3 1.865 1.023 0.005 12.51 -0.0197 2.69% 0.5 1.004%
0.4 1.9080000000000001 1.135 -0.018000000000000002 11.46 -0.0137 2.16% 0.5 0.862%
0.5 1.909 1.189 -0.028999999999999998 9.92 -0.0106 1.88% 0.5 0.773%
0.6 1.889 1.216 -0.035 8.53 -0.0091 2.06% 0.5 0.661%
0.8 1.847 1.226 -0.037000000000000005 7.03 -0.0118 1.46% 0.5 0.517%
1.0 1.8159999999999998 1.204 -0.034 7.47 -0.0114 0.95% 0.5 0.434%
1.5 1.733 1.185 -0.037000000000000005 18.36 0.0106 0.84% 0.5 0.302%
2.0 1.695 1.121 -0.021 8.9 -0.0042 1.01% 0.5 0.349%
3.0 1.617 1.0590000000000002 -0.004 12.21 -0.0146 1.22% 0.5 0.608%
4.0 1.546 1.022 0.009000000000000001 12.92 -0.0258 2.16% 0.5 0.976%
5.0 1.479 1.008 0.015 13.26 -0.031 2.39% 0.5 1.105%
6.0 1.4280000000000002 0.995 0.021 13.23 -0.0371 2.80% 0.5 1.201%
8.0 1.3530000000000002 0.96 0.038 13.5 -0.0547 3.32% 0.5 1.576%
10.0 1.2890000000000001 0.9620000000000001 0.042 13.91 -0.0577 3.62% 0.5 1.627%
15.0 1.1909999999999998 0.9690000000000001 0.052000000000000005 14.48 -0.064 3.95% 1.0 1.757%
