0.015 1.009 0.495 0.141 29.38 -0.2851 0.46% 0.5 0.285% 
0.020 1.027 0.318 0.252 18.88 -0.1913 0.70% 2.0 0.291% 
0.030 1.081 0.344 0.252 13.45 -0.1508 0.69% 0.5 0.281% 
0.040 1.179 0.392 0.216 14.54 -0.1227 1.48% 0.5 0.661% 
0.050 1.313 0.433 0.202 14.23 -0.1149 2.13% 0.5 0.866% 
0.060 1.456 0.508 0.168 14.35 -0.0942 2.10% 0.5 0.898% 
0.080 1.737 0.655 0.111 14.39 -0.0625 1.78% 0.5 0.821% 
0.100 1.950 0.814 0.059 14.51 -0.0408 1.04% 0.5 0.663% 
0.150 2.255 1.040 0.004 13.40 -0.0244 0.38% 2.0 0.170% 
0.200 2.347 1.175 -0.021 12.06 -0.0193 1.56% 0.5 0.858% 
0.300 2.299 1.312 -0.048 9.01 -0.0105 1.23% 0.5 0.433% 
0.400 2.234 1.342 -0.054 8.27 -0.0092 0.89% 0.5 0.466% 
0.500 2.145 1.378 -0.066 22.25 0.0179 1.29% 0.5 0.425% 
0.600 2.088 1.369 -0.066 18.91 0.0152 0.98% 0.5 0.385% 
0.800 1.994 1.341 -0.064 16.54 0.0166 0.42% 3.0 0.230% 
1.000 1.925 1.303 -0.059 16.03 0.0166 0.46% 35.0 0.239% 
1.500 1.814 1.211 -0.043 16.27 0.0125 0.33% 0.5 0.162% 
2.000 1.749 1.147 -0.030 15.16 0.0065 0.40% 40.0 0.134% 
3.000 1.657 1.052 -0.006 11.62 -0.0089 0.78% 1.0 0.355% 
4.000 1.579 1.005 0.007 10.97 -0.0144 0.69% 1.0 0.405% 
5.000 1.513 0.978 0.015 13.38 -0.0213 1.67% 0.5 0.742% 
6.000 1.461 0.966 0.019 13.70 -0.0235 2.12% 0.5 0.812% 
8.000 1.380 0.938 0.030 13.39 -0.0333 2.13% 0.5 1.040% 
10.000 1.321 0.919 0.039 13.42 -0.0414 2.15% 1.0 1.040% 
15.000 1.244 0.842 0.072 13.87 -0.0710 3.00% 3.0 1.737% 
