0.015 2.5269999999999997 0.9570000000000001 0.023 12.01 -0.0216 3.01% 0.5 1.237%
0.02 3.8339999999999996 1.517 -0.08900000000000001 16.27 0.03 2.25% 0.5 0.788%
0.03 6.542999999999999 2.464 -0.204 14.71 0.0774 2.52% 25.0 1.471%
0.04 8.672 3.15 -0.26 14.2 0.1068 3.59% 10.0 2.348%
0.05 9.77 3.613 -0.292 14.02 0.1238 4.49% 10.0 2.847%
0.06 9.823 3.9160000000000004 -0.311 13.93 0.1334 4.85% 10.0 3.133%
0.08 8.582 4.2 -0.32799999999999996 14.01 0.1398 4.98% 25.0 3.145%
0.1 7.303 4.252 -0.33299999999999996 14.11 0.1406 4.64% 25.0 2.996%
0.15 4.9830000000000005 4.136 -0.331 14.43 0.1391 4.28% 35.0 2.596%
0.2 4.396 3.877 -0.32299999999999995 14.44 0.1425 4.45% 35.0 2.612%
0.3 3.448 3.4419999999999997 -0.304 14.2 0.1422 4.80% 25.0 2.833%
0.4 3.218 3.0460000000000003 -0.28 14.18 0.137 4.37% 15.0 2.652%
0.5 2.793 2.9339999999999997 -0.281 13.44 0.1494 5.92% 35.0 3.826%
0.6 2.654 2.6719999999999997 -0.261 13.2 0.1435 5.82% 10.0 3.747%
0.8 2.505 2.225 -0.215 13.24 0.1211 6.14% 1.0 3.848%
1.0 2.33 1.9969999999999999 -0.19 12.98 0.1115 7.37% 1.0 4.366%
1.5 2.15 1.5490000000000002 -0.122 13.0 0.0757 6.41% 0.5 3.260%
2.0 2.061 1.284 -0.069 13.26 0.0434 4.27% 0.5 1.857%
3.0 1.8630000000000002 1.087 -0.024 13.06 0.0168 2.95% 0.5 1.072%
4.0 1.74 0.986 0.002 9.42 0.0022 1.59% 0.5 0.593%
5.0 1.641 0.932 0.017 17.21 -0.0085 1.30% 0.5 0.487%
6.0 1.584 0.8859999999999999 0.031 14.51 -0.0159 0.96% 0.5 0.450%
8.0 1.48 0.851 0.040999999999999995 14.63 -0.0207 0.69% 25.0 0.393%
10.0 1.4369999999999998 0.772 0.071 14.24 -0.0469 3.49% 0.5 1.311%
15.0 1.306 0.802 0.057 12.34 -0.0247 0.83% 35.0 0.445%
