0.015 1.037 0.401 0.211 13.33 -0.1332 0.65% 0.5 0.330% 
0.020 1.085 0.439 0.178 14.34 -0.0910 0.72% 0.5 0.379% 
0.030 1.288 0.449 0.189 14.38 -0.1020 1.92% 0.5 0.756% 
0.040 1.617 0.557 0.143 15.17 -0.0757 1.39% 0.5 0.632% 
0.050 2.099 0.633 0.125 14.15 -0.0657 2.77% 0.5 1.542% 
0.060 2.467 0.794 0.071 14.91 -0.0563 2.47% 0.5 1.088% 
0.080 2.950 1.039 0.005 13.70 -0.0201 0.72% 10.0 0.454% 
0.100 3.102 1.229 -0.035 12.29 -0.0037 0.49% 6.0 0.202% 
0.150 3.032 1.454 -0.075 15.08 0.0138 0.73% 10 0.314% 
0.200 2.856 1.537 -0.088 15.99 0.0200 0.78% 4.0 0.411% 
0.300 2.599 1.564 -0.094 15.96 0.0228 0.89% 15.0 0.373% 
0.400 2.437 1.541 -0.093 15.45 0.0236 0.70% 1.0 0.332% 
0.500 2.315 1.505 -0.089 16.00 0.0236 0.64% 15.0 0.284% 
0.600 2.221 1.473 -0.086 15.28 0.0246 0.69% 35.0 0.291% 
0.800 2.100 1.401 -0.076 15.64 0.0233 0.48% 1.0 0.247% 
1.000 2.004 1.350 -0.069 15.69 0.0235 0.70% 15.0 0.330% 
1.500 1.867 1.233 -0.049 14.52 0.0168 0.51% 0.5 0.292% 
2.000 1.787 1.155 -0.033 16.11 0.0108 0.52% 0.5 0.248% 
3.000 1.674 1.064 -0.013 16.49 -0.0022 0.36% 1.0 0.150% 
4.000 1.598 0.997 0.005 13.02 -0.0091 0.80% 0.5 0.382% 
5.000 1.538 0.941 0.024 10.17 -0.0216 0.51% 30.0 0.338% 
6.000 1.484 0.934 0.024 12.01 -0.0192 1.02% 0.5 0.447% 
8.000 1.405 0.902 0.034 13.85 -0.0285 1.06% 1.0 0.684% 
10.000 1.342 0.886 0.041 13.09 -0.0332 1.88% 0.5 0.828% 
15.000 1.253 0.847 0.057 14.24 -0.0511 1.69% 4.0 1.093% 
