0.015 1.018 0.398 0.212 12.01 -0.1279 0.52% 4.0 0.286% 
0.020 1.041 0.432 0.175 13.83 -0.0771 0.45% 0.5 0.249% 
0.030 1.141 0.394 0.213 14.41 -0.1150 0.99% 0.5 0.372% 
0.040 1.314 0.439 0.195 14.43 -0.1084 2.14% 0.5 0.811% 
0.050 1.533 0.520 0.162 14.69 -0.0901 1.72% 0.5 0.773% 
0.060 1.751 0.633 0.117 14.78 -0.0635 0.99% 0.5 0.582% 
0.080 2.204 0.757 0.084 12.94 -0.0516 2.79% 0.5 1.399% 
0.100 2.434 0.940 0.031 14.07 -0.0402 2.70% 0.5 1.169% 
0.150 2.611 1.198 -0.027 11.68 -0.0137 0.82% 0.5 0.496% 
0.200 2.590 1.319 -0.048 9.03 -0.0088 0.68% 3.0 0.383% 
0.300 2.431 1.433 -0.072 19.17 0.0125 1.06% 0.5 0.328% 
0.400 2.325 1.440 -0.075 17.17 0.0139 0.39% 0.5 0.246% 
0.500 2.224 1.433 -0.076 16.31 0.0157 0.70% 0.5 0.250% 
0.600 2.147 1.416 -0.075 16.44 0.0180 0.30% 6.0 0.153% 
0.800 2.035 1.375 -0.071 15.64 0.0205 0.67% 0.5 0.226% 
1.000 1.959 1.323 -0.063 17.02 0.0204 0.37% 15.0 0.165% 
1.500 1.834 1.226 -0.047 15.36 0.0155 0.37% 10.0 0.184% 
2.000 1.763 1.156 -0.033 14.97 0.0099 0.40% 0.5 0.190% 
3.000 1.664 1.059 -0.010 13.40 -0.0030 0.36% 1.0 0.231% 
4.000 1.590 1.003 0.005 15.05 -0.0156 0.74% 4.0 0.419% 
5.000 1.521 0.968 0.016 11.99 -0.0176 1.30% 0.5 0.503% 
6.000 1.470 0.958 0.018 14.30 -0.0190 1.73% 0.5 0.742% 
8.000 1.389 0.928 0.029 13.67 -0.0279 1.71% 0.5 0.840% 
10.000 1.330 0.907 0.038 13.34 -0.0349 1.67% 0.5 0.890% 
15.000 1.235 0.879 0.053 13.06 -0.0508 2.40% 0.5 1.027% 
