0.015 1.7280000000000002 0.6829999999999999 0.095 15.02 -0.046 1.78% 0.5 0.740%
0.02 2.6289999999999996 0.9590000000000001 0.021 13.74 -0.0179 2.87% 0.5 1.125%
0.03 4.699 1.665 -0.11699999999999999 14.48 0.0497 1.44% 35.0 0.854%
0.04 6.906000000000001 2.2430000000000003 -0.184 14.61 0.0788 2.32% 35.0 1.257%
0.05 8.247 2.657 -0.223 14.47 0.0972 2.83% 25.0 1.611%
0.06 8.58 2.947 -0.247 14.36 0.108 3.27% 15.0 1.842%
0.08 8.089 3.17 -0.262 14.66 0.1119 2.83% 15.0 1.645%
0.1 8.262 2.951 -0.23800000000000002 16.05 0.0956 1.77% 3.0 1.043%
0.15 5.943 3.0810000000000004 -0.256 15.38 0.1057 0.00% 0.0 0.000%
0.2 3.927 3.222 -0.27899999999999997 14.14 0.1225 3.73% 15.0 2.159%
0.3 3.156 2.928 -0.265 13.98 0.127 5.20% 1.0 2.668%
0.4 2.862 2.63 -0.245 12.58 0.1109 3.08% 10.0 2.092%
0.5 2.679 2.375 -0.222 12.68 0.1043 3.44% 1.0 2.261%
0.6 2.5469999999999997 2.161 -0.198 13.69 0.102 4.06% 10.0 2.710%
0.8 2.359 1.8940000000000001 -0.16699999999999998 13.38 0.0876 4.38% 1.0 2.824%
1.0 2.258 1.6740000000000002 -0.135 13.53 0.0718 3.65% 0.5 2.392%
1.5 2.075 1.3719999999999999 -0.083 13.78 0.047 3.29% 0.5 1.539%
2.0 1.955 1.213 -0.05 14.44 0.0278 2.86% 0.5 1.202%
3.0 1.785 1.069 -0.018000000000000002 12.74 0.0106 1.82% 0.5 0.638%
4.0 1.6840000000000002 0.978 0.006 17.12 -0.0045 1.07% 0.5 0.342%
5.0 1.599 0.9329999999999999 0.018000000000000002 14.95 -0.0099 0.70% 2.0 0.275%
6.0 1.541 0.904 0.026000000000000002 14.92 -0.0142 0.58% 1.0 0.260%
8.0 1.4469999999999998 0.873 0.035 14.16 -0.02 0.75% 35.0 0.332%
10.0 1.383 0.853 0.040999999999999995 13.43 -0.0179 0.79% 0.5 0.369%
15.0 1.286 0.83 0.048 14.0 -0.0243 1.08% 1.0 0.469%
