0.015 1.052 0.379 0.223 11.69 -0.1146 0.66% 0.5 0.279%
0.02 1.122 0.39799999999999996 0.212 13.54 -0.114 1.20% 0.5 0.432%
0.03 1.3880000000000001 0.48 0.17600000000000002 14.6 -0.0921 1.99% 0.5 0.765%
0.04 1.7790000000000001 0.662 0.099 16.41 -0.0479 2.05% 2.0 0.747%
0.05 2.394 0.74 0.087 14.31 -0.0552 2.23% 0.5 1.153%
0.06 2.8360000000000003 0.91 0.038 13.27 -0.0339 1.23% 0.5 0.609%
0.08 3.3 1.183 -0.027999999999999997 13.57 -0.0025 0.30% 1.0 0.141%
0.1 3.388 1.368 -0.062 14.35 0.0115 0.83% 4.0 0.394%
0.15 3.19 1.575 -0.095 14.71 0.026 0.95% 1.0 0.621%
0.2 2.968 1.6269999999999998 -0.10300000000000001 14.63 0.0281 0.95% 1.0 0.550%
0.3 2.658 1.633 -0.106 14.12 0.0279 0.73% 25.0 0.485%
0.4 2.481 1.587 -0.10099999999999999 15.09 0.0285 0.98% 15.0 0.559%
0.5 2.35 1.548 -0.098 14.86 0.0307 1.02% 25.0 0.542%
0.6 2.253 1.4980000000000002 -0.09 15.42 0.0264 0.89% 0.5 0.496%
0.8 2.117 1.421 -0.08 15.18 0.025 0.89% 25.0 0.464%
1.0 2.023 1.3559999999999999 -0.07 15.7 0.0234 0.65% 1.0 0.346%
1.5 1.879 1.234 -0.049 15.21 0.0168 0.91% 0.5 0.331%
2.0 1.795 1.1540000000000001 -0.034 14.43 0.0122 0.80% 0.5 0.332%
3.0 1.6840000000000002 1.056 -0.011000000000000001 10.47 0.0009 0.50% 0.5 0.214%
4.0 1.6059999999999999 0.992 0.006 12.86 -0.0089 0.54% 3.0 0.326%
5.0 1.536 0.956 0.016 15.2 -0.0205 0.70% 25.0 0.383%
6.0 1.494 0.914 0.031 11.38 -0.0247 0.54% 8.0 0.345%
8.0 1.406 0.902 0.033 13.53 -0.026 0.99% 1.0 0.657%
10.0 1.347 0.8759999999999999 0.043 13.19 -0.0335 1.62% 0.5 0.735%
15.0 1.263 0.823 0.064 14.35 -0.0562 1.79% 3.0 1.064%
