0.015 1.002 0.317 0.228 33.67 -0.4556 0.1 2.0 0.03
0.02 1.003 0.46799999999999997 0.13699999999999998 25.3 -0.082 0.1 3.0 0.03
0.03 1.0070000000000001 0.322 0.24600000000000002 13.67 -0.103 0.0 0.5 0.02
0.04 1.014 0.317 0.245 14.95 -0.0867 0.1 0.5 0.04
0.05 1.023 0.312 0.252 14.17 -0.1005 0.1 0.5 0.04
0.06 1.033 0.32 0.26 13.89 -0.1223 0.1 4.0 0.06
0.08 1.058 0.36200000000000004 0.233 13.91 -0.1127 0.2 0.5 0.12
0.1 1.93 1.499 0.061 29.65 -0.1162 10.1 40.0 4.37
0.15 1.402 0.35200000000000004 0.26899999999999996 17.09 -0.0247 1.1 0.5 0.58
0.2 1.2009999999999998 0.158 0.426 14.12 -0.1873 0.3 10.0 0.2
0.3 1.148 0.42200000000000004 0.203 13.49 -0.1013 0.8 0.5 0.36
0.4 1.187 0.562 0.13699999999999998 14.19 -0.0706 0.6 0.5 0.35
0.5 1.2329999999999999 0.634 0.109 14.2 -0.0556 0.6 0.5 0.38
0.6 1.2690000000000001 0.685 0.08900000000000001 13.78 -0.044 0.6 1.0 0.36
0.8 1.329 0.759 0.065 13.69 -0.0317 0.8 1.0 0.39
1.0 1.367 0.8109999999999999 0.051 13.67 -0.0283 0.8 1.0 0.42
1.5 1.369 0.9420000000000001 0.02 14.65 -0.0207 0.9 1.0 0.34
2.0 1.3840000000000001 0.98 0.013999999999999999 13.51 -0.0216 1.7 0.5 0.68
3.0 1.367 1.006 0.017 13.33 -0.0377 3.4 0.5 1.3
4.0 1.337 1.0090000000000001 0.024 14.15 -0.0455 3.7 0.5 1.46
5.0 1.36 0.9570000000000001 0.049 14.04 -0.0683 5.4 0.5 2.12
6.0 1.3630000000000002 0.965 0.054000000000000006 14.21 -0.0716 5.7 0.5 2.21
8.0 1.4409999999999998 0.9940000000000001 0.061 14.18 -0.08 5.8 0.5 2.45
10.0 1.464 1.148 0.032 14.08 -0.0554 4.1 0.5 1.73
15.0 1.5730000000000002 1.337 0.016 13.54 -0.0463 3.5 0.5 1.76
