0.015 1.002 0.317 0.228 33.67 -0.4556 0.1 2 0.03 
0.02 1.003 0.468 0.137 25.30 -0.0820 0.1 3 0.03 
0.03 1.007 0.322 0.246 13.67 -0.1030 0.0 0.5 0.02 
0.04 1.014 0.317 0.245 14.95 -0.0867 0.1 0.5 0.04 
0.05 1.023 0.312 0.252 14.17 -0.1005 0.1 0.5 0.04 
0.06 1.033 0.320 0.260 13.89 -0.1223 0.1 4 0.06 
0.08 1.058 0.362 0.233 13.91 -0.1127 0.2 0.5 0.12 
0.088 1.067 0.382 0.220 14.14 -0.1048 0.3 0.5 0.15 
0.089 2.368 1.580 0.075 12.44 -0.0635 14.1 3 6.38 
0.09 2.187 1.693 0.050 18.21 -0.0415 9.4 20 5.51 
0.1 1.930 1.499 0.061 29.65 -0.1162 10.1 40 4.37 
0.11 1.821 1.196 0.102 16.64 -0.0756 5.5 4 2.72 
0.12 1.644 0.970 0.136 16.10 -0.1135 3.6 1 1.90 
0.13 1.540 0.718 0.194 15.69 -0.1685 2.7 1 1.60 
0.14 1.472 0.479 0.273 16.50 -0.2153 1.7 35 1.05 
0.15 1.402 0.352 0.269 17.09 -0.0247 1.1 0.5 0.58 
0.16 1.334 0.329 0.145 11.38 -0.0643 0.2 30 0.10 
0.2 1.201 0.158 0.426 14.12 -0.1873 0.3 10 0.20 
0.3 1.148 0.422 0.203 13.49 -0.1013 0.8 0.5 0.36 
0.4 1.187 0.562 0.137 14.19 -0.0706 0.6 0.5 0.35 
0.5 1.233 0.634 0.109 14.20 -0.0556 0.6 0.5 0.38 
0.6 1.269 0.685 0.089 13.78 -0.0440 0.6 1 0.36 
0.8 1.329 0.759 0.065 13.69 -0.0317 0.8 1 0.39 
1.0 1.367 0.811 0.051 13.67 -0.0283 0.8 1 0.42 
1.5 1.369 0.942 0.020 14.65 -0.0207 0.9 1 0.34 
2.0 1.384 0.980 0.014 13.51 -0.0216 1.7 0.5 0.68 
3.0 1.367 1.006 0.017 13.33 -0.0377 3.4 0.5 1.30 
4.0 1.337 1.009 0.024 14.15 -0.0455 3.7 0.5 1.46 
5.0 1.360 0.957 0.049 14.04 -0.0683 5.4 0.5 2.12 
6.0 1.363 0.965 0.054 14.21 -0.0716 5.7 0.5 2.21 
8.0 1.441 0.994 0.061 14.18 -0.0800 5.8 0.5 2.45 
10.0 1.464 1.148 0.032 14.08 -0.0554 4.1 0.5 1.73 
15.0 1.573 1.337 0.016 13.54 -0.0463 3.5 0.5 1.76 
