0.015 1.004 1.561 -0.554 5.60 0.3524 0.40% 1.0 0.129% 
0.020 1.012 0.130 0.620 11.39 -0.6162 0.43% 2.0 0.219% 
0.030 1.028 0.374 0.190 29.34 -0.3170 0.65% 3.0 0.281% 
0.040 1.058 0.336 0.248 11.65 -0.1188 0.50% 7.0 0.238% 
0.050 1.099 0.366 0.232 14.01 -0.1354 0.65% 3.0 0.343% 
0.060 1.148 0.405 0.208 14.17 -0.1142 1.53% 0.5 0.577% 
0.080 1.267 0.470 0.180 14.48 -0.0974 2.32% 0.5 0.892% 
0.100 1.389 0.557 0.144 14.11 -0.0791 2.58% 0.5 1.040% 
0.150 1.660 0.743 0.079 14.12 -0.0476 2.93% 0.5 1.143% 
0.200 1.839 0.911 0.034 13.23 -0.0334 2.60% 0.5 1.169% 
0.300 1.973 1.095 -0.009 11.86 -0.0183 2.34% 0.5 0.955% 
0.400 1.992 1.187 -0.027 10.72 -0.0140 1.84% 0.5 0.777%
0.500 1.967 1.240 -0.039 8.34 -0.0074 1.74% 0.5 0.660% 
0.600 1.947 1.247 -0.040 8.20 -0.0096 1.09% 0.5 0.512% 
0.800 1.906 1.233 -0.038 7.93 -0.0110 1.15% 2.0 0.516% 
1.000 1.841 1.250 -0.048 19.49 0.0140 1.16% 0.5 0.400% 
1.500 1.750 1.197 -0.040 15.90 0.0110 1.05% 0.5 0.318% 
2.000 1.712 1.123 -0.021 7.97 -0.0057 0.42% 0.5 0.250% 
3.000 1.627 1.059 -0.005 11.99 -0.0132 0.85% 0.5 0.507% 
4.000 1.553 1.026 0.005 12.93 -0.0191 1.93% 0.5 0.791% 
5.000 1.483 1.009 0.012 13.12 -0.0258 2.24% 0.5 0.939% 
6.000 1.442 0.980 0.023 13.37 -0.0355 2.16% 0.5 1.120% 
8.000 1.354 0.974 0.029 13.65 -0.0424 3.36% 0.5 1.370% 
10.000 1.297 0.949 0.042 13.97 -0.0561 3.23% 0.5 1.500% 
15.000 1.199 0.957 0.049 14.37 -0.0594 3.38% 0.5 1.553% 
