0.015 1.007 0.596 0.021 7.03 0.1290 0.60% 0.5 0.287% 
0.020 1.016 0.441 0.180 10.89 -0.0845 0.39% 1.0 0.262% 
0.030 1.057 0.372 0.226 11.52 -0.1182 0.64% 3.0 0.277% 
0.040 1.129 0.364 0.234 14.07 -0.1357 0.66% 3.0 0.344% 
0.050 1.226 0.405 0.213 14.14 -0.1172 1.55% 0.5 0.669% 
0.060 1.335 0.456 0.192 14.25 -0.1107 2.01% 0.5 0.871% 
0.080 1.564 0.574 0.142 14.35 -0.0801 2.38% 0.5 1.070% 
0.100 1.760 0.708 0.093 14.30 -0.0580 2.82% 0.5 1.112% 
0.150 2.062 0.949 0.024 13.69 -0.0280 1.90% 0.5 0.795% 
0.200 2.175 1.118 -0.012 12.58 -0.0188 1.88% 0.5 0.799% 
0.300 2.204 1.257 -0.039 10.26 -0.0113 1.04% 0.5 0.521% 
0.400 2.172 1.299 -0.047 9.76 -0.0090 1.09% 0.5 0.558% 
0.500 2.128 1.304 -0.048 8.71 -0.0108 1.16% 2.0 0.562% 
0.600 2.058 1.333 -0.059 23.64 0.0150 1.03% 3.0 0.523% 
0.800 1.963 1.322 -0.060 18.99 0.0166 1.17% 0.5 0.369% 
1.000 1.904 1.289 -0.056 17.12 0.0159 0.77% 0.5 0.307% 
1.500 1.796 1.210 -0.043 15.77 0.0128 0.33% 8.0 0.167%
2.000 1.737 1.148 -0.030 17.57 0.0079 0.45% 0.5 0.224% 
3.000 1.640 1.070 -0.011 13.24 -0.0067 0.66% 40.0 0.317% 
4.000 1.574 1.009 0.007 12.05 -0.0167 1.03% 0.5 0.579% 
5.000 1.508 0.983 0.015 13.21 -0.0231 1.12% 0.5 0.665% 
6.000 1.459 0.962 0.023 13.19 -0.0303 2.17% 0.5 0.918% 
8.000 1.376 0.943 0.031 13.52 -0.0363 2.31% 0.5 1.091% 
10.000 1.313 0.934 0.037 13.60 -0.0424 2.51% 0.5 1.147% 
15.000 1.219 0.916 0.050 13.91 -0.0551 2.48% 1.0 1.277% 
