0.015 1.017 0.293 0.325 10.44 -0.2521 0.43% 6.0 0.245% 
0.020 1.039 0.340 0.228 27.88 -0.3834 0.52% 8.0 0.264% 
0.030 1.115 0.387 0.215 13.89 -0.1155 0.73% 3.0 0.396% 
0.040 1.257 0.418 0.204 14.60 -0.1126 1.66% 0.5 0.686% 
0.050 1.440 0.487 0.176 14.61 -0.0988 1.89% 0.5 0.786% 
0.060 1.635 0.576 0.140 14.63 -0.0781 1.54% 0.5 0.786% 
0.080 1.965 0.763 0.074 14.91 -0.0445 3.72% 0.5 1.329% 
0.100 2.276 0.868 0.051 12.99 -0.0441 2.56% 0.5 1.275% 
0.150 2.492 1.133 -0.014 12.60 -0.0196 1.66% 0.5 0.723% 
0.200 2.500 1.269 -0.039 10.97 -0.0123 1.14% 0.5 0.506% 
0.300 2.407 1.364 -0.056 7.84 -0.0099 0.66% 35.0 0.375% 
0.400 2.285 1.417 -0.071 20.45 0.0155 0.70% 0.5 0.306% 
0.500 2.201 1.415 -0.073 16.28 0.0148 0.58% 0.5 0.318% 
0.600 2.135 1.392 -0.070 18.06 0.0158 0.44% 3.0 0.269% 
0.800 2.029 1.353 -0.066 16.59 0.0166 0.28% 3.0 0.156% 
1.000 1.951 1.313 -0.061 15.85 0.0173 0.32% 40.0 0.175% 
1.500 1.832 1.215 -0.044 16.11 0.0131 0.34% 8.0 0.158% 
2.000 1.761 1.149 -0.031 15.18 0.0082 0.39% 0.5 0.167% 
3.000 1.660 1.059 -0.009 10.21 -0.0054 0.60% 1.0 0.248% 
4.000 1.587 0.995 0.010 10.20 -0.0171 0.54% 4.0 0.300% 
5.000 1.515 0.979 0.013 12.27 -0.0161 1.61% 0.5 0.605% 
6.000 1.468 0.957 0.020 13.46 -0.0224 1.80% 0.5 0.742% 
8.000 1.388 0.927 0.031 13.43 -0.0316 1.74% 0.5 0.901% 
10.000 1.325 0.919 0.035 13.72 -0.0335 1.94% 0.5 0.975% 
15.000 1.228 0.898 0.048 13.24 -0.0471 2.78% 0.5 1.079% 
