0.015 1.005 0.420 0.170 18.40 -0.0827 0.1 5 0.02 
0.02 1.011 0.389 0.192 14.26 -0.0695 0.1 6 0.03 
0.029 1.030 0.333 0.239 14.11 -0.0965 0.1 2 0.04 
0.03 2.897 1.873 0.040 10.77 -0.0311 11.3 3 5.00 
0.035 3.281 1.569 0.061 14.08 -0.0411 13.8 40 7.28 
0.04 3.574 1.221 0.097 26.32 -0.1252 8.8 3 4.32 
0.045 3.498 0.863 0.159 17.41 -0.1220 3.4 4 2.00 
0.05 3.487 0.491 0.280 16.80 -0.2372 2.3 0.5 1.21 
0.055 3.212 0.321 0.232 14.20 0.1250 2.2 0.5 1.39 
0.06 2.945 0.234 -0.028 5.00 -0.0557 0.6 40 0.36 
0.08 1.808 0.017 0.811 15.45 -0.1526 1.1 1 0.36 
0.09 1.542 0.032 0.775 14.12 -0.2754 1.6 0.5 0.60 
0.1 1.396 0.056 0.688 13.79 -0.3221 1.7 2 0.77 
0.15 1.219 0.326 0.279 13.95 -0.1554 1.4 0.5 0.60 
0.2 1.261 0.500 0.171 14.62 -0.0918 1.1 0.5 0.48 
0.3 1.405 0.647 0.106 14.23 -0.0501 0.8 5 0.39 
0.4 1.531 0.788 0.065 14.14 -0.0424 0.9 5 0.48 
0.5 1.610 0.871 0.043 14.06 -0.0355 1.0 5 0.48 
0.6 1.645 0.935 0.024 14.02 -0.0249 0.9 5 0.43 
0.8 1.683 0.999 0.008 14.09 -0.0183 1.0 5 0.39 
1.0 1.685 1.029 0.001 13.43 -0.0162 0.9 5 0.36 
1.5 1.570 1.122 -0.021 14.30 -0.0045 0.9 0.5 0.35 
2.0 1.556 1.108 -0.016 13.10 -0.0087 0.8 1 0.35 
3.0 1.523 1.058 0.004 12.99 -0.0331 2.2 0.5 1.15 
4.0 1.470 1.035 0.016 13.43 -0.0449 3.4 0.5 1.52 
5.0 1.490 0.957 0.046 13.69 -0.0729 4.3 0.5 2.16 
6.0 1.479 0.933 0.059 13.92 -0.0842 4.5 0.5 2.33 
8.0 1.525 0.913 0.076 14.16 -0.0983 4.7 1 2.54 
10.0 1.504 1.033 0.048 14.18 -0.0710 4.1 1 2.08 
15.0 1.592 1.207 0.026 13.91 -0.0566 3.6 1 1.67 
