0.015 1.002 0.317 0.228 33.67 -0.4556 0.1 2.0 0.03
0.02 1.003 0.46799999999999997 0.13699999999999998 25.3 -0.082 0.1 3.0 0.03
0.03 1.0090000000000001 0.38799999999999996 0.187 19.12 -0.0843 0.1 1.0 0.03
0.04 1.0190000000000001 0.32 0.251 13.89 -0.1026 0.1 1.0 0.04
0.05 1.033 0.299 0.264 13.96 -0.1066 0.1 7.0 0.05
0.06 1.048 0.314 0.257 14.2 -0.11 0.1 35.0 0.09
0.08 2.238 1.442 0.079 17.8 -0.0858 10.9 25.0 6.25
0.1 1.764 0.867 0.16 15.88 -0.1366 2.9 4.0 1.75
0.15 1.253 0.145 0.353 15.12 -0.0845 0.4 0.5 0.15
0.2 1.155 0.248 0.34700000000000003 13.68 -0.1966 0.9 0.5 0.47
0.3 1.17 0.48700000000000004 0.168 13.62 -0.0812 0.6 0.5 0.33
0.4 1.234 0.601 0.12300000000000001 14.14 -0.0647 0.6 25.0 0.38
0.5 1.2930000000000001 0.672 0.098 14.13 -0.0532 0.6 25.0 0.4
0.6 1.338 0.722 0.08 13.69 -0.0438 0.7 5.0 0.42
0.8 1.402 0.797 0.057 13.71 -0.0334 0.7 25.0 0.41
1.0 1.436 0.853 0.042 13.34 -0.0285 0.8 5.0 0.43
1.5 1.421 0.977 0.013000000000000001 14.3 -0.0205 0.5 4.0 0.26
2.0 1.4280000000000002 1.012 0.006999999999999999 13.4 -0.02 1.3 0.5 0.67
3.0 1.406 1.023 0.013999999999999999 13.42 -0.0385 3.3 0.5 1.35
4.0 1.3630000000000002 1.037 0.018000000000000002 13.72 -0.0437 4.2 0.5 1.56
5.0 1.393 0.9640000000000001 0.049 13.94 -0.0723 5.4 0.5 2.25
6.0 1.3969999999999998 0.963 0.055999999999999994 14.34 -0.0769 5.5 0.5 2.37
8.0 1.465 0.99 0.063 14.15 -0.0848 5.8 0.5 2.58
10.0 1.475 1.151 0.031 14.1 -0.0561 4.5 0.5 1.89
15.0 1.589 1.335 0.016 13.6 -0.0494 3.4 0.5 1.71
