0.015 1.386 0.539 0.146 14.31 -0.0718 1.81% 0.5 0.692% 
0.020 1.877 0.732 0.079 16.57 -0.0395 0.77% 0.5 0.411% 
0.030 3.511 1.153 -0.027 12.82 0.0087 0.84% 2.0 0.399% 
0.040 5.260 1.745 -0.129 13.91 0.0571 2.28% 35.0 1.397% 
0.050 6.706 2.108 -0.170 14.34 0.0735 2.96% 2.0 1.506% 
0.060 7.209 2.383 -0.198 14.53 0.0878 2.66% 15.0 1.551% 
0.080 6.765 2.691 -0.227 14.44 0.0998 3.28% 15.0 1.834% 
0.100 5.890 2.824 -0.239 14.40 0.1046 3.32% 15.0 1.784% 
0.150 4.381 2.866 -0.246 14.14 0.1067 3.22% 15.0 1.856% 
0.200 3.750 2.698 -0.233 15.08 0.1060 4.12% 35.0 2.212% 
0.300 3.147 2.413 -0.211 14.41 0.0944 4.33% 3.0 1.973% 
0.400 2.843 2.197 -0.192 13.47 0.0805 3.04% 2.0 1.664% 
0.500 2.657 2.011 -0.171 14.19 0.0795 4.22% 2.0 1.885% 
0.600 2.543 1.851 -0.151 13.60 0.0610 4.40% 2.0 1.971% 
0.800 2.312 1.691 -0.133 13.80 0.0643 2.76% 1.0 1.814% 
1.000 2.192 1.544 -0.110 13.78 0.0533 2.91% 1.0 1.654% 
1.500 2.011 1.311 -0.069 13.69 0.0332 2.47% 0.5 1.140% 
2.000 1.898 1.192 -0.044 13.99 0.0206 1.85% 0.5 0.739% 
3.000 1.752 1.058 -0.014 11.98 0.0060 1.47% 0.5 0.468% 
4.000 1.653 0.986 0.004 25.64 -0.0080 0.60% 0.5 0.302% 
5.000 1.575 0.939 0.017 14.50 -0.0109 0.85% 35.0 0.313% 
6.000 1.525 0.908 0.026 14.36 -0.0149 0.97% 1.0 0.380% 
8.000 1.440 0.868 0.038 17.08 -0.0351 0.69% 1.0 0.402% 
10.000 1.373 0.855 0.042 12.35 -0.0208 0.63% 4.0 0.351% 
15.000 1.276 0.841 0.046 15.27 -0.0296 1.29% 0.5 0.614% 
