0.015 1.0170000000000001 0.293 0.325 10.44 -0.2521 0.43% 6.0 0.245%
0.02 1.0390000000000001 0.34 0.228 27.88 -0.3834 0.52% 8.0 0.264%
0.03 1.115 0.387 0.215 13.89 -0.1155 0.73% 3.0 0.396%
0.04 1.2570000000000001 0.418 0.204 14.6 -0.1126 1.66% 0.5 0.686%
0.05 1.44 0.48700000000000004 0.17600000000000002 14.61 -0.0988 1.89% 0.5 0.786%
0.06 1.635 0.5760000000000001 0.14 14.63 -0.0781 1.54% 0.5 0.786%
0.08 1.965 0.763 0.07400000000000001 14.91 -0.0445 3.72% 0.5 1.329%
0.1 2.276 0.868 0.051 12.99 -0.0441 2.56% 0.5 1.275%
0.15 2.492 1.133 -0.013999999999999999 12.6 -0.0196 1.66% 0.5 0.723%
0.2 2.5 1.2690000000000001 -0.039 10.97 -0.0123 1.14% 0.5 0.506%
0.3 2.407 1.364 -0.055999999999999994 7.84 -0.0099 0.66% 35.0 0.375%
0.4 2.285 1.4169999999999998 -0.071 20.45 0.0155 0.70% 0.5 0.306%
0.5 2.201 1.415 -0.073 16.28 0.0148 0.58% 0.5 0.318%
0.6 2.135 1.392 -0.07 18.06 0.0158 0.44% 3.0 0.269%
0.8 2.029 1.3530000000000002 -0.066 16.59 0.0166 0.28% 3.0 0.156%
1.0 1.9509999999999998 1.3130000000000002 -0.061 15.85 0.0173 0.32% 40.0 0.175%
1.5 1.8319999999999999 1.215 -0.044000000000000004 16.11 0.0131 0.34% 8.0 0.158%
2.0 1.761 1.149 -0.031 15.18 0.0082 0.39% 0.5 0.167%
3.0 1.66 1.0590000000000002 -0.009000000000000001 10.21 -0.0054 0.60% 1.0 0.248%
4.0 1.587 0.995 0.01 10.2 -0.0171 0.54% 4.0 0.300%
5.0 1.515 0.9790000000000001 0.013000000000000001 12.27 -0.0161 1.61% 0.5 0.605%
6.0 1.4680000000000002 0.9570000000000001 0.02 13.46 -0.0224 1.80% 0.5 0.742%
8.0 1.3880000000000001 0.927 0.031 13.43 -0.0316 1.74% 0.5 0.901%
10.0 1.325 0.919 0.035 13.72 -0.0335 1.94% 0.5 0.975%
15.0 1.228 0.898 0.048 13.24 -0.0471 2.78% 0.5 1.079%
