1.000000000000000000e+03, 4.890000000000000000e+03, 1.796999999999999931e+00, 2.323000000000000000e+06, 0.000000000000000000e+00, 0.000000000000000000e+00
1.500000000000000000e+03, 4.665000000000000000e+03, 2.895000000000000018e+00, 1.103000000000000000e+06, 0.000000000000000000e+00, 0.000000000000000000e+00
2.000000000000000000e+03, 4.433000000000000000e+03, 3.988999999999999879e+00, 6.038000000000000000e+05, 0.000000000000000000e+00, 0.000000000000000000e+00
3.000000000000000000e+03, 3.978000000000000000e+03, 6.123999999999999666e+00, 2.461000000000000000e+05, 0.000000000000000000e+00, 0.000000000000000000e+00
4.000000000000000000e+03, 3.562000000000000000e+03, 8.115999999999999659e+00, 5.094000000000000000e+05, 0.000000000000000000e+00, 0.000000000000000000e+00
5.000000000000000000e+03, 3.199000000000000000e+03, 9.888999999999999346e+00, 3.249000000000000000e+05, 0.000000000000000000e+00, 0.000000000000000000e+00
6.000000000000000000e+03, 2.885000000000000000e+03, 1.147000000000000064e+01, 2.078000000000000000e+05, 0.000000000000000000e+00, 0.000000000000000000e+00
8.000000000000000000e+03, 2.374000000000000000e+03, 1.430000000000000071e+01, 1.015000000000000000e+05, 0.000000000000000000e+00, 0.000000000000000000e+00
1.000000000000000000e+04, 1.982000000000000000e+03, 1.682000000000000028e+01, 5.764000000000000000e+04, 0.000000000000000000e+00, 0.000000000000000000e+00
1.500000000000000000e+04, 1.336000000000000000e+03, 2.178000000000000114e+01, 2.026000000000000000e+04, 0.000000000000000000e+00, 0.000000000000000000e+00
2.000000000000000000e+04, 9.547000000000000455e+02, 2.525000000000000000e+01, 3.741000000000000000e+04, 0.000000000000000000e+00, 0.000000000000000000e+00
3.000000000000000000e+04, 5.617999999999999545e+02, 2.989999999999999858e+01, 1.316000000000000000e+04, 0.000000000000000000e+00, 0.000000000000000000e+00
4.000000000000000000e+04, 3.773999999999999773e+02, 3.275999999999999801e+01, 6.157000000000000000e+03, 0.000000000000000000e+00, 0.000000000000000000e+00
5.000000000000000000e+04, 2.706999999999999886e+02, 3.449000000000000199e+01, 3.392000000000000000e+03, 0.000000000000000000e+00, 0.000000000000000000e+00
6.000000000000000000e+04, 2.030999999999999943e+02, 3.547999999999999687e+01, 2.076000000000000000e+03, 0.000000000000000000e+00, 0.000000000000000000e+00
8.000000000000000000e+04, 1.275999999999999943e+02, 3.622999999999999687e+01, 9.512999999999999545e+02, 0.000000000000000000e+00, 0.000000000000000000e+00
1.000000000000000000e+05, 8.840999999999999659e+01, 3.617999999999999972e+01, 5.178999999999999773e+02, 0.000000000000000000e+00, 0.000000000000000000e+00
1.500000000000000000e+05, 4.395000000000000284e+01, 3.478000000000000114e+01, 8.052999999999999545e+02, 0.000000000000000000e+00, 0.000000000000000000e+00
2.000000000000000000e+05, 2.628000000000000114e+01, 3.293999999999999773e+01, 3.805000000000000000e+02, 0.000000000000000000e+00, 0.000000000000000000e+00
3.000000000000000000e+05, 1.258999999999999986e+01, 2.957000000000000028e+01, 1.340999999999999943e+02, 0.000000000000000000e+00, 0.000000000000000000e+00
4.000000000000000000e+05, 7.386000000000000121e+00, 2.692000000000000171e+01, 6.562000000000000455e+01, 0.000000000000000000e+00, 0.000000000000000000e+00
5.000000000000000000e+05, 4.849999999999999645e+00, 2.480999999999999872e+01, 3.854999999999999716e+01, 0.000000000000000000e+00, 0.000000000000000000e+00
6.000000000000000000e+05, 3.426000000000000156e+00, 2.308999999999999986e+01, 2.537999999999999901e+01, 0.000000000000000000e+00, 0.000000000000000000e+00
8.000000000000000000e+05, 1.969000000000000083e+00, 2.042000000000000171e+01, 1.356000000000000050e+01, 0.000000000000000000e+00, 0.000000000000000000e+00
1.000000000000000000e+06, 1.276999999999999913e+00, 1.842999999999999972e+01, 8.573000000000000398e+00, 0.000000000000000000e+00, 0.000000000000000000e+00
1.022000000000000000e+06, 1.223000000000000087e+00, 1.823999999999999844e+01, 8.208999999999999631e+00, 0.000000000000000000e+00, 0.000000000000000000e+00
1.250000000000000000e+06, 8.253000000000000336e-01, 1.651999999999999957e+01, 5.544999999999999929e+00, 1.570999999999999897e-01, 0.000000000000000000e+00
1.500000000000000000e+06, 5.767999999999999794e-01, 1.503999999999999915e+01, 3.943999999999999950e+00, 7.642999999999999794e-01, 0.000000000000000000e+00
2.000000000000000000e+06, 3.267999999999999794e-01, 1.285999999999999943e+01, 2.383000000000000007e+00, 2.262999999999999901e+00, 0.000000000000000000e+00
2.044000000000000000e+06, 3.130999999999999894e-01, 1.269999999999999929e+01, 2.298000000000000043e+00, 2.391999999999999904e+00, 0.000000000000000000e+00
3.000000000000000000e+06, 1.461999999999999966e-01, 1.013000000000000078e+01, 1.243000000000000105e+00, 4.798000000000000043e+00, 3.537999999999999912e-03
4.000000000000000000e+06, 8.240999999999999714e-02, 8.454000000000000625e+00, 8.124000000000000110e-01, 6.790000000000000036e+00, 1.442000000000000053e-02
5.000000000000000000e+06, 5.279999999999999971e-02, 7.304000000000000270e+00, 5.945000000000000284e-01, 8.454000000000000625e+00, 2.867000000000000104e-02
6.000000000000000000e+06, 3.669000000000000039e-02, 6.456999999999999851e+00, 4.652999999999999914e-01, 9.885999999999999233e+00, 4.392999999999999683e-02
7.000000000000000000e+06, 2.697000000000000092e-02, 5.804000000000000270e+00, 3.806999999999999829e-01, 1.115000000000000036e+01, 5.911000000000000282e-02
8.000000000000000000e+06, 2.065000000000000169e-02, 5.283000000000000362e+00, 3.212999999999999745e-01, 1.228999999999999915e+01, 7.376000000000000612e-02
9.000000000000000000e+06, 1.632000000000000117e-02, 4.857000000000000206e+00, 2.775000000000000244e-01, 1.333000000000000007e+01, 8.774999999999999467e-02
1.000000000000000000e+07, 1.322000000000000085e-02, 4.500000000000000000e+00, 2.439999999999999947e-01, 1.428999999999999915e+01, 1.010000000000000064e-01
1.100000000000000000e+07, 1.093000000000000048e-02, 4.197000000000000064e+00, 2.174999999999999989e-01, 1.517999999999999972e+01, 1.135000000000000037e-01
1.200000000000000000e+07, 9.183999999999999456e-03, 3.936999999999999833e+00, 1.960999999999999965e-01, 1.600000000000000000e+01, 1.252999999999999947e-01
1.300000000000000000e+07, 7.825999999999999623e-03, 3.709000000000000075e+00, 1.784999999999999920e-01, 1.678000000000000114e+01, 1.363999999999999935e-01
1.400000000000000000e+07, 6.747999999999999658e-03, 3.508999999999999897e+00, 1.637000000000000122e-01, 1.750000000000000000e+01, 1.469000000000000028e-01
1.500000000000000000e+07, 5.878999999999999677e-03, 3.330999999999999961e+00, 1.512000000000000011e-01, 1.817999999999999972e+01, 1.567999999999999949e-01
1.600000000000000000e+07, 5.166999999999999718e-03, 3.172000000000000153e+00, 1.403999999999999970e-01, 1.880999999999999872e+01, 1.661999999999999866e-01
1.800000000000000000e+07, 4.082999999999999824e-03, 2.899000000000000021e+00, 1.228000000000000064e-01, 1.994999999999999929e+01, 1.836000000000000132e-01
2.000000000000000000e+07, 3.307000000000000044e-03, 2.673999999999999932e+00, 1.091000000000000025e-01, 2.096999999999999886e+01, 1.993999999999999939e-01
2.200000000000000000e+07, 2.733000000000000186e-03, 2.483999999999999986e+00, 9.812999999999999501e-02, 2.189999999999999858e+01, 2.137000000000000011e-01
2.400000000000000000e+07, 2.296999999999999997e-03, 2.321000000000000174e+00, 8.914999999999999314e-02, 2.275000000000000000e+01, 2.268999999999999906e-01
2.600000000000000000e+07, 1.956999999999999972e-03, 2.178999999999999826e+00, 8.167000000000000648e-02, 2.351999999999999957e+01, 2.389999999999999902e-01
2.800000000000000000e+07, 1.686999999999999915e-03, 2.056000000000000050e+00, 7.534000000000000419e-02, 2.423000000000000043e+01, 2.501999999999999780e-01
3.000000000000000000e+07, 1.469999999999999953e-03, 1.947000000000000064e+00, 6.990999999999999992e-02, 2.487999999999999901e+01, 2.605999999999999983e-01
4.000000000000000000e+07, 8.268999999999999875e-04, 1.546999999999999931e+00, 5.138000000000000206e-02, 2.755000000000000071e+01, 3.032000000000000250e-01
5.000000000000000000e+07, 5.291999999999999612e-04, 1.290999999999999925e+00, 4.059000000000000108e-02, 2.953000000000000114e+01, 3.352999999999999869e-01
6.000000000000000000e+07, 3.674999999999999881e-04, 1.112999999999999989e+00, 3.355000000000000343e-02, 3.105999999999999872e+01, 3.603999999999999981e-01
8.000000000000000000e+07, 2.067000000000000098e-04, 8.774999999999999467e-01, 2.489999999999999852e-02, 3.332000000000000028e+01, 3.980000000000000204e-01
1.000000000000000000e+08, 1.322999999999999903e-04, 7.282999999999999474e-01, 1.978999999999999856e-02, 3.490999999999999659e+01, 4.250999999999999779e-01
1.500000000000000000e+08, 5.879999999999999946e-05, 5.187000000000000499e-01, 1.307999999999999961e-02, 3.742000000000000171e+01, 4.693999999999999839e-01
2.000000000000000000e+08, 3.307000000000000017e-05, 4.067000000000000060e-01, 9.769999999999999171e-03, 3.890999999999999659e+01, 4.968000000000000194e-01
3.000000000000000000e+08, 1.469999999999999986e-05, 2.882000000000000117e-01, 6.485000000000000313e-03, 4.064000000000000057e+01, 5.301000000000000156e-01
4.000000000000000000e+08, 8.268999999999999942e-06, 2.257000000000000117e-01, 4.852999999999999675e-03, 4.164000000000000057e+01, 5.500000000000000444e-01
5.000000000000000000e+08, 5.292000000000000324e-06, 1.869000000000000106e-01, 3.877999999999999937e-03, 4.228999999999999915e+01, 5.635000000000000009e-01
6.000000000000000000e+08, 3.674999999999999966e-06, 1.600000000000000033e-01, 3.229000000000000099e-03, 4.275999999999999801e+01, 5.734000000000000208e-01
8.000000000000000000e+08, 2.066999999999999861e-06, 1.250000000000000000e-01, 2.419000000000000143e-03, 4.338000000000000256e+01, 5.869999999999999662e-01
1.000000000000000000e+09, 1.323000000000000081e-06, 1.028000000000000025e-01, 1.933999999999999955e-03, 4.378000000000000114e+01, 5.960999999999999632e-01
1.500000000000000000e+09, 5.880000000000000242e-07, 7.180000000000000271e-02, 1.288000000000000082e-03, 4.435999999999999943e+01, 6.096000000000000307e-01
2.000000000000000000e+09, 3.307000000000000165e-07, 5.557000000000000134e-02, 9.656000000000000520e-04, 4.467999999999999972e+01, 6.171999999999999709e-01
3.000000000000000000e+09, 1.470000000000000061e-07, 3.864000000000000073e-02, 6.434999999999999748e-04, 4.502000000000000313e+01, 6.256000000000000449e-01
4.000000000000000000e+09, 8.268999999999999466e-08, 2.981999999999999929e-02, 4.825000000000000187e-04, 4.520000000000000284e+01, 6.306000000000000494e-01
5.000000000000000000e+09, 5.292000000000000006e-08, 2.437999999999999889e-02, 3.859000000000000017e-04, 4.532000000000000028e+01, 6.336000000000000520e-01
6.000000000000000000e+09, 3.675000000000000151e-08, 2.068000000000000047e-02, 3.216000000000000109e-04, 4.539999999999999858e+01, 6.357000000000000428e-01
8.000000000000000000e+09, 2.066999999999999914e-08, 1.592999999999999972e-02, 2.412000000000000081e-04, 4.550999999999999801e+01, 6.385999999999999455e-01
1.000000000000000000e+10, 1.323000000000000002e-08, 1.301000000000000073e-02, 1.928999999999999996e-04, 4.557000000000000028e+01, 6.403999999999999693e-01
1.500000000000000000e+10, 5.880000000000000374e-09, 8.989000000000000462e-03, 1.286000000000000088e-04, 4.567000000000000171e+01, 6.428000000000000380e-01
2.000000000000000000e+10, 3.306999999999999850e-09, 6.910999999999999609e-03, 9.644999999999999982e-05, 4.571999999999999886e+01, 6.442999999999999838e-01
3.000000000000000000e+10, 1.470000000000000094e-09, 4.766000000000000271e-03, 6.430000000000000440e-05, 4.577000000000000313e+01, 6.455999999999999517e-01
4.000000000000000000e+10, 8.269000000000000086e-10, 3.658999999999999926e-03, 4.822000000000000250e-05, 4.579999999999999716e+01, 6.464999999999999636e-01
5.000000000000000000e+10, 5.291999999999999923e-10, 2.980000000000000010e-03, 3.857999999999999993e-05, 4.581000000000000227e+01, 6.470000000000000195e-01
6.000000000000000000e+10, 3.675000000000000234e-10, 2.518999999999999972e-03, 3.215000000000000220e-05, 4.582000000000000028e+01, 6.473999999999999755e-01
8.000000000000000000e+10, 2.066999999999999945e-10, 1.930999999999999991e-03, 2.411000000000000125e-05, 4.584000000000000341e+01, 6.477000000000000535e-01
1.000000000000000000e+11, 1.322999999999999981e-10, 1.570999999999999914e-03, 1.928999999999999996e-05, 4.585000000000000142e+01, 6.480000000000000204e-01
