1.000000000000000000e+03, 5.996000000000000000e+03, 1.731000000000000094e+00, 3.211000000000000000e+06, 0.000000000000000000e+00, 0.000000000000000000e+00
1.500000000000000000e+03, 5.746000000000000000e+03, 2.887999999999999901e+00, 1.616000000000000000e+06, 0.000000000000000000e+00, 0.000000000000000000e+00
2.000000000000000000e+03, 5.473000000000000000e+03, 4.043000000000000149e+00, 9.174000000000000000e+05, 0.000000000000000000e+00, 0.000000000000000000e+00
3.000000000000000000e+03, 4.923000000000000000e+03, 6.283000000000000362e+00, 3.762000000000000000e+05, 0.000000000000000000e+00, 0.000000000000000000e+00
4.000000000000000000e+03, 4.406000000000000000e+03, 8.355000000000000426e+00, 1.943000000000000000e+05, 0.000000000000000000e+00, 0.000000000000000000e+00
5.000000000000000000e+03, 3.946000000000000000e+03, 1.025000000000000000e+01, 4.291000000000000000e+05, 0.000000000000000000e+00, 0.000000000000000000e+00
6.000000000000000000e+03, 3.549000000000000000e+03, 1.196000000000000085e+01, 2.707000000000000000e+05, 0.000000000000000000e+00, 0.000000000000000000e+00
8.000000000000000000e+03, 2.915000000000000000e+03, 1.501999999999999957e+01, 1.465000000000000000e+05, 0.000000000000000000e+00, 0.000000000000000000e+00
1.000000000000000000e+04, 2.440000000000000000e+03, 1.771000000000000085e+01, 8.384000000000000000e+04, 0.000000000000000000e+00, 0.000000000000000000e+00
1.500000000000000000e+04, 1.666000000000000000e+03, 2.321000000000000085e+01, 2.995000000000000000e+04, 0.000000000000000000e+00, 0.000000000000000000e+00
2.000000000000000000e+04, 1.209000000000000000e+03, 2.714999999999999858e+01, 3.319000000000000000e+04, 0.000000000000000000e+00, 0.000000000000000000e+00
3.000000000000000000e+04, 7.151000000000000227e+02, 3.220000000000000284e+01, 1.905000000000000000e+04, 0.000000000000000000e+00, 0.000000000000000000e+00
4.000000000000000000e+04, 4.796999999999999886e+02, 3.527000000000000313e+01, 9.118000000000000000e+03, 0.000000000000000000e+00, 0.000000000000000000e+00
5.000000000000000000e+04, 3.480000000000000000e+02, 3.720000000000000284e+01, 5.098000000000000000e+03, 0.000000000000000000e+00, 0.000000000000000000e+00
6.000000000000000000e+04, 2.628999999999999773e+02, 3.835999999999999943e+01, 3.155000000000000000e+03, 0.000000000000000000e+00, 0.000000000000000000e+00
8.000000000000000000e+04, 1.653000000000000114e+02, 3.931000000000000227e+01, 1.470000000000000000e+03, 0.000000000000000000e+00, 0.000000000000000000e+00
1.000000000000000000e+05, 1.147000000000000028e+02, 3.934000000000000341e+01, 8.100000000000000000e+02, 0.000000000000000000e+00, 0.000000000000000000e+00
1.500000000000000000e+05, 5.775000000000000000e+01, 3.795000000000000284e+01, 1.123000000000000000e+03, 0.000000000000000000e+00, 0.000000000000000000e+00
2.000000000000000000e+05, 3.465999999999999659e+01, 3.603000000000000114e+01, 5.428999999999999773e+02, 0.000000000000000000e+00, 0.000000000000000000e+00
3.000000000000000000e+05, 1.667000000000000171e+01, 3.243999999999999773e+01, 1.970000000000000000e+02, 0.000000000000000000e+00, 0.000000000000000000e+00
4.000000000000000000e+05, 9.842000000000000526e+00, 2.955999999999999872e+01, 9.831000000000000227e+01, 0.000000000000000000e+00, 0.000000000000000000e+00
5.000000000000000000e+05, 6.495000000000000107e+00, 2.726999999999999957e+01, 5.854999999999999716e+01, 0.000000000000000000e+00, 0.000000000000000000e+00
6.000000000000000000e+05, 4.604000000000000092e+00, 2.539000000000000057e+01, 3.892999999999999972e+01, 0.000000000000000000e+00, 0.000000000000000000e+00
8.000000000000000000e+05, 2.657999999999999918e+00, 2.246999999999999886e+01, 2.103999999999999915e+01, 0.000000000000000000e+00, 0.000000000000000000e+00
1.000000000000000000e+06, 1.729000000000000092e+00, 2.028000000000000114e+01, 1.335999999999999943e+01, 0.000000000000000000e+00, 0.000000000000000000e+00
1.022000000000000000e+06, 1.657000000000000028e+00, 2.007000000000000028e+01, 1.280000000000000071e+01, 0.000000000000000000e+00, 0.000000000000000000e+00
1.250000000000000000e+06, 1.120999999999999996e+00, 1.819000000000000128e+01, 8.660999999999999588e+00, 2.003000000000000058e-01, 0.000000000000000000e+00
1.500000000000000000e+06, 7.848000000000000531e-01, 1.655999999999999872e+01, 6.155000000000000249e+00, 1.008999999999999897e+00, 0.000000000000000000e+00
2.000000000000000000e+06, 4.459000000000000186e-01, 1.416000000000000014e+01, 3.716000000000000192e+00, 2.919000000000000039e+00, 0.000000000000000000e+00
2.044000000000000000e+06, 4.270999999999999797e-01, 1.399000000000000021e+01, 3.581999999999999851e+00, 3.076999999999999957e+00, 0.000000000000000000e+00
3.000000000000000000e+06, 1.998999999999999944e-01, 1.116000000000000014e+01, 1.933000000000000052e+00, 5.934999999999999609e+00, 3.897999999999999989e-03
4.000000000000000000e+06, 1.127999999999999975e-01, 9.317000000000000171e+00, 1.260000000000000009e+00, 8.214000000000000412e+00, 1.587999999999999828e-02
5.000000000000000000e+06, 7.235999999999999377e-02, 8.050000000000000711e+00, 9.197999999999999510e-01, 1.010999999999999943e+01, 3.155999999999999778e-02
6.000000000000000000e+06, 5.029999999999999749e-02, 7.116999999999999993e+00, 7.187000000000000055e-01, 1.171000000000000085e+01, 4.836000000000000021e-02
7.000000000000000000e+06, 3.697999999999999898e-02, 6.397000000000000242e+00, 5.872000000000000552e-01, 1.316000000000000014e+01, 6.504999999999999671e-02
8.000000000000000000e+06, 2.833000000000000101e-02, 5.823000000000000398e+00, 4.949999999999999956e-01, 1.447000000000000064e+01, 8.115999999999999603e-02
9.000000000000000000e+06, 2.239000000000000018e-02, 5.352999999999999758e+00, 4.272000000000000242e-01, 1.567999999999999972e+01, 9.653000000000000469e-02
1.000000000000000000e+07, 1.813999999999999987e-02, 4.959999999999999964e+00, 3.751999999999999780e-01, 1.678999999999999915e+01, 1.111000000000000043e-01
1.100000000000000000e+07, 1.498999999999999985e-02, 4.626000000000000334e+00, 3.342999999999999861e-01, 1.782000000000000028e+01, 1.247999999999999943e-01
1.200000000000000000e+07, 1.260000000000000009e-02, 4.339000000000000412e+00, 3.012000000000000233e-01, 1.878999999999999915e+01, 1.376999999999999891e-01
1.300000000000000000e+07, 1.073999999999999955e-02, 4.088000000000000078e+00, 2.740000000000000213e-01, 1.969000000000000128e+01, 1.499000000000000055e-01
1.400000000000000000e+07, 9.258999999999999869e-03, 3.866999999999999993e+00, 2.511999999999999789e-01, 2.053000000000000114e+01, 1.613999999999999879e-01
1.500000000000000000e+07, 8.066000000000000253e-03, 3.672000000000000153e+00, 2.318999999999999950e-01, 2.132000000000000028e+01, 1.723000000000000087e-01
1.600000000000000000e+07, 7.089999999999999948e-03, 3.496999999999999886e+00, 2.152999999999999914e-01, 2.207000000000000028e+01, 1.826000000000000123e-01
1.800000000000000000e+07, 5.602000000000000209e-03, 3.196000000000000174e+00, 1.882000000000000062e-01, 2.341000000000000014e+01, 2.016000000000000014e-01
2.000000000000000000e+07, 4.538000000000000367e-03, 2.947000000000000064e+00, 1.670999999999999985e-01, 2.460999999999999943e+01, 2.189000000000000112e-01
2.200000000000000000e+07, 3.750999999999999994e-03, 2.737999999999999989e+00, 1.502999999999999892e-01, 2.571000000000000085e+01, 2.346000000000000030e-01
2.400000000000000000e+07, 3.151999999999999854e-03, 2.557999999999999829e+00, 1.363999999999999935e-01, 2.671000000000000085e+01, 2.489999999999999991e-01
2.600000000000000000e+07, 2.686000000000000019e-03, 2.402000000000000135e+00, 1.250000000000000000e-01, 2.762999999999999901e+01, 2.621999999999999886e-01
2.800000000000000000e+07, 2.315999999999999916e-03, 2.266000000000000014e+00, 1.151999999999999968e-01, 2.846999999999999886e+01, 2.745000000000000218e-01
3.000000000000000000e+07, 2.017000000000000130e-03, 2.145999999999999908e+00, 1.068999999999999950e-01, 2.923999999999999844e+01, 2.857999999999999985e-01
4.000000000000000000e+07, 1.134999999999999941e-03, 1.705000000000000071e+00, 7.850000000000000033e-02, 3.239000000000000057e+01, 3.323999999999999733e-01
5.000000000000000000e+07, 7.261999999999999792e-04, 1.423000000000000043e+00, 6.199000000000000343e-02, 3.474000000000000199e+01, 3.673000000000000154e-01
6.000000000000000000e+07, 5.042999999999999523e-04, 1.225999999999999979e+00, 5.120999999999999858e-02, 3.656000000000000227e+01, 3.946999999999999953e-01
8.000000000000000000e+07, 2.837000000000000112e-04, 9.671999999999999487e-01, 3.799000000000000293e-02, 3.924000000000000199e+01, 4.354999999999999982e-01
1.000000000000000000e+08, 1.815999999999999960e-04, 8.027999999999999581e-01, 3.019000000000000156e-02, 4.113000000000000256e+01, 4.648999999999999799e-01
1.500000000000000000e+08, 8.069000000000000163e-05, 5.716999999999999860e-01, 1.994999999999999898e-02, 4.410000000000000142e+01, 5.129000000000000226e-01
2.000000000000000000e+08, 4.538999999999999741e-05, 4.482999999999999763e-01, 1.489000000000000046e-02, 4.585999999999999943e+01, 5.424999999999999822e-01
3.000000000000000000e+08, 2.016999999999999831e-05, 3.176999999999999824e-01, 9.884999999999999690e-03, 4.792000000000000171e+01, 5.784000000000000252e-01
4.000000000000000000e+08, 1.134999999999999975e-05, 2.487999999999999934e-01, 7.396999999999999929e-03, 4.909000000000000341e+01, 5.997000000000000108e-01
5.000000000000000000e+08, 7.262000000000000097e-06, 2.059999999999999887e-01, 5.910000000000000323e-03, 4.986999999999999744e+01, 6.141999999999999682e-01
6.000000000000000000e+08, 5.042999999999999828e-06, 1.764000000000000012e-01, 4.919999999999999894e-03, 5.042000000000000171e+01, 6.248000000000000220e-01
8.000000000000000000e+08, 2.837000000000000112e-06, 1.376999999999999891e-01, 3.686000000000000040e-03, 5.114999999999999858e+01, 6.392999999999999794e-01
1.000000000000000000e+09, 1.816000000000000062e-06, 1.132999999999999979e-01, 2.946999999999999967e-03, 5.163000000000000256e+01, 6.490000000000000213e-01
1.500000000000000000e+09, 8.068999999999999528e-07, 7.914000000000000201e-02, 1.962999999999999901e-03, 5.229999999999999716e+01, 6.633000000000000007e-01
2.000000000000000000e+09, 4.539000000000000079e-07, 6.124999999999999889e-02, 1.471000000000000085e-03, 5.267999999999999972e+01, 6.713999999999999968e-01
3.000000000000000000e+09, 2.017000000000000128e-07, 4.259000000000000286e-02, 9.805000000000000347e-04, 5.307000000000000028e+01, 6.802000000000000268e-01
4.000000000000000000e+09, 1.135000000000000039e-07, 3.287000000000000338e-02, 7.351999999999999811e-04, 5.332000000000000028e+01, 6.854999999999999982e-01
5.000000000000000000e+09, 7.261999999999999779e-08, 2.688000000000000111e-02, 5.881000000000000377e-04, 5.345000000000000284e+01, 6.886999999999999789e-01
6.000000000000000000e+09, 5.043000000000000225e-08, 2.279000000000000123e-02, 4.899999999999999842e-04, 5.354999999999999716e+01, 6.908999999999999586e-01
8.000000000000000000e+09, 2.836999999999999861e-08, 1.755999999999999922e-02, 3.674999999999999881e-04, 5.367999999999999972e+01, 6.938999999999999613e-01
1.000000000000000000e+10, 1.815999999999999850e-08, 1.434000000000000032e-02, 2.939999999999999905e-04, 5.375999999999999801e+01, 6.957999999999999741e-01
1.500000000000000000e+10, 8.068999999999999329e-09, 9.908000000000000140e-03, 1.959999999999999937e-04, 5.385000000000000142e+01, 6.983000000000000318e-01
2.000000000000000000e+10, 4.539000000000000146e-09, 7.616999999999999639e-03, 1.469999999999999953e-04, 5.392000000000000171e+01, 6.997999999999999776e-01
3.000000000000000000e+10, 2.016999999999999962e-09, 5.252999999999999857e-03, 9.796999999999999882e-05, 5.396999999999999886e+01, 7.012000000000000455e-01
4.000000000000000000e+10, 1.134999999999999906e-09, 4.033000000000000126e-03, 7.347999999999999443e-05, 5.402000000000000313e+01, 7.022000000000000464e-01
5.000000000000000000e+10, 7.262000000000000358e-10, 3.284000000000000027e-03, 5.878000000000000304e-05, 5.403999999999999915e+01, 7.026999999999999913e-01
6.000000000000000000e+10, 5.043000000000000060e-10, 2.775999999999999822e-03, 4.898000000000000200e-05, 5.404999999999999716e+01, 7.029999999999999583e-01
8.000000000000000000e+10, 2.837000000000000129e-10, 2.128999999999999816e-03, 3.673999999999999722e-05, 5.406000000000000227e+01, 7.034000000000000252e-01
1.000000000000000000e+11, 1.815999999999999984e-10, 1.732000000000000033e-03, 2.939000000000000152e-05, 5.407000000000000028e+01, 7.036999999999999922e-01
