1.000000000000000000e+03, 6.367000000000000171e+01, 1.836000000000000132e-01, 2.482000000000000000e+05, 0.000000000000000000e+00, 0.000000000000000000e+00
1.500000000000000000e+03, 6.042000000000000171e+01, 3.901999999999999913e-01, 8.928000000000000000e+04, 0.000000000000000000e+00, 0.000000000000000000e+00
2.000000000000000000e+03, 5.639999999999999858e+01, 6.451999999999999957e-01, 4.159000000000000000e+04, 0.000000000000000000e+00, 0.000000000000000000e+00
3.000000000000000000e+03, 4.742000000000000171e+01, 1.221000000000000085e+00, 1.353000000000000000e+04, 0.000000000000000000e+00, 0.000000000000000000e+00
4.000000000000000000e+03, 3.885999999999999943e+01, 1.796000000000000041e+00, 5.939000000000000000e+03, 0.000000000000000000e+00, 0.000000000000000000e+00
5.000000000000000000e+03, 3.164999999999999858e+01, 2.319999999999999840e+00, 3.095000000000000000e+03, 0.000000000000000000e+00, 0.000000000000000000e+00
6.000000000000000000e+03, 2.594000000000000128e+01, 2.774000000000000021e+00, 1.804000000000000000e+03, 0.000000000000000000e+00, 0.000000000000000000e+00
8.000000000000000000e+03, 1.810999999999999943e+01, 3.472999999999999865e+00, 7.586000000000000227e+02, 0.000000000000000000e+00, 0.000000000000000000e+00
1.000000000000000000e+04, 1.334999999999999964e+01, 3.948999999999999844e+00, 3.836999999999999886e+02, 0.000000000000000000e+00, 0.000000000000000000e+00
1.500000000000000000e+04, 7.459999999999999964e+00, 4.602999999999999758e+00, 1.090000000000000000e+02, 0.000000000000000000e+00, 0.000000000000000000e+00
2.000000000000000000e+04, 4.876999999999999780e+00, 4.926000000000000156e+00, 4.400999999999999801e+01, 0.000000000000000000e+00, 0.000000000000000000e+00
3.000000000000000000e+04, 2.589999999999999858e+00, 5.214000000000000412e+00, 1.203999999999999915e+01, 0.000000000000000000e+00, 0.000000000000000000e+00
4.000000000000000000e+04, 1.596000000000000085e+00, 5.286999999999999922e+00, 4.753000000000000114e+00, 0.000000000000000000e+00, 0.000000000000000000e+00
5.000000000000000000e+04, 1.078000000000000069e+00, 5.264000000000000234e+00, 2.301000000000000156e+00, 0.000000000000000000e+00, 0.000000000000000000e+00
6.000000000000000000e+04, 7.753999999999999782e-01, 5.198000000000000398e+00, 1.268999999999999906e+00, 0.000000000000000000e+00, 0.000000000000000000e+00
8.000000000000000000e+04, 4.562999999999999834e-01, 5.017000000000000348e+00, 4.951999999999999735e-01, 0.000000000000000000e+00, 0.000000000000000000e+00
1.000000000000000000e+05, 2.998000000000000109e-01, 4.823000000000000398e+00, 2.386000000000000065e-01, 0.000000000000000000e+00, 0.000000000000000000e+00
1.500000000000000000e+05, 1.376000000000000001e-01, 4.387999999999999901e+00, 6.378000000000000336e-02, 0.000000000000000000e+00, 0.000000000000000000e+00
2.000000000000000000e+05, 7.839999999999999747e-02, 4.038000000000000256e+00, 2.536000000000000060e-02, 0.000000000000000000e+00, 0.000000000000000000e+00
3.000000000000000000e+05, 3.518999999999999906e-02, 3.523000000000000131e+00, 7.200999999999999936e-03, 0.000000000000000000e+00, 0.000000000000000000e+00
4.000000000000000000e+05, 1.986999999999999877e-02, 3.161000000000000032e+00, 3.099000000000000192e-03, 0.000000000000000000e+00, 0.000000000000000000e+00
5.000000000000000000e+05, 1.273999999999999959e-02, 2.888999999999999790e+00, 1.673999999999999924e-03, 0.000000000000000000e+00, 0.000000000000000000e+00
6.000000000000000000e+05, 8.852999999999999758e-03, 2.673000000000000043e+00, 1.043000000000000090e-03, 0.000000000000000000e+00, 0.000000000000000000e+00
8.000000000000000000e+05, 4.984999999999999848e-03, 2.350000000000000089e+00, 5.270999999999999644e-04, 0.000000000000000000e+00, 0.000000000000000000e+00
1.000000000000000000e+06, 3.190999999999999826e-03, 2.112999999999999989e+00, 3.276999999999999965e-04, 0.000000000000000000e+00, 0.000000000000000000e+00
1.022000000000000000e+06, 3.056000000000000123e-03, 2.091000000000000192e+00, 3.073999999999999910e-04, 0.000000000000000000e+00, 0.000000000000000000e+00
1.250000000000000000e+06, 2.043000000000000111e-03, 1.889000000000000012e+00, 2.086000000000000018e-04, 8.090000000000000403e-04, 0.000000000000000000e+00
1.500000000000000000e+06, 1.418999999999999906e-03, 1.717999999999999972e+00, 1.511999999999999889e-04, 4.464000000000000086e-03, 0.000000000000000000e+00
2.000000000000000000e+06, 7.983000000000000512e-04, 1.465999999999999970e+00, 9.480999999999999519e-05, 1.774999999999999842e-02, 0.000000000000000000e+00
2.044000000000000000e+06, 7.642999999999999837e-04, 1.447999999999999954e+00, 9.168999999999999796e-05, 1.913000000000000117e-02, 0.000000000000000000e+00
3.000000000000000000e+06, 3.549000000000000071e-04, 1.153000000000000025e+00, 5.273999999999999988e-05, 5.068000000000000282e-02, 4.034999999999999958e-04
4.000000000000000000e+06, 1.995999999999999999e-04, 9.619999999999999662e-01, 3.610999999999999816e-05, 8.214000000000000468e-02, 1.647000000000000026e-03
5.000000000000000000e+06, 1.277999999999999893e-04, 8.307999999999999829e-01, 2.733000000000000091e-05, 1.102000000000000063e-01, 3.282999999999999894e-03
6.000000000000000000e+06, 8.872000000000000437e-05, 7.342999999999999527e-01, 2.195000000000000160e-05, 1.353000000000000036e-01, 5.041999999999999607e-03
7.000000000000000000e+06, 6.517999999999999597e-05, 6.600000000000000311e-01, 1.832000000000000078e-05, 1.575999999999999901e-01, 6.798000000000000223e-03
8.000000000000000000e+06, 4.991000000000000156e-05, 6.006000000000000227e-01, 1.571000000000000036e-05, 1.778000000000000136e-01, 8.503000000000000141e-03
9.000000000000000000e+06, 3.943000000000000026e-05, 5.521000000000000352e-01, 1.374000000000000059e-05, 1.960999999999999965e-01, 1.013999999999999971e-02
1.000000000000000000e+07, 3.194000000000000251e-05, 5.116000000000000547e-01, 1.220999999999999999e-05, 2.127000000000000002e-01, 1.170000000000000033e-02
1.100000000000000000e+07, 2.640000000000000135e-05, 4.771000000000000241e-01, 1.098999999999999981e-05, 2.277000000000000135e-01, 1.316999999999999942e-02
1.200000000000000000e+07, 2.218000000000000109e-05, 4.475000000000000089e-01, 9.985000000000000115e-06, 2.416000000000000092e-01, 1.456999999999999962e-02
1.300000000000000000e+07, 1.889999999999999862e-05, 4.215999999999999748e-01, 9.148999999999999987e-06, 2.544000000000000150e-01, 1.589000000000000135e-02
1.400000000000000000e+07, 1.629999999999999979e-05, 3.987999999999999878e-01, 8.441999999999999811e-06, 2.664000000000000257e-01, 1.714999999999999858e-02
1.500000000000000000e+07, 1.418999999999999966e-05, 3.785999999999999921e-01, 7.835999999999999175e-06, 2.775000000000000244e-01, 1.835000000000000173e-02
1.600000000000000000e+07, 1.248000000000000079e-05, 3.605999999999999761e-01, 7.310999999999999967e-06, 2.879999999999999782e-01, 1.949000000000000038e-02
1.800000000000000000e+07, 9.857999999999999467e-06, 3.295000000000000151e-01, 6.445999999999999778e-06, 3.073000000000000176e-01, 2.161000000000000074e-02
2.000000000000000000e+07, 7.985000000000000629e-06, 3.039000000000000035e-01, 5.764000000000000209e-06, 3.245000000000000107e-01, 2.355000000000000149e-02
2.200000000000000000e+07, 6.598999999999999838e-06, 2.822999999999999954e-01, 5.212000000000000243e-06, 3.401000000000000134e-01, 2.532999999999999835e-02
2.400000000000000000e+07, 5.545000000000000273e-06, 2.637999999999999790e-01, 4.755999999999999865e-06, 3.543000000000000038e-01, 2.698000000000000051e-02
2.600000000000000000e+07, 4.724999999999999654e-06, 2.477000000000000035e-01, 4.373999999999999965e-06, 3.673000000000000154e-01, 2.852000000000000021e-02
2.800000000000000000e+07, 4.074000000000000296e-06, 2.336000000000000021e-01, 4.048000000000000037e-06, 3.793000000000000260e-01, 2.994000000000000133e-02
3.000000000000000000e+07, 3.548999999999999817e-06, 2.212000000000000077e-01, 3.768000000000000177e-06, 3.904000000000000248e-01, 3.128000000000000225e-02
4.000000000000000000e+07, 1.996000000000000032e-06, 1.758000000000000118e-01, 2.798000000000000147e-06, 4.360999999999999877e-01, 3.688999999999999918e-02
5.000000000000000000e+07, 1.278000000000000088e-06, 1.466999999999999971e-01, 2.224999999999999873e-06, 4.704999999999999738e-01, 4.123999999999999888e-02
6.000000000000000000e+07, 8.871999999999999505e-07, 1.264000000000000123e-01, 1.847000000000000061e-06, 4.976999999999999758e-01, 4.476999999999999730e-02
8.000000000000000000e+07, 4.990000000000000081e-07, 9.972000000000000308e-02, 1.377999999999999978e-06, 5.390000000000000346e-01, 5.020999999999999769e-02
1.000000000000000000e+08, 3.194000000000000146e-07, 8.276000000000000023e-02, 1.098999999999999981e-06, 5.689999999999999503e-01, 5.428000000000000186e-02
1.500000000000000000e+08, 1.418999999999999935e-07, 5.893999999999999934e-02, 7.297999999999999837e-07, 6.177000000000000268e-01, 6.121000000000000052e-02
2.000000000000000000e+08, 7.984000000000000554e-08, 4.621000000000000107e-02, 5.461999999999999543e-07, 6.472999999999999865e-01, 6.567000000000000615e-02
3.000000000000000000e+08, 3.547999999999999742e-08, 3.275000000000000133e-02, 3.633999999999999850e-07, 6.820000000000000506e-01, 7.123000000000000165e-02
4.000000000000000000e+08, 1.996000000000000138e-08, 2.564999999999999919e-02, 2.723000000000000229e-07, 7.020999999999999464e-01, 7.459999999999999964e-02
5.000000000000000000e+08, 1.276999999999999954e-08, 2.122999999999999887e-02, 2.176999999999999972e-07, 7.154000000000000359e-01, 7.691000000000000614e-02
6.000000000000000000e+08, 8.871000000000000489e-09, 1.818000000000000171e-02, 1.812999999999999889e-07, 7.248999999999999888e-01, 7.860999999999999932e-02
8.000000000000000000e+08, 4.990000000000000346e-09, 1.420000000000000082e-02, 1.358999999999999927e-07, 7.376000000000000334e-01, 8.093999999999999806e-02
1.000000000000000000e+09, 3.193000000000000037e-09, 1.167999999999999941e-02, 1.087000000000000006e-07, 7.459000000000000075e-01, 8.250000000000000389e-02
1.500000000000000000e+09, 1.418999999999999960e-09, 8.158999999999999586e-03, 7.245000000000000355e-08, 7.578000000000000291e-01, 8.480000000000000038e-02
2.000000000000000000e+09, 7.983999999999999520e-10, 6.314000000000000168e-03, 5.432999999999999747e-08, 7.642999999999999794e-01, 8.609999999999999598e-02
3.000000000000000000e+09, 3.548000000000000052e-10, 4.389999999999999805e-03, 3.620999999999999800e-08, 7.713999999999999746e-01, 8.751000000000000445e-02
4.000000000000000000e+09, 1.995999999999999880e-10, 3.389000000000000085e-03, 2.715000000000000158e-08, 7.752000000000000002e-01, 8.834000000000000186e-02
5.000000000000000000e+09, 1.277000000000000088e-10, 2.771000000000000026e-03, 2.171999999999999861e-08, 7.775999999999999579e-01, 8.884000000000000230e-02
6.000000000000000000e+09, 8.870999999999999662e-11, 2.350000000000000092e-03, 1.809999999999999995e-08, 7.792999999999999927e-01, 8.920000000000000151e-02
8.000000000000000000e+09, 4.989999999999999700e-11, 1.809999999999999977e-03, 1.357999999999999984e-08, 7.813999999999999835e-01, 8.966999999999999971e-02
1.000000000000000000e+10, 3.192999999999999986e-11, 1.477999999999999930e-03, 1.085999999999999931e-08, 7.828000000000000513e-01, 8.996999999999999442e-02
1.500000000000000000e+10, 1.418999999999999992e-11, 1.020999999999999989e-03, 7.239999999999999814e-09, 7.846999999999999531e-01, 9.037000000000000588e-02
2.000000000000000000e+10, 7.983999999999999907e-12, 7.852999999999999521e-04, 5.429999999999999654e-09, 7.856999999999999540e-01, 9.060999999999999610e-02
3.000000000000000000e+10, 3.547999999999999826e-12, 5.416000000000000458e-04, 3.619999999999999907e-09, 7.868000000000000549e-01, 9.081999999999999795e-02
4.000000000000000000e+10, 1.995999999999999977e-12, 4.158000000000000237e-04, 2.714999999999999827e-09, 7.873999999999999888e-01, 9.096999999999999531e-02
5.000000000000000000e+10, 1.276999999999999910e-12, 3.385999999999999904e-04, 2.171999999999999944e-09, 7.876999999999999558e-01, 9.106000000000000205e-02
6.000000000000000000e+10, 8.871000000000000268e-13, 2.862000000000000178e-04, 1.809999999999999953e-09, 7.880000000000000338e-01, 9.110999999999999654e-02
8.000000000000000000e+10, 4.989999999999999942e-13, 2.194999999999999957e-04, 1.356999999999999967e-09, 7.883000000000000007e-01, 9.117000000000000104e-02
1.000000000000000000e+11, 3.193000000000000127e-13, 1.785000000000000020e-04, 1.085999999999999972e-09, 7.884999999999999787e-01, 9.120999999999999941e-02
