1.000000000000000000e+03, 4.205000000000000000e+03, 1.227999999999999980e+00, 1.695000000000000000e+06, 0.000000000000000000e+00, 0.000000000000000000e+00
1.500000000000000000e+03, 4.040000000000000000e+03, 2.234999999999999876e+00, 7.627000000000000000e+05, 0.000000000000000000e+00, 0.000000000000000000e+00
2.000000000000000000e+03, 3.851000000000000000e+03, 3.229999999999999982e+00, 4.140000000000000000e+05, 0.000000000000000000e+00, 0.000000000000000000e+00
3.000000000000000000e+03, 3.459000000000000000e+03, 5.094999999999999751e+00, 7.393000000000000000e+05, 0.000000000000000000e+00, 0.000000000000000000e+00
4.000000000000000000e+03, 3.089000000000000000e+03, 6.833999999999999631e+00, 4.083000000000000000e+05, 0.000000000000000000e+00, 0.000000000000000000e+00
5.000000000000000000e+03, 2.759000000000000000e+03, 8.478999999999999204e+00, 2.371000000000000000e+05, 0.000000000000000000e+00, 0.000000000000000000e+00
6.000000000000000000e+03, 2.473000000000000000e+03, 1.005000000000000071e+01, 1.508000000000000000e+05, 0.000000000000000000e+00, 0.000000000000000000e+00
8.000000000000000000e+03, 2.014000000000000000e+03, 1.294999999999999929e+01, 7.291000000000000000e+04, 0.000000000000000000e+00, 0.000000000000000000e+00
1.000000000000000000e+04, 1.670000000000000000e+03, 1.544999999999999929e+01, 4.109000000000000000e+04, 0.000000000000000000e+00, 0.000000000000000000e+00
1.500000000000000000e+04, 1.105000000000000000e+03, 2.014999999999999858e+01, 4.967000000000000000e+04, 0.000000000000000000e+00, 0.000000000000000000e+00
2.000000000000000000e+04, 7.802999999999999545e+02, 2.350000000000000000e+01, 2.757000000000000000e+04, 0.000000000000000000e+00, 0.000000000000000000e+00
3.000000000000000000e+04, 4.598999999999999773e+02, 2.805999999999999872e+01, 9.452000000000000000e+03, 0.000000000000000000e+00, 0.000000000000000000e+00
4.000000000000000000e+04, 3.068000000000000114e+02, 3.075000000000000000e+01, 4.363000000000000000e+03, 0.000000000000000000e+00, 0.000000000000000000e+00
5.000000000000000000e+04, 2.180999999999999943e+02, 3.229999999999999716e+01, 2.380000000000000000e+03, 0.000000000000000000e+00, 0.000000000000000000e+00
6.000000000000000000e+04, 1.631999999999999886e+02, 3.315999999999999659e+01, 1.446000000000000000e+03, 0.000000000000000000e+00, 0.000000000000000000e+00
8.000000000000000000e+04, 1.025999999999999943e+02, 3.378000000000000114e+01, 6.552000000000000455e+02, 0.000000000000000000e+00, 0.000000000000000000e+00
1.000000000000000000e+05, 7.081999999999999318e+01, 3.367999999999999972e+01, 1.727000000000000000e+03, 0.000000000000000000e+00, 0.000000000000000000e+00
1.500000000000000000e+05, 3.488000000000000256e+01, 3.227000000000000313e+01, 5.970000000000000000e+02, 0.000000000000000000e+00, 0.000000000000000000e+00
2.000000000000000000e+05, 2.080999999999999872e+01, 3.050000000000000000e+01, 2.776999999999999886e+02, 0.000000000000000000e+00, 0.000000000000000000e+00
3.000000000000000000e+05, 9.923999999999999488e+00, 2.732999999999999829e+01, 9.587000000000000455e+01, 0.000000000000000000e+00, 0.000000000000000000e+00
4.000000000000000000e+05, 5.796999999999999709e+00, 2.485000000000000142e+01, 4.628999999999999915e+01, 0.000000000000000000e+00, 0.000000000000000000e+00
5.000000000000000000e+05, 3.794000000000000039e+00, 2.289000000000000057e+01, 2.694000000000000128e+01, 0.000000000000000000e+00, 0.000000000000000000e+00
6.000000000000000000e+05, 2.673999999999999932e+00, 2.130000000000000071e+01, 1.762999999999999901e+01, 0.000000000000000000e+00, 0.000000000000000000e+00
8.000000000000000000e+05, 1.532000000000000028e+00, 1.882000000000000028e+01, 9.349000000000000199e+00, 0.000000000000000000e+00, 0.000000000000000000e+00
1.000000000000000000e+06, 9.912999999999999590e-01, 1.698000000000000043e+01, 5.889999999999999680e+00, 0.000000000000000000e+00, 0.000000000000000000e+00
1.022000000000000000e+06, 9.498999999999999666e-01, 1.680000000000000071e+01, 5.637999999999999901e+00, 0.000000000000000000e+00, 0.000000000000000000e+00
1.250000000000000000e+06, 6.398000000000000353e-01, 1.522000000000000064e+01, 3.802999999999999936e+00, 1.259000000000000119e-01, 0.000000000000000000e+00
1.500000000000000000e+06, 4.465999999999999970e-01, 1.384999999999999964e+01, 2.709000000000000075e+00, 5.997999999999999998e-01, 0.000000000000000000e+00
2.000000000000000000e+06, 2.526999999999999802e-01, 1.183999999999999986e+01, 1.639000000000000012e+00, 1.814999999999999947e+00, 0.000000000000000000e+00
2.044000000000000000e+06, 2.419999999999999929e-01, 1.168999999999999950e+01, 1.580000000000000071e+00, 1.921999999999999931e+00, 0.000000000000000000e+00
3.000000000000000000e+06, 1.127999999999999975e-01, 9.324999999999999289e+00, 8.569999999999999840e-01, 3.991999999999999993e+00, 3.258000000000000045e-03
4.000000000000000000e+06, 6.357000000000000151e-02, 7.783000000000000362e+00, 5.612000000000000322e-01, 5.746999999999999886e+00, 1.328000000000000014e-02
5.000000000000000000e+06, 4.071999999999999925e-02, 6.722999999999999865e+00, 4.113999999999999879e-01, 7.216999999999999638e+00, 2.640999999999999945e-02
6.000000000000000000e+06, 2.828999999999999918e-02, 5.943999999999999950e+00, 3.225000000000000089e-01, 8.483999999999999986e+00, 4.048000000000000209e-02
7.000000000000000000e+06, 2.078999999999999945e-02, 5.342999999999999972e+00, 2.641000000000000014e-01, 9.598000000000000753e+00, 5.446999999999999759e-02
8.000000000000000000e+06, 1.592000000000000012e-02, 4.863000000000000433e+00, 2.230999999999999928e-01, 1.059999999999999964e+01, 6.798999999999999488e-02
9.000000000000000000e+06, 1.257999999999999917e-02, 4.471000000000000085e+00, 1.928999999999999881e-01, 1.151999999999999957e+01, 8.089999999999999969e-02
1.000000000000000000e+07, 1.018999999999999941e-02, 4.142000000000000348e+00, 1.696999999999999897e-01, 1.235999999999999943e+01, 9.314000000000000057e-02
1.100000000000000000e+07, 8.423999999999999197e-03, 3.863999999999999879e+00, 1.512999999999999901e-01, 1.313000000000000078e+01, 1.047000000000000014e-01
1.200000000000000000e+07, 7.079000000000000223e-03, 3.624000000000000110e+00, 1.365000000000000102e-01, 1.385999999999999943e+01, 1.155999999999999944e-01
1.300000000000000000e+07, 6.032000000000000035e-03, 3.414000000000000146e+00, 1.242999999999999938e-01, 1.453999999999999915e+01, 1.257999999999999952e-01
1.400000000000000000e+07, 5.200999999999999894e-03, 3.229999999999999982e+00, 1.140999999999999931e-01, 1.516999999999999993e+01, 1.355000000000000093e-01
1.500000000000000000e+07, 4.531000000000000305e-03, 3.065999999999999837e+00, 1.053000000000000047e-01, 1.575999999999999979e+01, 1.446999999999999953e-01
1.600000000000000000e+07, 3.982000000000000296e-03, 2.919999999999999929e+00, 9.786000000000000254e-02, 1.630999999999999872e+01, 1.534000000000000086e-01
1.800000000000000000e+07, 3.147000000000000058e-03, 2.669000000000000039e+00, 8.565000000000000391e-02, 1.730999999999999872e+01, 1.695000000000000118e-01
2.000000000000000000e+07, 2.549000000000000050e-03, 2.460999999999999854e+00, 7.613000000000000322e-02, 1.819000000000000128e+01, 1.841000000000000136e-01
2.200000000000000000e+07, 2.105999999999999799e-03, 2.286000000000000032e+00, 6.850000000000000533e-02, 1.900000000000000000e+01, 1.973999999999999921e-01
2.400000000000000000e+07, 1.770000000000000089e-03, 2.136000000000000121e+00, 6.224999999999999978e-02, 1.973000000000000043e+01, 2.096000000000000085e-01
2.600000000000000000e+07, 1.508000000000000009e-03, 2.005999999999999783e+00, 5.704000000000000042e-02, 2.041000000000000014e+01, 2.207999999999999963e-01
2.800000000000000000e+07, 1.301000000000000073e-03, 1.891999999999999904e+00, 5.262000000000000011e-02, 2.101999999999999957e+01, 2.311999999999999889e-01
3.000000000000000000e+07, 1.132999999999999893e-03, 1.792000000000000037e+00, 4.884000000000000147e-02, 2.158999999999999986e+01, 2.407999999999999863e-01
4.000000000000000000e+07, 6.373000000000000409e-04, 1.423999999999999932e+00, 3.592000000000000054e-02, 2.389999999999999858e+01, 2.803999999999999826e-01
5.000000000000000000e+07, 4.078999999999999944e-04, 1.189000000000000057e+00, 2.838999999999999857e-02, 2.562000000000000099e+01, 3.101999999999999758e-01
6.000000000000000000e+07, 2.831999999999999990e-04, 1.024000000000000021e+00, 2.347000000000000128e-02, 2.694999999999999929e+01, 3.336000000000000076e-01
8.000000000000000000e+07, 1.592999999999999961e-04, 8.076999999999999735e-01, 1.743000000000000105e-02, 2.891000000000000014e+01, 3.684999999999999942e-01
1.000000000000000000e+08, 1.019999999999999992e-04, 6.703999999999999959e-01, 1.386000000000000079e-02, 3.028999999999999915e+01, 3.936000000000000054e-01
1.500000000000000000e+08, 4.531999999999999977e-05, 4.773999999999999910e-01, 9.161000000000000740e-03, 3.246999999999999886e+01, 4.346999999999999753e-01
2.000000000000000000e+08, 2.549000000000000159e-05, 3.743000000000000216e-01, 6.841999999999999992e-03, 3.375999999999999801e+01, 4.600000000000000200e-01
3.000000000000000000e+08, 1.132999999999999994e-05, 2.652999999999999803e-01, 4.543000000000000163e-03, 3.525999999999999801e+01, 4.907000000000000250e-01
4.000000000000000000e+08, 6.372000000000000148e-06, 2.078000000000000125e-01, 3.399999999999999811e-03, 3.610999999999999943e+01, 5.089000000000000190e-01
5.000000000000000000e+08, 4.077999999999999750e-06, 1.719999999999999862e-01, 2.716999999999999797e-03, 3.667999999999999972e+01, 5.211999999999999966e-01
6.000000000000000000e+08, 2.832000000000000160e-06, 1.472999999999999865e-01, 2.262000000000000122e-03, 3.707999999999999829e+01, 5.302000000000000046e-01
8.000000000000000000e+08, 1.593000000000000037e-06, 1.150000000000000050e-01, 1.694999999999999892e-03, 3.760999999999999943e+01, 5.424999999999999822e-01
1.000000000000000000e+09, 1.019999999999999975e-06, 9.463000000000000578e-02, 1.355000000000000085e-03, 3.795000000000000284e+01, 5.506999999999999673e-01
1.500000000000000000e+09, 4.532000000000000083e-07, 6.607999999999999985e-02, 9.024999999999999819e-04, 3.845000000000000284e+01, 5.627999999999999670e-01
2.000000000000000000e+09, 2.548999999999999862e-07, 5.115000000000000102e-02, 6.765999999999999662e-04, 3.871999999999999886e+01, 5.695999999999999952e-01
3.000000000000000000e+09, 1.133000000000000021e-07, 3.556000000000000133e-02, 4.509000000000000096e-04, 3.902000000000000313e+01, 5.769999999999999574e-01
4.000000000000000000e+09, 6.372000000000000413e-08, 2.744999999999999871e-02, 3.380999999999999782e-04, 3.917000000000000171e+01, 5.813000000000000389e-01
5.000000000000000000e+09, 4.077999999999999856e-08, 2.244000000000000161e-02, 2.704000000000000132e-04, 3.927000000000000313e+01, 5.839999999999999636e-01
6.000000000000000000e+09, 2.832000000000000147e-08, 1.902999999999999831e-02, 2.253000000000000011e-04, 3.934000000000000341e+01, 5.857999999999999874e-01
8.000000000000000000e+09, 1.593000000000000103e-08, 1.465999999999999942e-02, 1.689999999999999879e-04, 3.942999999999999972e+01, 5.883000000000000451e-01
1.000000000000000000e+10, 1.020000000000000035e-08, 1.196999999999999974e-02, 1.352000000000000066e-04, 3.949000000000000199e+01, 5.897999999999999909e-01
1.500000000000000000e+10, 4.531999999999999653e-09, 8.274000000000000105e-03, 9.011000000000000292e-05, 3.957000000000000028e+01, 5.918999999999999817e-01
2.000000000000000000e+10, 2.549000000000000193e-09, 6.361000000000000335e-03, 6.758000000000000010e-05, 3.960999999999999943e+01, 5.931999999999999496e-01
3.000000000000000000e+10, 1.132999999999999913e-09, 4.387000000000000274e-03, 4.504999999999999727e-05, 3.965999999999999659e+01, 5.943000000000000504e-01
4.000000000000000000e+10, 6.372000000000000330e-10, 3.367999999999999900e-03, 3.379000000000000005e-05, 3.967999999999999972e+01, 5.950999999999999623e-01
5.000000000000000000e+10, 4.077999999999999773e-10, 2.743000000000000212e-03, 2.703000000000000040e-05, 3.968999999999999773e+01, 5.956000000000000183e-01
6.000000000000000000e+10, 2.832000000000000147e-10, 2.318000000000000182e-03, 2.252999999999999944e-05, 3.970000000000000284e+01, 5.957999999999999963e-01
8.000000000000000000e+10, 1.593000000000000082e-10, 1.778000000000000067e-03, 1.688999999999999923e-05, 3.971999999999999886e+01, 5.960999999999999632e-01
1.000000000000000000e+11, 1.019999999999999967e-10, 1.446000000000000020e-03, 1.350999999999999940e-05, 3.972999999999999687e+01, 5.964000000000000412e-01
