1.000000000000000000e+03, 4.406000000000000000e+03, 1.213999999999999968e+00, 1.884000000000000000e+06, 0.000000000000000000e+00, 0.000000000000000000e+00
1.500000000000000000e+03, 4.224000000000000000e+03, 2.251999999999999780e+00, 8.521000000000000000e+05, 0.000000000000000000e+00, 0.000000000000000000e+00
2.000000000000000000e+03, 4.020000000000000000e+03, 3.313000000000000167e+00, 4.636000000000000000e+05, 0.000000000000000000e+00, 0.000000000000000000e+00
3.000000000000000000e+03, 3.606000000000000000e+03, 5.334999999999999964e+00, 7.089000000000000000e+05, 0.000000000000000000e+00, 0.000000000000000000e+00
4.000000000000000000e+03, 3.226000000000000000e+03, 7.153999999999999915e+00, 4.466000000000000000e+05, 0.000000000000000000e+00, 0.000000000000000000e+00
5.000000000000000000e+03, 2.888000000000000000e+03, 8.817999999999999616e+00, 2.601000000000000000e+05, 0.000000000000000000e+00, 0.000000000000000000e+00
6.000000000000000000e+03, 2.593000000000000000e+03, 1.038000000000000078e+01, 1.659000000000000000e+05, 0.000000000000000000e+00, 0.000000000000000000e+00
8.000000000000000000e+03, 2.116000000000000000e+03, 1.325999999999999979e+01, 8.041000000000000000e+04, 0.000000000000000000e+00, 0.000000000000000000e+00
1.000000000000000000e+04, 1.758000000000000000e+03, 1.578999999999999915e+01, 4.542000000000000000e+04, 0.000000000000000000e+00, 0.000000000000000000e+00
1.500000000000000000e+04, 1.170000000000000000e+03, 2.058999999999999986e+01, 3.905000000000000000e+04, 0.000000000000000000e+00, 0.000000000000000000e+00
2.000000000000000000e+04, 8.287999999999999545e+02, 2.396999999999999886e+01, 3.021000000000000000e+04, 0.000000000000000000e+00, 0.000000000000000000e+00
3.000000000000000000e+04, 4.880000000000000000e+02, 2.855999999999999872e+01, 1.042000000000000000e+04, 0.000000000000000000e+00, 0.000000000000000000e+00
4.000000000000000000e+04, 3.263999999999999773e+02, 3.132000000000000028e+01, 4.831000000000000000e+03, 0.000000000000000000e+00, 0.000000000000000000e+00
5.000000000000000000e+04, 2.325000000000000000e+02, 3.292000000000000171e+01, 2.642000000000000000e+03, 0.000000000000000000e+00, 0.000000000000000000e+00
6.000000000000000000e+04, 1.740999999999999943e+02, 3.382000000000000028e+01, 1.608000000000000000e+03, 0.000000000000000000e+00, 0.000000000000000000e+00
8.000000000000000000e+04, 1.094000000000000057e+02, 3.449000000000000199e+01, 7.312000000000000455e+02, 0.000000000000000000e+00, 0.000000000000000000e+00
1.000000000000000000e+05, 7.562000000000000455e+01, 3.439999999999999858e+01, 1.881000000000000000e+03, 0.000000000000000000e+00, 0.000000000000000000e+00
1.500000000000000000e+05, 3.734000000000000341e+01, 3.299000000000000199e+01, 6.522999999999999545e+02, 0.000000000000000000e+00, 0.000000000000000000e+00
2.000000000000000000e+05, 2.228000000000000114e+01, 3.119999999999999929e+01, 3.051000000000000227e+02, 0.000000000000000000e+00, 0.000000000000000000e+00
3.000000000000000000e+05, 1.064000000000000057e+01, 2.796999999999999886e+01, 1.059000000000000057e+02, 0.000000000000000000e+00, 0.000000000000000000e+00
4.000000000000000000e+05, 6.224000000000000199e+00, 2.544000000000000128e+01, 5.132000000000000028e+01, 0.000000000000000000e+00, 0.000000000000000000e+00
5.000000000000000000e+05, 4.076999999999999957e+00, 2.344000000000000128e+01, 2.994000000000000128e+01, 0.000000000000000000e+00, 0.000000000000000000e+00
6.000000000000000000e+05, 2.875000000000000000e+00, 2.180999999999999872e+01, 1.962000000000000099e+01, 0.000000000000000000e+00, 0.000000000000000000e+00
8.000000000000000000e+05, 1.649000000000000021e+00, 1.928000000000000114e+01, 1.042999999999999972e+01, 0.000000000000000000e+00, 0.000000000000000000e+00
1.000000000000000000e+06, 1.066999999999999948e+00, 1.739000000000000057e+01, 6.576999999999999957e+00, 0.000000000000000000e+00, 0.000000000000000000e+00
1.022000000000000000e+06, 1.022999999999999909e+00, 1.721000000000000085e+01, 6.294999999999999929e+00, 0.000000000000000000e+00, 0.000000000000000000e+00
1.250000000000000000e+06, 6.891000000000000458e-01, 1.558999999999999986e+01, 4.246999999999999886e+00, 1.343999999999999917e-01, 0.000000000000000000e+00
1.500000000000000000e+06, 4.812000000000000166e-01, 1.418999999999999950e+01, 3.024999999999999911e+00, 6.438000000000000389e-01, 0.000000000000000000e+00
2.000000000000000000e+06, 2.722999999999999865e-01, 1.213000000000000078e+01, 1.828999999999999959e+00, 1.935999999999999943e+00, 0.000000000000000000e+00
2.044000000000000000e+06, 2.607999999999999763e-01, 1.198000000000000043e+01, 1.762999999999999901e+00, 2.048999999999999932e+00, 0.000000000000000000e+00
3.000000000000000000e+06, 1.217000000000000026e-01, 9.554999999999999716e+00, 9.558999999999999719e-01, 4.214999999999999858e+00, 3.337999999999999821e-03
4.000000000000000000e+06, 6.855999999999999595e-02, 7.974999999999999645e+00, 6.256000000000000449e-01, 6.036999999999999922e+00, 1.359999999999999924e-02
5.000000000000000000e+06, 4.392000000000000071e-02, 6.889000000000000234e+00, 4.583999999999999742e-01, 7.562999999999999723e+00, 2.705000000000000113e-02
6.000000000000000000e+06, 3.051999999999999852e-02, 6.089999999999999858e+00, 3.590999999999999748e-01, 8.878000000000000114e+00, 4.146999999999999992e-02
7.000000000000000000e+06, 2.242999999999999855e-02, 5.474999999999999645e+00, 2.939999999999999836e-01, 1.003999999999999915e+01, 5.580000000000000238e-02
8.000000000000000000e+06, 1.717000000000000123e-02, 4.982999999999999652e+00, 2.482999999999999929e-01, 1.108000000000000007e+01, 6.963999999999999357e-02
9.000000000000000000e+06, 1.357000000000000046e-02, 4.581000000000000405e+00, 2.146000000000000130e-01, 1.202999999999999936e+01, 8.286000000000000310e-02
1.000000000000000000e+07, 1.098999999999999977e-02, 4.243999999999999773e+00, 1.887999999999999956e-01, 1.290000000000000036e+01, 9.539000000000000257e-02
1.100000000000000000e+07, 9.086999999999999592e-03, 3.959000000000000075e+00, 1.683000000000000052e-01, 1.371000000000000085e+01, 1.072000000000000036e-01
1.200000000000000000e+07, 7.636000000000000426e-03, 3.713000000000000078e+00, 1.517999999999999905e-01, 1.446000000000000085e+01, 1.184000000000000052e-01
1.300000000000000000e+07, 6.506999999999999763e-03, 3.498000000000000220e+00, 1.381999999999999895e-01, 1.516999999999999993e+01, 1.287999999999999978e-01
1.400000000000000000e+07, 5.610999999999999668e-03, 3.309000000000000163e+00, 1.267999999999999960e-01, 1.583000000000000007e+01, 1.388000000000000067e-01
1.500000000000000000e+07, 4.887999999999999984e-03, 3.141999999999999904e+00, 1.170999999999999958e-01, 1.644000000000000128e+01, 1.481999999999999984e-01
1.600000000000000000e+07, 4.296000000000000339e-03, 2.991999999999999993e+00, 1.087999999999999939e-01, 1.701999999999999957e+01, 1.570999999999999897e-01
1.800000000000000000e+07, 3.393999999999999882e-03, 2.734999999999999876e+00, 9.521000000000000296e-02, 1.805999999999999872e+01, 1.734999999999999876e-01
2.000000000000000000e+07, 2.749999999999999840e-03, 2.521999999999999797e+00, 8.462000000000000077e-02, 1.898000000000000043e+01, 1.885000000000000009e-01
2.200000000000000000e+07, 2.272000000000000148e-03, 2.342999999999999972e+00, 7.613000000000000322e-02, 1.982000000000000028e+01, 2.021000000000000019e-01
2.400000000000000000e+07, 1.909000000000000107e-03, 2.189000000000000057e+00, 6.916999999999999538e-02, 2.058999999999999986e+01, 2.144999999999999962e-01
2.600000000000000000e+07, 1.626999999999999974e-03, 2.056000000000000050e+00, 6.338000000000000578e-02, 2.128999999999999915e+01, 2.260000000000000064e-01
2.800000000000000000e+07, 1.402999999999999950e-03, 1.939000000000000057e+00, 5.847000000000000114e-02, 2.192999999999999972e+01, 2.366000000000000048e-01
3.000000000000000000e+07, 1.221999999999999996e-03, 1.836000000000000076e+00, 5.426999999999999880e-02, 2.251999999999999957e+01, 2.464999999999999969e-01
4.000000000000000000e+07, 6.874000000000000119e-04, 1.459000000000000075e+00, 3.989999999999999797e-02, 2.492999999999999972e+01, 2.869999999999999774e-01
5.000000000000000000e+07, 4.400000000000000157e-04, 1.217999999999999972e+00, 3.153999999999999859e-02, 2.671999999999999886e+01, 3.174000000000000155e-01
6.000000000000000000e+07, 3.054999999999999990e-04, 1.048999999999999932e+00, 2.606999999999999942e-02, 2.810999999999999943e+01, 3.412999999999999923e-01
8.000000000000000000e+07, 1.719000000000000042e-04, 8.276000000000000023e-01, 1.934999999999999915e-02, 3.014999999999999858e+01, 3.769000000000000128e-01
1.000000000000000000e+08, 1.100000000000000039e-04, 6.868999999999999551e-01, 1.538999999999999917e-02, 3.158999999999999986e+01, 4.026000000000000134e-01
1.500000000000000000e+08, 4.887999999999999957e-05, 4.892000000000000237e-01, 1.017000000000000022e-02, 3.385999999999999943e+01, 4.445000000000000062e-01
2.000000000000000000e+08, 2.750000000000000098e-05, 3.835999999999999965e-01, 7.596999999999999587e-03, 3.521000000000000085e+01, 4.704999999999999738e-01
3.000000000000000000e+08, 1.221999999999999989e-05, 2.718999999999999750e-01, 5.042999999999999740e-03, 3.677000000000000313e+01, 5.019000000000000128e-01
4.000000000000000000e+08, 6.873999999999999746e-06, 2.129000000000000059e-01, 3.775000000000000144e-03, 3.767000000000000171e+01, 5.204999999999999627e-01
5.000000000000000000e+08, 4.400000000000000224e-06, 1.761999999999999955e-01, 3.016000000000000018e-03, 3.825000000000000000e+01, 5.331000000000000183e-01
6.000000000000000000e+08, 3.054999999999999973e-06, 1.509000000000000064e-01, 2.511000000000000211e-03, 3.867000000000000171e+01, 5.423000000000000043e-01
8.000000000000000000e+08, 1.718999999999999974e-06, 1.179000000000000048e-01, 1.881000000000000076e-03, 3.922999999999999687e+01, 5.550000000000000488e-01
1.000000000000000000e+09, 1.100000000000000056e-06, 9.696000000000000452e-02, 1.503999999999999912e-03, 3.959000000000000341e+01, 5.633000000000000229e-01
1.500000000000000000e+09, 4.887999999999999830e-07, 6.772000000000000242e-02, 1.002000000000000069e-03, 4.010999999999999943e+01, 5.756999999999999895e-01
2.000000000000000000e+09, 2.750000000000000140e-07, 5.240999999999999825e-02, 7.510999999999999881e-04, 4.039000000000000057e+01, 5.826999999999999957e-01
3.000000000000000000e+09, 1.221999999999999957e-07, 3.644000000000000017e-02, 5.004999999999999684e-04, 4.070000000000000284e+01, 5.901999999999999469e-01
4.000000000000000000e+09, 6.874000000000000540e-08, 2.812999999999999876e-02, 3.753000000000000151e-04, 4.085999999999999943e+01, 5.947000000000000064e-01
5.000000000000000000e+09, 4.399999999999999695e-08, 2.299999999999999961e-02, 3.001999999999999786e-04, 4.096999999999999886e+01, 5.974000000000000421e-01
6.000000000000000000e+09, 3.054999999999999894e-08, 1.949999999999999997e-02, 2.502000000000000101e-04, 4.103999999999999915e+01, 5.993000000000000549e-01
8.000000000000000000e+09, 1.719000000000000040e-08, 1.502999999999999996e-02, 1.876000000000000063e-04, 4.114000000000000057e+01, 6.018000000000000016e-01
1.000000000000000000e+10, 1.099999999999999924e-08, 1.226999999999999966e-02, 1.500999999999999893e-04, 4.120000000000000284e+01, 6.034000000000000474e-01
1.500000000000000000e+10, 4.887999999999999664e-09, 8.477999999999999425e-03, 1.000000000000000048e-04, 4.128000000000000114e+01, 6.055000000000000382e-01
2.000000000000000000e+10, 2.749999999999999809e-09, 6.518000000000000356e-03, 7.501999999999999663e-05, 4.132000000000000028e+01, 6.068000000000000060e-01
3.000000000000000000e+10, 1.221999999999999916e-09, 4.494999999999999864e-03, 5.000999999999999722e-05, 4.136999999999999744e+01, 6.078999999999999959e-01
4.000000000000000000e+10, 6.874000000000000251e-10, 3.451000000000000074e-03, 3.750999999999999831e-05, 4.139000000000000057e+01, 6.087000000000000188e-01
5.000000000000000000e+10, 4.399999999999999798e-10, 2.809999999999999998e-03, 3.000999999999999897e-05, 4.140999999999999659e+01, 6.091999999999999638e-01
6.000000000000000000e+10, 3.054999999999999790e-10, 2.376000000000000074e-03, 2.500999999999999941e-05, 4.142000000000000171e+01, 6.095000000000000417e-01
8.000000000000000000e+10, 1.718999999999999958e-10, 1.822000000000000052e-03, 1.874999999999999836e-05, 4.142999999999999972e+01, 6.098000000000000087e-01
1.000000000000000000e+11, 1.099999999999999950e-10, 1.482000000000000027e-03, 1.500000000000000038e-05, 4.143999999999999773e+01, 6.099999999999999867e-01
