1.000000000000000000e+03, 1.785999999999999943e+02, 5.037000000000000366e-01, 1.665000000000000000e+05, 0.000000000000000000e+00, 0.000000000000000000e+00
1.500000000000000000e+03, 1.645999999999999943e+02, 9.956000000000000405e-01, 5.736000000000000000e+04, 0.000000000000000000e+00, 0.000000000000000000e+00
2.000000000000000000e+03, 1.490000000000000000e+02, 1.522000000000000020e+00, 2.646000000000000000e+04, 0.000000000000000000e+00, 0.000000000000000000e+00
3.000000000000000000e+03, 1.200000000000000000e+02, 2.500999999999999890e+00, 8.658000000000000000e+04, 0.000000000000000000e+00, 0.000000000000000000e+00
4.000000000000000000e+03, 9.781999999999999318e+01, 3.309000000000000163e+00, 4.133000000000000000e+04, 0.000000000000000000e+00, 0.000000000000000000e+00
5.000000000000000000e+03, 8.195999999999999375e+01, 3.950000000000000178e+00, 2.288000000000000000e+04, 0.000000000000000000e+00, 0.000000000000000000e+00
6.000000000000000000e+03, 7.043000000000000682e+01, 4.463000000000000078e+00, 1.396000000000000000e+04, 0.000000000000000000e+00, 0.000000000000000000e+00
8.000000000000000000e+03, 5.460000000000000142e+01, 5.259999999999999787e+00, 6.269000000000000000e+03, 0.000000000000000000e+00, 0.000000000000000000e+00
1.000000000000000000e+04, 4.364999999999999858e+01, 5.886999999999999567e+00, 3.321000000000000000e+03, 0.000000000000000000e+00, 0.000000000000000000e+00
1.500000000000000000e+04, 2.641000000000000014e+01, 7.009999999999999787e+00, 1.017000000000000000e+03, 0.000000000000000000e+00, 0.000000000000000000e+00
2.000000000000000000e+04, 1.739999999999999858e+01, 7.682999999999999829e+00, 4.306000000000000227e+02, 0.000000000000000000e+00, 0.000000000000000000e+00
3.000000000000000000e+04, 9.320000000000000284e+00, 8.304000000000000270e+00, 1.252000000000000028e+02, 0.000000000000000000e+00, 0.000000000000000000e+00
4.000000000000000000e+04, 5.889999999999999680e+00, 8.515000000000000568e+00, 5.132999999999999829e+01, 0.000000000000000000e+00, 0.000000000000000000e+00
5.000000000000000000e+04, 4.068999999999999950e+00, 8.558999999999999275e+00, 2.553999999999999915e+01, 0.000000000000000000e+00, 0.000000000000000000e+00
6.000000000000000000e+04, 2.974000000000000199e+00, 8.516000000000000014e+00, 1.438000000000000078e+01, 0.000000000000000000e+00, 0.000000000000000000e+00
8.000000000000000000e+04, 1.778999999999999915e+00, 8.308999999999999275e+00, 5.783999999999999808e+00, 0.000000000000000000e+00, 0.000000000000000000e+00
1.000000000000000000e+05, 1.179999999999999938e+00, 8.042999999999999261e+00, 2.846000000000000085e+00, 0.000000000000000000e+00, 0.000000000000000000e+00
1.500000000000000000e+05, 5.501000000000000334e-01, 7.378999999999999559e+00, 7.864999999999999769e-01, 0.000000000000000000e+00, 0.000000000000000000e+00
2.000000000000000000e+05, 3.165999999999999925e-01, 6.815999999999999837e+00, 3.190000000000000058e-01, 0.000000000000000000e+00, 0.000000000000000000e+00
3.000000000000000000e+05, 1.434999999999999887e-01, 5.966000000000000192e+00, 9.271999999999999686e-02, 0.000000000000000000e+00, 0.000000000000000000e+00
4.000000000000000000e+05, 8.133999999999999564e-02, 5.360000000000000320e+00, 4.034000000000000086e-02, 0.000000000000000000e+00, 0.000000000000000000e+00
5.000000000000000000e+05, 5.224999999999999784e-02, 4.902000000000000135e+00, 2.194000000000000117e-02, 0.000000000000000000e+00, 0.000000000000000000e+00
6.000000000000000000e+05, 3.636000000000000343e-02, 4.538999999999999702e+00, 1.374000000000000048e-02, 0.000000000000000000e+00, 0.000000000000000000e+00
8.000000000000000000e+05, 2.050000000000000086e-02, 3.991000000000000103e+00, 6.962999999999999572e-03, 0.000000000000000000e+00, 0.000000000000000000e+00
1.000000000000000000e+06, 1.312999999999999931e-02, 3.589999999999999858e+00, 4.330999999999999781e-03, 0.000000000000000000e+00, 0.000000000000000000e+00
1.022000000000000000e+06, 1.256999999999999958e-02, 3.552000000000000046e+00, 4.094999999999999682e-03, 0.000000000000000000e+00, 0.000000000000000000e+00
1.250000000000000000e+06, 8.410000000000000808e-03, 3.210999999999999854e+00, 2.773999999999999990e-03, 2.497000000000000088e-03, 0.000000000000000000e+00
1.500000000000000000e+06, 5.841999999999999971e-03, 2.919000000000000039e+00, 2.005999999999999971e-03, 1.336999999999999994e-02, 0.000000000000000000e+00
2.000000000000000000e+06, 3.286999999999999991e-03, 2.491000000000000103e+00, 1.247000000000000062e-03, 5.226999999999999702e-02, 0.000000000000000000e+00
2.044000000000000000e+06, 3.147000000000000058e-03, 2.460999999999999854e+00, 1.204999999999999908e-03, 5.632000000000000201e-02, 0.000000000000000000e+00
3.000000000000000000e+06, 1.461000000000000059e-03, 1.959999999999999964e+00, 6.853999999999999633e-04, 1.476999999999999980e-01, 6.859000000000000296e-04
4.000000000000000000e+06, 8.220999999999999792e-04, 1.635000000000000009e+00, 4.654999999999999850e-04, 2.379999999999999893e-01, 2.801000000000000104e-03
5.000000000000000000e+06, 5.261999999999999967e-04, 1.411999999999999922e+00, 3.505000000000000086e-04, 3.183000000000000274e-01, 5.579999999999999891e-03
6.000000000000000000e+06, 3.653999999999999913e-04, 1.247999999999999998e+00, 2.802999999999999828e-04, 3.900000000000000133e-01, 8.569000000000000228e-03
7.000000000000000000e+06, 2.685000000000000212e-04, 1.122000000000000108e+00, 2.333000000000000059e-04, 4.539000000000000257e-01, 1.154999999999999950e-02
8.000000000000000000e+06, 2.055000000000000077e-04, 1.020999999999999908e+00, 1.995999999999999999e-04, 5.112999999999999767e-01, 1.444999999999999930e-02
9.000000000000000000e+06, 1.623999999999999901e-04, 9.385999999999999899e-01, 1.743000000000000083e-04, 5.634000000000000119e-01, 1.721999999999999920e-02
1.000000000000000000e+07, 1.314999999999999980e-04, 8.696000000000000396e-01, 1.546999999999999927e-04, 6.106000000000000316e-01, 1.985999999999999918e-02
1.100000000000000000e+07, 1.086999999999999994e-04, 8.111000000000000432e-01, 1.389999999999999905e-04, 6.533999999999999808e-01, 2.237000000000000099e-02
1.200000000000000000e+07, 9.134999999999999783e-05, 7.607000000000000428e-01, 1.261000000000000022e-04, 6.926999999999999824e-01, 2.472999999999999851e-02
1.300000000000000000e+07, 7.784000000000000012e-05, 7.166000000000000147e-01, 1.155000000000000021e-04, 7.290999999999999703e-01, 2.697000000000000092e-02
1.400000000000000000e+07, 6.711999999999999434e-05, 6.780000000000000471e-01, 1.065000000000000002e-04, 7.630000000000000115e-01, 2.910000000000000087e-02
1.500000000000000000e+07, 5.847000000000000092e-05, 6.437000000000000499e-01, 9.875000000000000151e-05, 7.945999999999999730e-01, 3.111999999999999836e-02
1.600000000000000000e+07, 5.139000000000000095e-05, 6.129999999999999893e-01, 9.207000000000000448e-05, 8.243000000000000327e-01, 3.303999999999999992e-02
1.800000000000000000e+07, 4.059999999999999753e-05, 5.602000000000000313e-01, 8.108999999999999780e-05, 8.786000000000000476e-01, 3.661999999999999977e-02
2.000000000000000000e+07, 3.288999999999999850e-05, 5.165999999999999481e-01, 7.244999999999999921e-05, 9.272000000000000242e-01, 3.989000000000000185e-02
2.200000000000000000e+07, 2.718000000000000065e-05, 4.798000000000000043e-01, 6.546000000000000007e-05, 9.710999999999999632e-01, 4.288999999999999757e-02
2.400000000000000000e+07, 2.284000000000000155e-05, 4.484000000000000208e-01, 5.971000000000000260e-05, 1.010999999999999899e+00, 4.565999999999999920e-02
2.600000000000000000e+07, 1.946000000000000003e-05, 4.210999999999999743e-01, 5.488000000000000311e-05, 1.048000000000000043e+00, 4.823000000000000204e-02
2.800000000000000000e+07, 1.677999999999999858e-05, 3.971999999999999975e-01, 5.076999999999999672e-05, 1.080999999999999961e+00, 5.061999999999999833e-02
3.000000000000000000e+07, 1.462000000000000063e-05, 3.760999999999999899e-01, 4.723000000000000012e-05, 1.112000000000000099e+00, 5.285000000000000114e-02
4.000000000000000000e+07, 8.222000000000000223e-06, 2.988999999999999990e-01, 3.503000000000000173e-05, 1.241000000000000103e+00, 6.219000000000000222e-02
5.000000000000000000e+07, 5.261999999999999764e-06, 2.494999999999999996e-01, 2.782999999999999951e-05, 1.336999999999999966e+00, 6.938999999999999335e-02
6.000000000000000000e+07, 3.654000000000000082e-06, 2.149999999999999967e-01, 2.309000000000000085e-05, 1.411999999999999922e+00, 7.517000000000000071e-02
8.000000000000000000e+07, 2.054999999999999806e-06, 1.695000000000000118e-01, 1.722000000000000115e-05, 1.522000000000000020e+00, 8.401999999999999746e-02
1.000000000000000000e+08, 1.314999999999999903e-06, 1.406999999999999917e-01, 1.373000000000000068e-05, 1.602000000000000091e+00, 9.059000000000000385e-02
1.500000000000000000e+08, 5.845999999999999805e-07, 1.001999999999999974e-01, 9.109000000000000370e-06, 1.731999999999999984e+00, 1.016999999999999987e-01
2.000000000000000000e+08, 3.287999999999999796e-07, 7.856000000000000483e-02, 6.815999999999999624e-06, 1.812000000000000055e+00, 1.088999999999999968e-01
3.000000000000000000e+08, 1.461999999999999989e-07, 5.568000000000000033e-02, 4.532999999999999629e-06, 1.905999999999999917e+00, 1.179999999999999938e-01
4.000000000000000000e+08, 8.221000000000000624e-08, 4.361000000000000293e-02, 3.396000000000000181e-06, 1.959999999999999964e+00, 1.234999999999999987e-01
5.000000000000000000e+08, 5.261999999999999738e-08, 3.610000000000000014e-02, 2.714999999999999840e-06, 1.997000000000000108e+00, 1.272999999999999965e-01
6.000000000000000000e+08, 3.654000000000000162e-08, 3.090999999999999998e-02, 2.261000000000000036e-06, 2.023000000000000131e+00, 1.302000000000000102e-01
8.000000000000000000e+08, 2.054999999999999873e-08, 2.414000000000000173e-02, 1.695000000000000077e-06, 2.057999999999999829e+00, 1.340999999999999970e-01
1.000000000000000000e+09, 1.315000000000000029e-08, 1.985999999999999918e-02, 1.356000000000000019e-06, 2.080999999999999961e+00, 1.366999999999999882e-01
1.500000000000000000e+09, 5.845999999999999872e-09, 1.387000000000000038e-02, 9.032999999999999954e-07, 2.113999999999999879e+00, 1.406999999999999917e-01
2.000000000000000000e+09, 3.287999999999999813e-09, 1.072999999999999995e-02, 6.772999999999999570e-07, 2.132000000000000117e+00, 1.428999999999999992e-01
3.000000000000000000e+09, 1.461999999999999914e-09, 7.464000000000000148e-03, 4.513999999999999789e-07, 2.150999999999999801e+00, 1.454000000000000015e-01
4.000000000000000000e+09, 8.220999999999999838e-10, 5.760999999999999628e-03, 3.385000000000000202e-07, 2.161999999999999922e+00, 1.469000000000000028e-01
5.000000000000000000e+09, 5.262000000000000027e-10, 4.709999999999999777e-03, 2.708000000000000161e-07, 2.169000000000000039e+00, 1.477999999999999869e-01
6.000000000000000000e+09, 3.653999999999999996e-10, 3.994000000000000154e-03, 2.256999999999999895e-07, 2.173000000000000043e+00, 1.484000000000000041e-01
8.000000000000000000e+09, 2.054999999999999883e-10, 3.078000000000000007e-03, 1.692000000000000063e-07, 2.180000000000000160e+00, 1.491999999999999993e-01
1.000000000000000000e+10, 1.315000000000000112e-10, 2.513000000000000043e-03, 1.354000000000000081e-07, 2.182999999999999829e+00, 1.496999999999999997e-01
1.500000000000000000e+10, 5.845999999999999768e-11, 1.735999999999999913e-03, 9.026000000000000223e-08, 2.189000000000000057e+00, 1.504999999999999949e-01
2.000000000000000000e+10, 3.288000000000000045e-11, 1.335000000000000032e-03, 6.769000000000000593e-08, 2.192000000000000171e+00, 1.509000000000000064e-01
3.000000000000000000e+10, 1.462000000000000031e-11, 9.206999999999999906e-04, 4.513000000000000111e-08, 2.194999999999999840e+00, 1.512999999999999901e-01
4.000000000000000000e+10, 8.221000000000000614e-12, 7.068000000000000498e-04, 3.383999999999999729e-08, 2.196000000000000174e+00, 1.514999999999999958e-01
5.000000000000000000e+10, 5.261999999999999995e-12, 5.756000000000000049e-04, 2.707000000000000020e-08, 2.197000000000000064e+00, 1.517000000000000015e-01
6.000000000000000000e+10, 3.654000000000000384e-12, 4.866000000000000100e-04, 2.256000000000000150e-08, 2.197999999999999954e+00, 1.517999999999999905e-01
8.000000000000000000e+10, 2.055000000000000028e-12, 3.731000000000000158e-04, 1.691999999999999865e-08, 2.198999999999999844e+00, 1.519000000000000072e-01
1.000000000000000000e+11, 1.314999999999999950e-12, 3.035000000000000046e-04, 1.354000000000000081e-08, 2.198999999999999844e+00, 1.519999999999999962e-01
