1.000000000000000000e+03, 1.516000000000000000e+03, 1.040000000000000036e+00, 1.487000000000000000e+06, 0.000000000000000000e+00, 0.000000000000000000e+00
1.500000000000000000e+03, 1.437000000000000000e+03, 1.881999999999999895e+00, 5.955000000000000000e+05, 0.000000000000000000e+00, 0.000000000000000000e+00
2.000000000000000000e+03, 1.351000000000000000e+03, 2.701999999999999957e+00, 2.995000000000000000e+05, 0.000000000000000000e+00, 0.000000000000000000e+00
3.000000000000000000e+03, 1.181000000000000000e+03, 4.201999999999999957e+00, 1.096000000000000000e+05, 0.000000000000000000e+00, 0.000000000000000000e+00
4.000000000000000000e+03, 1.027000000000000000e+03, 5.559999999999999609e+00, 2.336000000000000000e+05, 0.000000000000000000e+00, 0.000000000000000000e+00
5.000000000000000000e+03, 8.943999999999999773e+02, 6.801999999999999602e+00, 1.542000000000000000e+05, 0.000000000000000000e+00, 0.000000000000000000e+00
6.000000000000000000e+03, 7.827999999999999545e+02, 7.947000000000000064e+00, 9.591000000000000000e+04, 0.000000000000000000e+00, 0.000000000000000000e+00
8.000000000000000000e+03, 6.150000000000000000e+02, 1.000000000000000000e+01, 4.495000000000000000e+04, 0.000000000000000000e+00, 0.000000000000000000e+00
1.000000000000000000e+04, 5.005000000000000000e+02, 1.177999999999999936e+01, 2.468000000000000000e+04, 0.000000000000000000e+00, 0.000000000000000000e+00
1.500000000000000000e+04, 3.293000000000000114e+02, 1.499000000000000021e+01, 8.131000000000000000e+03, 0.000000000000000000e+00, 0.000000000000000000e+00
2.000000000000000000e+04, 2.305999999999999943e+02, 1.707000000000000028e+01, 3.649000000000000000e+03, 0.000000000000000000e+00, 0.000000000000000000e+00
3.000000000000000000e+04, 1.298000000000000114e+02, 1.957000000000000028e+01, 7.379000000000000000e+03, 0.000000000000000000e+00, 0.000000000000000000e+00
4.000000000000000000e+04, 8.473000000000000398e+01, 2.087999999999999901e+01, 3.465000000000000000e+03, 0.000000000000000000e+00, 0.000000000000000000e+00
5.000000000000000000e+04, 5.997999999999999687e+01, 2.155999999999999872e+01, 1.883000000000000000e+03, 0.000000000000000000e+00, 0.000000000000000000e+00
6.000000000000000000e+04, 4.453000000000000114e+01, 2.187999999999999901e+01, 1.136000000000000000e+03, 0.000000000000000000e+00, 0.000000000000000000e+00
8.000000000000000000e+04, 2.723999999999999844e+01, 2.192000000000000171e+01, 5.050000000000000000e+02, 0.000000000000000000e+00, 0.000000000000000000e+00
1.000000000000000000e+05, 1.844000000000000128e+01, 2.157999999999999829e+01, 2.668000000000000114e+02, 0.000000000000000000e+00, 0.000000000000000000e+00
1.500000000000000000e+05, 8.955999999999999517e+00, 2.028999999999999915e+01, 8.278000000000000114e+01, 0.000000000000000000e+00, 0.000000000000000000e+00
2.000000000000000000e+05, 5.282000000000000028e+00, 1.898999999999999844e+01, 3.610999999999999943e+01, 0.000000000000000000e+00, 0.000000000000000000e+00
3.000000000000000000e+05, 2.455000000000000071e+00, 1.685000000000000142e+01, 1.147000000000000064e+01, 0.000000000000000000e+00, 0.000000000000000000e+00
4.000000000000000000e+05, 1.411999999999999922e+00, 1.524000000000000021e+01, 5.254999999999999893e+00, 0.000000000000000000e+00, 0.000000000000000000e+00
5.000000000000000000e+05, 9.151000000000000245e-01, 1.400000000000000000e+01, 2.951999999999999957e+00, 0.000000000000000000e+00, 0.000000000000000000e+00
6.000000000000000000e+05, 6.407000000000000473e-01, 1.299000000000000021e+01, 1.885999999999999899e+00, 0.000000000000000000e+00, 0.000000000000000000e+00
8.000000000000000000e+05, 3.638000000000000123e-01, 1.144999999999999929e+01, 9.740999999999999659e-01, 0.000000000000000000e+00, 0.000000000000000000e+00
1.000000000000000000e+06, 2.340000000000000135e-01, 1.031000000000000050e+01, 6.079999999999999849e-01, 0.000000000000000000e+00, 0.000000000000000000e+00
1.022000000000000000e+06, 2.240999999999999936e-01, 1.021000000000000085e+01, 5.785000000000000142e-01, 0.000000000000000000e+00, 0.000000000000000000e+00
1.250000000000000000e+06, 1.502999999999999892e-01, 9.233000000000000540e+00, 3.901999999999999913e-01, 3.212999999999999884e-02, 0.000000000000000000e+00
1.500000000000000000e+06, 1.044999999999999957e-01, 8.397999999999999687e+00, 2.796000000000000152e-01, 1.496000000000000107e-01, 0.000000000000000000e+00
2.000000000000000000e+06, 5.890999999999999709e-02, 7.171999999999999709e+00, 1.703999999999999959e-01, 5.137000000000000455e-01, 0.000000000000000000e+00
2.044000000000000000e+06, 5.641000000000000181e-02, 7.083999999999999631e+00, 1.643999999999999906e-01, 5.493999999999999995e-01, 0.000000000000000000e+00
3.000000000000000000e+06, 2.622000000000000025e-02, 5.645999999999999908e+00, 9.059000000000000385e-02, 1.318000000000000060e+00, 1.975000000000000193e-03
4.000000000000000000e+06, 1.476000000000000055e-02, 4.711000000000000298e+00, 6.011999999999999983e-02, 2.036000000000000032e+00, 8.056999999999999926e-03
5.000000000000000000e+06, 9.445999999999999536e-03, 4.068999999999999950e+00, 4.451999999999999708e-02, 2.657000000000000028e+00, 1.603999999999999870e-02
6.000000000000000000e+06, 6.560999999999999992e-03, 3.596999999999999975e+00, 3.516999999999999987e-02, 3.193000000000000060e+00, 2.460999999999999993e-02
7.000000000000000000e+06, 4.820999999999999765e-03, 3.233000000000000096e+00, 2.898999999999999841e-02, 3.670999999999999819e+00, 3.314000000000000279e-02
8.000000000000000000e+06, 3.690999999999999837e-03, 2.942000000000000171e+00, 2.460999999999999993e-02, 4.100999999999999979e+00, 4.139999999999999930e-02
9.000000000000000000e+06, 2.916000000000000189e-03, 2.705000000000000071e+00, 2.136000000000000051e-02, 4.491999999999999993e+00, 4.929999999999999660e-02
1.000000000000000000e+07, 2.361999999999999950e-03, 2.505999999999999783e+00, 1.885999999999999829e-02, 4.849000000000000199e+00, 5.680999999999999939e-02
1.100000000000000000e+07, 1.951999999999999959e-03, 2.338000000000000078e+00, 1.686999999999999958e-02, 5.179000000000000270e+00, 6.390999999999999459e-02
1.200000000000000000e+07, 1.641000000000000097e-03, 2.192000000000000171e+00, 1.525999999999999926e-02, 5.482999999999999652e+00, 7.059999999999999609e-02
1.300000000000000000e+07, 1.397999999999999937e-03, 2.064999999999999947e+00, 1.392000000000000008e-02, 5.764999999999999680e+00, 7.691000000000000614e-02
1.400000000000000000e+07, 1.204999999999999908e-03, 1.953999999999999959e+00, 1.280000000000000061e-02, 6.024000000000000021e+00, 8.290999999999999759e-02
1.500000000000000000e+07, 1.049999999999999935e-03, 1.854999999999999982e+00, 1.183999999999999983e-02, 6.264000000000000234e+00, 8.858000000000000596e-02
1.600000000000000000e+07, 9.229000000000000441e-04, 1.766999999999999904e+00, 1.102000000000000028e-02, 6.488000000000000433e+00, 9.397999999999999410e-02
1.800000000000000000e+07, 7.292000000000000521e-04, 1.614999999999999991e+00, 9.669999999999999776e-03, 6.897000000000000242e+00, 1.039999999999999952e-01
2.000000000000000000e+07, 5.906000000000000442e-04, 1.489000000000000101e+00, 8.614000000000000129e-03, 7.262999999999999901e+00, 1.131000000000000061e-01
2.200000000000000000e+07, 4.880999999999999922e-04, 1.383000000000000007e+00, 7.764000000000000068e-03, 7.594999999999999751e+00, 1.213999999999999940e-01
2.400000000000000000e+07, 4.101999999999999960e-04, 1.292000000000000037e+00, 7.066000000000000232e-03, 7.895999999999999908e+00, 1.290000000000000036e-01
2.600000000000000000e+07, 3.494999999999999843e-04, 1.213999999999999968e+00, 6.483000000000000047e-03, 8.170999999999999375e+00, 1.360000000000000098e-01
2.800000000000000000e+07, 3.014000000000000077e-04, 1.145000000000000018e+00, 5.989000000000000400e-03, 8.423000000000000043e+00, 1.426000000000000045e-01
3.000000000000000000e+07, 2.624999999999999838e-04, 1.084000000000000075e+00, 5.564000000000000369e-03, 8.656000000000000583e+00, 1.486999999999999988e-01
4.000000000000000000e+07, 1.477000000000000123e-04, 8.614000000000000545e-01, 4.106000000000000275e-03, 9.599000000000000199e+00, 1.738000000000000100e-01
5.000000000000000000e+07, 9.450000000000000663e-05, 7.189999999999999725e-01, 3.252999999999999815e-03, 1.030000000000000071e+01, 1.928999999999999881e-01
6.000000000000000000e+07, 6.562999999999999336e-05, 6.195000000000000506e-01, 2.693000000000000081e-03, 1.083999999999999986e+01, 2.081000000000000072e-01
8.000000000000000000e+07, 3.690999999999999728e-05, 4.885999999999999788e-01, 2.003000000000000006e-03, 1.165000000000000036e+01, 2.308999999999999941e-01
1.000000000000000000e+08, 2.362999999999999907e-05, 4.055000000000000271e-01, 1.595000000000000064e-03, 1.222000000000000064e+01, 2.474000000000000088e-01
1.500000000000000000e+08, 1.049999999999999942e-05, 2.888000000000000012e-01, 1.056000000000000081e-03, 1.313000000000000078e+01, 2.748999999999999777e-01
2.000000000000000000e+08, 5.905999999999999866e-06, 2.263999999999999901e-01, 7.893999999999999975e-04, 1.366999999999999993e+01, 2.919999999999999818e-01
3.000000000000000000e+08, 2.624999999999999855e-06, 1.605000000000000038e-01, 5.245000000000000096e-04, 1.430000000000000071e+01, 3.130000000000000004e-01
4.000000000000000000e+08, 1.477000000000000004e-06, 1.257000000000000062e-01, 3.927000000000000044e-04, 1.466000000000000014e+01, 3.256000000000000005e-01
5.000000000000000000e+08, 9.449999999999999519e-07, 1.040999999999999981e-01, 3.137999999999999839e-04, 1.490000000000000036e+01, 3.341999999999999971e-01
6.000000000000000000e+08, 6.561999999999999599e-07, 8.909000000000000252e-02, 2.614000000000000113e-04, 1.507000000000000028e+01, 3.405000000000000249e-01
8.000000000000000000e+08, 3.690999999999999898e-07, 6.958000000000000296e-02, 1.957999999999999888e-04, 1.530000000000000071e+01, 3.492000000000000104e-01
1.000000000000000000e+09, 2.362000000000000107e-07, 5.723999999999999921e-02, 1.566000000000000118e-04, 1.544999999999999929e+01, 3.549999999999999822e-01
1.500000000000000000e+09, 1.050000000000000005e-07, 3.998000000000000165e-02, 1.043000000000000009e-04, 1.566000000000000014e+01, 3.637000000000000233e-01
2.000000000000000000e+09, 5.906000000000000078e-08, 3.093999999999999875e-02, 7.822000000000000665e-05, 1.577999999999999936e+01, 3.685999999999999832e-01
3.000000000000000000e+09, 2.625000000000000014e-08, 2.151000000000000134e-02, 5.212999999999999725e-05, 1.590000000000000036e+01, 3.739000000000000101e-01
4.000000000000000000e+09, 1.476999999999999925e-08, 1.660999999999999976e-02, 3.909000000000000013e-05, 1.597000000000000064e+01, 3.770000000000000018e-01
5.000000000000000000e+09, 9.450000000000000247e-09, 1.358000000000000006e-02, 3.126999999999999707e-05, 1.601000000000000156e+01, 3.789000000000000146e-01
6.000000000000000000e+09, 6.562000000000000294e-09, 1.150999999999999940e-02, 2.606000000000000121e-05, 1.603999999999999915e+01, 3.803000000000000269e-01
8.000000000000000000e+09, 3.691000000000000179e-09, 8.869999999999999413e-03, 1.953999999999999926e-05, 1.607999999999999829e+01, 3.820999999999999952e-01
1.000000000000000000e+10, 2.361999999999999908e-09, 7.242000000000000173e-03, 1.563000000000000112e-05, 1.610999999999999943e+01, 3.831999999999999851e-01
1.500000000000000000e+10, 1.050000000000000096e-09, 5.004999999999999900e-03, 1.042000000000000018e-05, 1.614000000000000057e+01, 3.847999999999999754e-01
2.000000000000000000e+10, 5.906000000000000078e-10, 3.847999999999999858e-03, 7.815000000000000562e-06, 1.616000000000000014e+01, 3.856999999999999873e-01
3.000000000000000000e+10, 2.625000000000000241e-10, 2.654000000000000109e-03, 5.210000000000000092e-06, 1.617999999999999972e+01, 3.865000000000000102e-01
4.000000000000000000e+10, 1.476999999999999914e-10, 2.037000000000000182e-03, 3.907000000000000032e-06, 1.619000000000000128e+01, 3.870999999999999996e-01
5.000000000000000000e+10, 9.449999999999999679e-11, 1.659000000000000101e-03, 3.125999999999999801e-06, 1.619000000000000128e+01, 3.874000000000000221e-01
6.000000000000000000e+10, 6.562000000000000191e-11, 1.402000000000000034e-03, 2.605000000000000046e-06, 1.619999999999999929e+01, 3.876000000000000001e-01
8.000000000000000000e+10, 3.690999999999999843e-11, 1.075000000000000001e-03, 1.953999999999999842e-06, 1.619999999999999929e+01, 3.877999999999999781e-01
1.000000000000000000e+11, 2.362000000000000154e-11, 8.748999999999999616e-04, 1.562999999999999901e-06, 1.621000000000000085e+01, 3.880000000000000115e-01
