1.000000000000000000e+03, 4.801000000000000000e+03, 1.516000000000000014e+00, 2.248000000000000000e+06, 0.000000000000000000e+00, 0.000000000000000000e+00
1.500000000000000000e+03, 4.592000000000000000e+03, 2.573999999999999844e+00, 1.049000000000000000e+06, 0.000000000000000000e+00, 0.000000000000000000e+00
2.000000000000000000e+03, 4.365000000000000000e+03, 3.677999999999999936e+00, 5.740000000000000000e+05, 0.000000000000000000e+00, 0.000000000000000000e+00
3.000000000000000000e+03, 3.910000000000000000e+03, 5.852000000000000313e+00, 7.347000000000000000e+05, 0.000000000000000000e+00, 0.000000000000000000e+00
4.000000000000000000e+03, 3.497000000000000000e+03, 7.857000000000000206e+00, 4.859000000000000000e+05, 0.000000000000000000e+00, 0.000000000000000000e+00
5.000000000000000000e+03, 3.139000000000000000e+03, 9.619999999999999218e+00, 3.112000000000000000e+05, 0.000000000000000000e+00, 0.000000000000000000e+00
6.000000000000000000e+03, 2.829000000000000000e+03, 1.119999999999999929e+01, 1.990000000000000000e+05, 0.000000000000000000e+00, 0.000000000000000000e+00
8.000000000000000000e+03, 2.324000000000000000e+03, 1.405000000000000071e+01, 9.708000000000000000e+04, 0.000000000000000000e+00, 0.000000000000000000e+00
1.000000000000000000e+04, 1.937000000000000000e+03, 1.657999999999999829e+01, 5.505000000000000000e+04, 0.000000000000000000e+00, 0.000000000000000000e+00
1.500000000000000000e+04, 1.303000000000000000e+03, 2.153000000000000114e+01, 1.932000000000000000e+04, 0.000000000000000000e+00, 0.000000000000000000e+00
2.000000000000000000e+04, 9.292000000000000455e+02, 2.498000000000000043e+01, 3.583000000000000000e+04, 0.000000000000000000e+00, 0.000000000000000000e+00
3.000000000000000000e+04, 5.466000000000000227e+02, 2.962000000000000099e+01, 1.257000000000000000e+04, 0.000000000000000000e+00, 0.000000000000000000e+00
4.000000000000000000e+04, 3.670000000000000000e+02, 3.246999999999999886e+01, 5.872000000000000000e+03, 0.000000000000000000e+00, 0.000000000000000000e+00
5.000000000000000000e+04, 2.628000000000000114e+02, 3.417000000000000171e+01, 3.230000000000000000e+03, 0.000000000000000000e+00, 0.000000000000000000e+00
6.000000000000000000e+04, 1.970999999999999943e+02, 3.514000000000000057e+01, 1.975000000000000000e+03, 0.000000000000000000e+00, 0.000000000000000000e+00
8.000000000000000000e+04, 1.237999999999999972e+02, 3.588000000000000256e+01, 9.036000000000000227e+02, 0.000000000000000000e+00, 0.000000000000000000e+00
1.000000000000000000e+05, 8.576000000000000512e+01, 3.582000000000000028e+01, 4.913999999999999773e+02, 0.000000000000000000e+00, 0.000000000000000000e+00
1.500000000000000000e+05, 4.257999999999999829e+01, 3.442000000000000171e+01, 7.727000000000000455e+02, 0.000000000000000000e+00, 0.000000000000000000e+00
2.000000000000000000e+05, 2.544000000000000128e+01, 3.259000000000000341e+01, 3.646000000000000227e+02, 0.000000000000000000e+00, 0.000000000000000000e+00
3.000000000000000000e+05, 1.217999999999999972e+01, 2.925000000000000000e+01, 1.280999999999999943e+02, 0.000000000000000000e+00, 0.000000000000000000e+00
4.000000000000000000e+05, 7.142999999999999794e+00, 2.662000000000000099e+01, 6.254999999999999716e+01, 0.000000000000000000e+00, 0.000000000000000000e+00
5.000000000000000000e+05, 4.687999999999999723e+00, 2.453999999999999915e+01, 3.670000000000000284e+01, 0.000000000000000000e+00, 0.000000000000000000e+00
6.000000000000000000e+05, 3.310000000000000053e+00, 2.282999999999999829e+01, 2.414000000000000057e+01, 0.000000000000000000e+00, 0.000000000000000000e+00
8.000000000000000000e+05, 1.901999999999999913e+00, 2.019000000000000128e+01, 1.288000000000000078e+01, 0.000000000000000000e+00, 0.000000000000000000e+00
1.000000000000000000e+06, 1.231999999999999984e+00, 1.821999999999999886e+01, 8.140000000000000568e+00, 0.000000000000000000e+00, 0.000000000000000000e+00
1.022000000000000000e+06, 1.181000000000000050e+00, 1.803000000000000114e+01, 7.793999999999999595e+00, 0.000000000000000000e+00, 0.000000000000000000e+00
1.250000000000000000e+06, 7.965999999999999748e-01, 1.632999999999999829e+01, 5.264000000000000234e+00, 1.524999999999999967e-01, 0.000000000000000000e+00
1.500000000000000000e+06, 5.565999999999999837e-01, 1.486999999999999922e+01, 3.744000000000000217e+00, 7.392999999999999572e-01, 0.000000000000000000e+00
2.000000000000000000e+06, 3.153000000000000247e-01, 1.271000000000000085e+01, 2.262999999999999901e+00, 2.196000000000000174e+00, 0.000000000000000000e+00
2.044000000000000000e+06, 3.019999999999999907e-01, 1.255000000000000071e+01, 2.181999999999999940e+00, 2.321000000000000174e+00, 0.000000000000000000e+00
3.000000000000000000e+06, 1.409999999999999865e-01, 1.000999999999999979e+01, 1.181000000000000050e+00, 4.677999999999999936e+00, 3.497999999999999807e-03
4.000000000000000000e+06, 7.946999999999999897e-02, 8.358000000000000540e+00, 7.719000000000000306e-01, 6.636999999999999567e+00, 1.425000000000000051e-02
5.000000000000000000e+06, 5.091999999999999998e-02, 7.221000000000000085e+00, 5.649999999999999467e-01, 8.272999999999999687e+00, 2.834000000000000061e-02
6.000000000000000000e+06, 3.538999999999999785e-02, 6.384000000000000341e+00, 4.423000000000000265e-01, 9.682000000000000384e+00, 4.343999999999999945e-02
7.000000000000000000e+06, 2.600999999999999840e-02, 5.738000000000000433e+00, 3.618999999999999995e-01, 1.091999999999999993e+01, 5.843999999999999889e-02
8.000000000000000000e+06, 1.992000000000000021e-02, 5.222999999999999865e+00, 3.054999999999999938e-01, 1.203999999999999915e+01, 7.294000000000000483e-02
9.000000000000000000e+06, 1.574000000000000052e-02, 4.801000000000000156e+00, 2.639000000000000234e-01, 1.307000000000000028e+01, 8.677999999999999603e-02
1.000000000000000000e+07, 1.274999999999999918e-02, 4.448999999999999844e+00, 2.320000000000000118e-01, 1.400999999999999979e+01, 9.989000000000000656e-02
1.100000000000000000e+07, 1.054000000000000076e-02, 4.150000000000000355e+00, 2.069000000000000006e-01, 1.488000000000000078e+01, 1.122999999999999970e-01
1.200000000000000000e+07, 8.855999999999999289e-03, 3.891999999999999904e+00, 1.864999999999999991e-01, 1.568999999999999950e+01, 1.238999999999999962e-01
1.300000000000000000e+07, 7.545999999999999756e-03, 3.666999999999999815e+00, 1.698000000000000065e-01, 1.644999999999999929e+01, 1.348999999999999921e-01
1.400000000000000000e+07, 6.506999999999999763e-03, 3.468999999999999861e+00, 1.557000000000000051e-01, 1.716000000000000014e+01, 1.453000000000000125e-01
1.500000000000000000e+07, 5.669000000000000428e-03, 3.293000000000000149e+00, 1.438000000000000111e-01, 1.782999999999999829e+01, 1.550999999999999879e-01
1.600000000000000000e+07, 4.982000000000000317e-03, 3.136000000000000121e+00, 1.335000000000000075e-01, 1.844999999999999929e+01, 1.643999999999999906e-01
1.800000000000000000e+07, 3.937000000000000395e-03, 2.866999999999999993e+00, 1.168000000000000010e-01, 1.957000000000000028e+01, 1.816000000000000114e-01
2.000000000000000000e+07, 3.188999999999999994e-03, 2.644000000000000128e+00, 1.038000000000000034e-01, 2.057000000000000028e+01, 1.971999999999999864e-01
2.200000000000000000e+07, 2.635999999999999888e-03, 2.455000000000000071e+00, 9.336999999999999467e-02, 2.148000000000000043e+01, 2.114000000000000046e-01
2.400000000000000000e+07, 2.214999999999999955e-03, 2.294000000000000039e+00, 8.483000000000000262e-02, 2.230999999999999872e+01, 2.243999999999999884e-01
2.600000000000000000e+07, 1.887000000000000005e-03, 2.154999999999999805e+00, 7.771000000000000130e-02, 2.307000000000000028e+01, 2.363999999999999990e-01
2.800000000000000000e+07, 1.626999999999999974e-03, 2.032000000000000028e+00, 7.169000000000000372e-02, 2.376000000000000156e+01, 2.474999999999999978e-01
3.000000000000000000e+07, 1.417000000000000074e-03, 1.925000000000000044e+00, 6.653000000000000580e-02, 2.441000000000000014e+01, 2.576999999999999846e-01
4.000000000000000000e+07, 7.973000000000000269e-04, 1.528999999999999915e+00, 4.889999999999999902e-02, 2.701999999999999957e+01, 2.999999999999999889e-01
5.000000000000000000e+07, 5.102999999999999897e-04, 1.276999999999999913e+00, 3.864000000000000073e-02, 2.896000000000000085e+01, 3.316999999999999948e-01
6.000000000000000000e+07, 3.543999999999999950e-04, 1.100000000000000089e+00, 3.193000000000000005e-02, 3.046999999999999886e+01, 3.565999999999999726e-01
8.000000000000000000e+07, 1.992999999999999926e-04, 8.675000000000000488e-01, 2.369999999999999885e-02, 3.267999999999999972e+01, 3.937999999999999834e-01
1.000000000000000000e+08, 1.276000000000000116e-04, 7.199999999999999734e-01, 1.883999999999999911e-02, 3.422999999999999687e+01, 4.205999999999999739e-01
1.500000000000000000e+08, 5.670000000000000262e-05, 5.128000000000000336e-01, 1.244999999999999926e-02, 3.670000000000000284e+01, 4.643999999999999795e-01
2.000000000000000000e+08, 3.189000000000000130e-05, 4.020000000000000240e-01, 9.299999999999999239e-03, 3.815999999999999659e+01, 4.914999999999999925e-01
3.000000000000000000e+08, 1.416999999999999986e-05, 2.849999999999999756e-01, 6.173999999999999801e-03, 3.985999999999999943e+01, 5.243999999999999773e-01
4.000000000000000000e+08, 7.972999999999999727e-06, 2.232000000000000095e-01, 4.619999999999999975e-03, 4.082999999999999829e+01, 5.440000000000000391e-01
5.000000000000000000e+08, 5.103000000000000100e-06, 1.847000000000000031e-01, 3.690999999999999837e-03, 4.146999999999999886e+01, 5.573000000000000176e-01
6.000000000000000000e+08, 3.543999999999999865e-06, 1.582000000000000073e-01, 3.073999999999999910e-03, 4.192999999999999972e+01, 5.669999999999999485e-01
8.000000000000000000e+08, 1.992999999999999807e-06, 1.234999999999999987e-01, 2.302999999999999926e-03, 4.253999999999999915e+01, 5.803000000000000380e-01
1.000000000000000000e+09, 1.275999999999999938e-06, 1.015999999999999959e-01, 1.840999999999999972e-03, 4.292999999999999972e+01, 5.891999999999999460e-01
1.500000000000000000e+09, 5.670000000000000347e-07, 7.098000000000000143e-02, 1.226000000000000093e-03, 4.350000000000000000e+01, 6.022999999999999465e-01
2.000000000000000000e+09, 3.188999999999999770e-07, 5.494000000000000272e-02, 9.192999999999999566e-04, 4.381000000000000227e+01, 6.098000000000000087e-01
3.000000000000000000e+09, 1.417000000000000049e-07, 3.819999999999999785e-02, 6.126000000000000369e-04, 4.414000000000000057e+01, 6.179000000000000048e-01
4.000000000000000000e+09, 7.972999999999999992e-08, 2.947999999999999926e-02, 4.592999999999999969e-04, 4.432000000000000028e+01, 6.227000000000000313e-01
5.000000000000000000e+09, 5.103000000000000100e-08, 2.410999999999999949e-02, 3.673999999999999857e-04, 4.443999999999999773e+01, 6.256000000000000449e-01
6.000000000000000000e+09, 3.543999999999999839e-08, 2.043999999999999984e-02, 3.062000000000000160e-04, 4.452000000000000313e+01, 6.276000000000000467e-01
8.000000000000000000e+09, 1.993000000000000045e-08, 1.575000000000000011e-02, 2.295999999999999972e-04, 4.461999999999999744e+01, 6.303999999999999604e-01
1.000000000000000000e+10, 1.275999999999999978e-08, 1.285999999999999990e-02, 1.836999999999999929e-04, 4.468999999999999773e+01, 6.320999999999999952e-01
1.500000000000000000e+10, 5.669999999999999652e-09, 8.887000000000000802e-03, 1.223999999999999936e-04, 4.478000000000000114e+01, 6.343999999999999639e-01
2.000000000000000000e+10, 3.189000000000000051e-09, 6.832000000000000399e-03, 9.181999999999999841e-05, 4.482999999999999829e+01, 6.358000000000000318e-01
3.000000000000000000e+10, 1.416999999999999966e-09, 4.712000000000000043e-03, 6.121000000000000518e-05, 4.488000000000000256e+01, 6.370999999999999996e-01
4.000000000000000000e+10, 7.973000000000000281e-10, 3.616999999999999989e-03, 4.590999999999999920e-05, 4.489999999999999858e+01, 6.380000000000000115e-01
5.000000000000000000e+10, 5.102999999999999852e-10, 2.945999999999999834e-03, 3.672000000000000079e-05, 4.492000000000000171e+01, 6.384999999999999565e-01
6.000000000000000000e+10, 3.543999999999999859e-10, 2.490000000000000026e-03, 3.059999999999999840e-05, 4.492999999999999972e+01, 6.388000000000000345e-01
8.000000000000000000e+10, 1.992999999999999994e-10, 1.909000000000000107e-03, 2.294999999999999880e-05, 4.495000000000000284e+01, 6.391000000000000014e-01
1.000000000000000000e+11, 1.276000000000000040e-10, 1.552999999999999910e-03, 1.836000000000000040e-05, 4.496000000000000085e+01, 6.393999999999999684e-01
