1.000000000000000000e+03, 6.127000000000000000e+03, 1.701000000000000068e+00, 3.285000000000000000e+06, 0.000000000000000000e+00, 0.000000000000000000e+00
1.500000000000000000e+03, 5.875000000000000000e+03, 2.834999999999999964e+00, 1.688000000000000000e+06, 0.000000000000000000e+00, 0.000000000000000000e+00
2.000000000000000000e+03, 5.601000000000000000e+03, 3.983000000000000096e+00, 9.580000000000000000e+05, 0.000000000000000000e+00, 0.000000000000000000e+00
3.000000000000000000e+03, 5.043000000000000000e+03, 6.221000000000000085e+00, 3.928000000000000000e+05, 0.000000000000000000e+00, 0.000000000000000000e+00
4.000000000000000000e+03, 4.516000000000000000e+03, 8.298999999999999488e+00, 2.027000000000000000e+05, 0.000000000000000000e+00, 0.000000000000000000e+00
5.000000000000000000e+03, 4.044000000000000000e+03, 1.019999999999999929e+01, 3.826000000000000000e+05, 0.000000000000000000e+00, 0.000000000000000000e+00
6.000000000000000000e+03, 3.636000000000000000e+03, 1.193999999999999950e+01, 2.821000000000000000e+05, 0.000000000000000000e+00, 0.000000000000000000e+00
8.000000000000000000e+03, 2.984000000000000000e+03, 1.502999999999999936e+01, 1.519000000000000000e+05, 0.000000000000000000e+00, 0.000000000000000000e+00
1.000000000000000000e+04, 2.497000000000000000e+03, 1.775000000000000000e+01, 8.700000000000000000e+04, 0.000000000000000000e+00, 0.000000000000000000e+00
1.500000000000000000e+04, 1.706000000000000000e+03, 2.332000000000000028e+01, 3.115000000000000000e+04, 0.000000000000000000e+00, 0.000000000000000000e+00
2.000000000000000000e+04, 1.240000000000000000e+03, 2.730999999999999872e+01, 3.449000000000000000e+04, 0.000000000000000000e+00, 0.000000000000000000e+00
3.000000000000000000e+04, 7.337999999999999545e+02, 3.243999999999999773e+01, 1.976000000000000000e+04, 0.000000000000000000e+00, 0.000000000000000000e+00
4.000000000000000000e+04, 4.918999999999999773e+02, 3.554999999999999716e+01, 9.497000000000000000e+03, 0.000000000000000000e+00, 0.000000000000000000e+00
5.000000000000000000e+04, 3.571999999999999886e+02, 3.749000000000000199e+01, 5.318000000000000000e+03, 0.000000000000000000e+00, 0.000000000000000000e+00
6.000000000000000000e+04, 2.701000000000000227e+02, 3.867000000000000171e+01, 3.295000000000000000e+03, 0.000000000000000000e+00, 0.000000000000000000e+00
8.000000000000000000e+04, 1.698000000000000114e+02, 3.964999999999999858e+01, 1.538000000000000000e+03, 0.000000000000000000e+00, 0.000000000000000000e+00
1.000000000000000000e+05, 1.179000000000000057e+02, 3.968999999999999773e+01, 8.488999999999999773e+02, 0.000000000000000000e+00, 0.000000000000000000e+00
1.500000000000000000e+05, 5.942000000000000171e+01, 3.822999999999999687e+01, 1.164000000000000000e+03, 0.000000000000000000e+00, 0.000000000000000000e+00
2.000000000000000000e+05, 3.567000000000000171e+01, 3.635999999999999943e+01, 5.630000000000000000e+02, 0.000000000000000000e+00, 0.000000000000000000e+00
3.000000000000000000e+05, 1.717000000000000171e+01, 3.274000000000000199e+01, 2.050000000000000000e+02, 0.000000000000000000e+00, 0.000000000000000000e+00
4.000000000000000000e+05, 1.014000000000000057e+01, 2.983999999999999986e+01, 1.025000000000000000e+02, 0.000000000000000000e+00, 0.000000000000000000e+00
5.000000000000000000e+05, 6.695999999999999730e+00, 2.753000000000000114e+01, 6.117999999999999972e+01, 0.000000000000000000e+00, 0.000000000000000000e+00
6.000000000000000000e+05, 4.748000000000000220e+00, 2.564000000000000057e+01, 4.071999999999999886e+01, 0.000000000000000000e+00, 0.000000000000000000e+00
8.000000000000000000e+05, 2.742999999999999883e+00, 2.269000000000000128e+01, 2.203999999999999915e+01, 0.000000000000000000e+00, 0.000000000000000000e+00
1.000000000000000000e+06, 1.784999999999999920e+00, 2.048999999999999844e+01, 1.400999999999999979e+01, 0.000000000000000000e+00, 0.000000000000000000e+00
1.022000000000000000e+06, 1.711000000000000076e+00, 2.028000000000000114e+01, 1.341999999999999993e+01, 0.000000000000000000e+00, 0.000000000000000000e+00
1.250000000000000000e+06, 1.157000000000000028e+00, 1.837999999999999901e+01, 9.080000000000000071e+00, 2.053000000000000103e-01, 0.000000000000000000e+00
1.500000000000000000e+06, 8.106999999999999762e-01, 1.673000000000000043e+01, 6.453000000000000291e+00, 1.038000000000000034e+00, 0.000000000000000000e+00
2.000000000000000000e+06, 4.606999999999999984e-01, 1.431000000000000050e+01, 3.895999999999999908e+00, 2.996999999999999886e+00, 0.000000000000000000e+00
2.044000000000000000e+06, 4.414000000000000146e-01, 1.413000000000000078e+01, 3.754999999999999893e+00, 3.157999999999999918e+00, 0.000000000000000000e+00
3.000000000000000000e+06, 2.066999999999999948e-01, 1.127999999999999936e+01, 2.025999999999999801e+00, 6.067999999999999616e+00, 3.937999999999999660e-03
4.000000000000000000e+06, 1.166999999999999982e-01, 9.413000000000000256e+00, 1.320000000000000062e+00, 8.377000000000000668e+00, 1.603999999999999870e-02
5.000000000000000000e+06, 7.481999999999999762e-02, 8.131999999999999673e+00, 9.634000000000000341e-01, 1.030000000000000071e+01, 3.187999999999999862e-02
6.000000000000000000e+06, 5.201999999999999680e-02, 7.190000000000000391e+00, 7.526000000000000467e-01, 1.191000000000000014e+01, 4.884999999999999759e-02
7.000000000000000000e+06, 3.824000000000000316e-02, 6.463000000000000078e+00, 6.148000000000000131e-01, 1.338000000000000078e+01, 6.568999999999999839e-02
8.000000000000000000e+06, 2.929000000000000006e-02, 5.883000000000000007e+00, 5.182999999999999829e-01, 1.471000000000000085e+01, 8.196000000000000507e-02
9.000000000000000000e+06, 2.315000000000000044e-02, 5.408000000000000362e+00, 4.471999999999999864e-01, 1.592999999999999972e+01, 9.747999999999999721e-02
1.000000000000000000e+07, 1.875999999999999890e-02, 5.011000000000000121e+00, 3.927999999999999825e-01, 1.705999999999999872e+01, 1.121999999999999942e-01
1.100000000000000000e+07, 1.550999999999999948e-02, 4.674000000000000377e+00, 3.498999999999999888e-01, 1.810999999999999943e+01, 1.260000000000000009e-01
1.200000000000000000e+07, 1.302999999999999992e-02, 4.384000000000000341e+00, 3.153000000000000247e-01, 1.908999999999999986e+01, 1.391000000000000014e-01
1.300000000000000000e+07, 1.110000000000000049e-02, 4.129999999999999893e+00, 2.867999999999999994e-01, 2.001000000000000156e+01, 1.512999999999999901e-01
1.400000000000000000e+07, 9.575000000000000178e-03, 3.907000000000000028e+00, 2.629000000000000226e-01, 2.087000000000000099e+01, 1.630000000000000060e-01
1.500000000000000000e+07, 8.342000000000000456e-03, 3.709999999999999964e+00, 2.426999999999999991e-01, 2.167000000000000171e+01, 1.739999999999999880e-01
1.600000000000000000e+07, 7.331999999999999976e-03, 3.532999999999999918e+00, 2.253000000000000003e-01, 2.242999999999999972e+01, 1.844000000000000083e-01
1.800000000000000000e+07, 5.793999999999999671e-03, 3.229000000000000092e+00, 1.968999999999999917e-01, 2.380000000000000071e+01, 2.036000000000000032e-01
2.000000000000000000e+07, 4.693000000000000123e-03, 2.978000000000000203e+00, 1.748999999999999999e-01, 2.501999999999999957e+01, 2.210000000000000020e-01
2.200000000000000000e+07, 3.879000000000000069e-03, 2.766000000000000014e+00, 1.572000000000000064e-01, 2.612999999999999901e+01, 2.368000000000000105e-01
2.400000000000000000e+07, 3.259000000000000178e-03, 2.584000000000000075e+00, 1.428000000000000103e-01, 2.714999999999999858e+01, 2.514000000000000123e-01
2.600000000000000000e+07, 2.776999999999999955e-03, 2.427000000000000046e+00, 1.307000000000000106e-01, 2.808999999999999986e+01, 2.646999999999999909e-01
2.800000000000000000e+07, 2.394999999999999993e-03, 2.289000000000000146e+00, 1.205999999999999989e-01, 2.894000000000000128e+01, 2.771000000000000130e-01
3.000000000000000000e+07, 2.086000000000000180e-03, 2.168000000000000149e+00, 1.117999999999999966e-01, 2.973000000000000043e+01, 2.884999999999999787e-01
4.000000000000000000e+07, 1.173999999999999913e-03, 1.723000000000000087e+00, 8.211000000000000243e-02, 3.293999999999999773e+01, 3.355000000000000204e-01
5.000000000000000000e+07, 7.510999999999999881e-04, 1.437999999999999945e+00, 6.483999999999999486e-02, 3.532999999999999829e+01, 3.706999999999999740e-01
6.000000000000000000e+07, 5.215999999999999933e-04, 1.239000000000000101e+00, 5.356999999999999956e-02, 3.718999999999999773e+01, 3.983999999999999764e-01
8.000000000000000000e+07, 2.933999999999999759e-04, 9.771999999999999575e-01, 3.973000000000000143e-02, 3.992000000000000171e+01, 4.395000000000000018e-01
1.000000000000000000e+08, 1.878000000000000112e-04, 8.111000000000000432e-01, 3.157999999999999696e-02, 4.184000000000000341e+01, 4.691000000000000170e-01
1.500000000000000000e+08, 8.346000000000000391e-05, 5.776000000000000023e-01, 2.086000000000000007e-02, 4.485999999999999943e+01, 5.173999999999999710e-01
2.000000000000000000e+08, 4.694000000000000120e-05, 4.529000000000000248e-01, 1.558000000000000010e-02, 4.665999999999999659e+01, 5.473000000000000087e-01
3.000000000000000000e+08, 2.086000000000000018e-05, 3.210000000000000075e-01, 1.034000000000000023e-02, 4.875000000000000000e+01, 5.834000000000000297e-01
4.000000000000000000e+08, 1.173999999999999941e-05, 2.514000000000000123e-01, 7.735999999999999821e-03, 4.995000000000000284e+01, 6.048000000000000043e-01
5.000000000000000000e+08, 7.510999999999999746e-06, 2.081000000000000072e-01, 6.179999999999999730e-03, 5.072999999999999687e+01, 6.193999999999999506e-01
6.000000000000000000e+08, 5.215999999999999696e-06, 1.781999999999999973e-01, 5.145000000000000268e-03, 5.129999999999999716e+01, 6.300000000000000044e-01
8.000000000000000000e+08, 2.934000000000000200e-06, 1.391999999999999904e-01, 3.854999999999999920e-03, 5.203999999999999915e+01, 6.445999999999999508e-01
1.000000000000000000e+09, 1.878000000000000061e-06, 1.145000000000000046e-01, 3.082000000000000104e-03, 5.252000000000000313e+01, 6.542999999999999927e-01
1.500000000000000000e+09, 8.346000000000000222e-07, 7.994999999999999329e-02, 2.053000000000000137e-03, 5.321000000000000085e+01, 6.685999999999999721e-01
2.000000000000000000e+09, 4.694000000000000078e-07, 6.187999999999999751e-02, 1.539000000000000003e-03, 5.360000000000000142e+01, 6.767999999999999572e-01
3.000000000000000000e+09, 2.086000000000000018e-07, 4.302999999999999881e-02, 1.025000000000000086e-03, 5.399000000000000199e+01, 6.855999999999999872e-01
4.000000000000000000e+09, 1.174000000000000057e-07, 3.321000000000000341e-02, 7.688000000000000389e-04, 5.424000000000000199e+01, 6.908999999999999586e-01
5.000000000000000000e+09, 7.511000000000000222e-08, 2.715000000000000052e-02, 6.149999999999999868e-04, 5.438000000000000256e+01, 6.941000000000000503e-01
6.000000000000000000e+09, 5.215999999999999855e-08, 2.302999999999999839e-02, 5.123999999999999866e-04, 5.447999999999999687e+01, 6.963000000000000300e-01
8.000000000000000000e+09, 2.934000000000000001e-08, 1.773999999999999883e-02, 3.843000000000000170e-04, 5.460999999999999943e+01, 6.993000000000000327e-01
1.000000000000000000e+10, 1.878000000000000008e-08, 1.447999999999999982e-02, 3.073999999999999910e-04, 5.468999999999999773e+01, 7.012000000000000455e-01
1.500000000000000000e+10, 8.346000000000000751e-09, 1.000999999999999980e-02, 2.048999999999999932e-04, 5.478999999999999915e+01, 7.036999999999999922e-01
2.000000000000000000e+10, 4.693999999999999714e-09, 7.695999999999999716e-03, 1.536999999999999955e-04, 5.485000000000000142e+01, 7.053000000000000380e-01
3.000000000000000000e+10, 2.086000000000000034e-09, 5.308000000000000218e-03, 1.023999999999999954e-04, 5.490999999999999659e+01, 7.066000000000000059e-01
4.000000000000000000e+10, 1.174000000000000082e-09, 4.074999999999999629e-03, 7.682999999999999454e-05, 5.495000000000000284e+01, 7.076000000000000068e-01
5.000000000000000000e+10, 7.511000000000000222e-10, 3.318000000000000203e-03, 6.147000000000000608e-05, 5.496999999999999886e+01, 7.080999999999999517e-01
6.000000000000000000e+10, 5.216000000000000393e-10, 2.805000000000000202e-03, 5.122000000000000088e-05, 5.499000000000000199e+01, 7.085000000000000187e-01
8.000000000000000000e+10, 2.933999999999999898e-10, 2.151000000000000134e-03, 3.842000000000000146e-05, 5.500000000000000000e+01, 7.087999999999999856e-01
1.000000000000000000e+11, 1.877999999999999874e-10, 1.750000000000000036e-03, 3.072999999999999885e-05, 5.500999999999999801e+01, 7.090999999999999526e-01
