1.000000000000000000e+03, 5.745000000000000000e+03, 1.747000000000000108e+00, 2.968000000000000000e+06, 0.000000000000000000e+00, 0.000000000000000000e+00
1.500000000000000000e+03, 5.504000000000000000e+03, 2.891000000000000014e+00, 1.498000000000000000e+06, 0.000000000000000000e+00, 0.000000000000000000e+00
2.000000000000000000e+03, 5.243000000000000000e+03, 4.035999999999999588e+00, 8.404000000000000000e+05, 0.000000000000000000e+00, 0.000000000000000000e+00
3.000000000000000000e+03, 4.712000000000000000e+03, 6.246999999999999886e+00, 3.439000000000000000e+05, 0.000000000000000000e+00, 0.000000000000000000e+00
4.000000000000000000e+03, 4.212000000000000000e+03, 8.279999999999999361e+00, 4.192000000000000000e+05, 0.000000000000000000e+00, 0.000000000000000000e+00
5.000000000000000000e+03, 3.770000000000000000e+03, 1.014000000000000057e+01, 3.957000000000000000e+05, 0.000000000000000000e+00, 0.000000000000000000e+00
6.000000000000000000e+03, 3.391000000000000000e+03, 1.182000000000000028e+01, 2.646000000000000000e+05, 0.000000000000000000e+00, 0.000000000000000000e+00
8.000000000000000000e+03, 2.787000000000000000e+03, 1.482000000000000028e+01, 1.356000000000000000e+05, 0.000000000000000000e+00, 0.000000000000000000e+00
1.000000000000000000e+04, 2.333000000000000000e+03, 1.746999999999999886e+01, 7.758000000000000000e+04, 0.000000000000000000e+00, 0.000000000000000000e+00
1.500000000000000000e+04, 1.590000000000000000e+03, 2.285999999999999943e+01, 2.760000000000000000e+04, 0.000000000000000000e+00, 0.000000000000000000e+00
2.000000000000000000e+04, 1.150000000000000000e+03, 2.673000000000000043e+01, 3.085000000000000000e+04, 0.000000000000000000e+00, 0.000000000000000000e+00
3.000000000000000000e+04, 6.788999999999999773e+02, 3.167999999999999972e+01, 1.766000000000000000e+04, 0.000000000000000000e+00, 0.000000000000000000e+00
4.000000000000000000e+04, 4.560000000000000000e+02, 3.471000000000000085e+01, 8.391000000000000000e+03, 0.000000000000000000e+00, 0.000000000000000000e+00
5.000000000000000000e+04, 3.300000000000000000e+02, 3.660000000000000142e+01, 4.676000000000000000e+03, 0.000000000000000000e+00, 0.000000000000000000e+00
6.000000000000000000e+04, 2.489000000000000057e+02, 3.771999999999999886e+01, 2.886000000000000000e+03, 0.000000000000000000e+00, 0.000000000000000000e+00
8.000000000000000000e+04, 1.564000000000000057e+02, 3.863000000000000256e+01, 1.339000000000000000e+03, 0.000000000000000000e+00, 0.000000000000000000e+00
1.000000000000000000e+05, 1.085000000000000000e+02, 3.864000000000000057e+01, 7.361000000000000227e+02, 0.000000000000000000e+00, 0.000000000000000000e+00
1.500000000000000000e+05, 5.450000000000000000e+01, 3.725000000000000000e+01, 1.046000000000000000e+03, 0.000000000000000000e+00, 0.000000000000000000e+00
2.000000000000000000e+05, 3.267999999999999972e+01, 3.535000000000000142e+01, 5.041000000000000227e+02, 0.000000000000000000e+00, 0.000000000000000000e+00
3.000000000000000000e+05, 1.571000000000000085e+01, 3.180000000000000071e+01, 1.815999999999999943e+02, 0.000000000000000000e+00, 0.000000000000000000e+00
4.000000000000000000e+05, 9.259999999999999787e+00, 2.896999999999999886e+01, 9.021999999999999886e+01, 0.000000000000000000e+00, 0.000000000000000000e+00
5.000000000000000000e+05, 6.104000000000000092e+00, 2.671999999999999886e+01, 5.356000000000000227e+01, 0.000000000000000000e+00, 0.000000000000000000e+00
6.000000000000000000e+05, 4.323000000000000398e+00, 2.487999999999999901e+01, 3.553000000000000114e+01, 0.000000000000000000e+00, 0.000000000000000000e+00
8.000000000000000000e+05, 2.494000000000000217e+00, 2.201000000000000156e+01, 1.914999999999999858e+01, 0.000000000000000000e+00, 0.000000000000000000e+00
1.000000000000000000e+06, 1.620000000000000107e+00, 1.987000000000000099e+01, 1.215000000000000036e+01, 0.000000000000000000e+00, 0.000000000000000000e+00
1.022000000000000000e+06, 1.552999999999999936e+00, 1.967000000000000171e+01, 1.163000000000000078e+01, 0.000000000000000000e+00, 0.000000000000000000e+00
1.250000000000000000e+06, 1.050000000000000044e+00, 1.782000000000000028e+01, 7.868000000000000327e+00, 1.905000000000000027e-01, 0.000000000000000000e+00
1.500000000000000000e+06, 7.348000000000000087e-01, 1.621999999999999886e+01, 5.594000000000000306e+00, 9.515000000000000124e-01, 0.000000000000000000e+00
2.000000000000000000e+06, 4.172000000000000153e-01, 1.386999999999999922e+01, 3.378000000000000114e+00, 2.766000000000000014e+00, 0.000000000000000000e+00
2.044000000000000000e+06, 3.996999999999999997e-01, 1.369999999999999929e+01, 3.255999999999999783e+00, 2.918000000000000149e+00, 0.000000000000000000e+00
3.000000000000000000e+06, 1.869000000000000106e-01, 1.092999999999999972e+01, 1.758000000000000007e+00, 5.674000000000000377e+00, 3.818000000000000213e-03
4.000000000000000000e+06, 1.054999999999999966e-01, 9.125999999999999446e+00, 1.145999999999999908e+00, 7.892000000000000348e+00, 1.554999999999999959e-02
5.000000000000000000e+06, 6.762999999999999567e-02, 7.884000000000000341e+00, 8.374000000000000332e-01, 9.740999999999999659e+00, 3.091999999999999957e-02
6.000000000000000000e+06, 4.701000000000000317e-02, 6.969999999999999751e+00, 6.544999999999999707e-01, 1.131000000000000050e+01, 4.737999999999999851e-02
7.000000000000000000e+06, 3.456000000000000044e-02, 6.264999999999999680e+00, 5.349000000000000421e-01, 1.272000000000000064e+01, 6.372999999999999499e-02
8.000000000000000000e+06, 2.647000000000000047e-02, 5.703000000000000291e+00, 4.511000000000000010e-01, 1.399000000000000021e+01, 7.951999999999999347e-02
9.000000000000000000e+06, 2.092000000000000109e-02, 5.243000000000000327e+00, 3.892999999999999794e-01, 1.516000000000000014e+01, 9.457999999999999741e-02
1.000000000000000000e+07, 1.694999999999999979e-02, 4.857999999999999652e+00, 3.420000000000000262e-01, 1.623999999999999844e+01, 1.088999999999999968e-01
1.100000000000000000e+07, 1.400999999999999988e-02, 4.530999999999999694e+00, 3.048000000000000154e-01, 1.723999999999999844e+01, 1.223000000000000059e-01
1.200000000000000000e+07, 1.176999999999999921e-02, 4.250000000000000000e+00, 2.746999999999999997e-01, 1.817000000000000171e+01, 1.350000000000000089e-01
1.300000000000000000e+07, 1.003000000000000072e-02, 4.003999999999999559e+00, 2.499000000000000110e-01, 1.903999999999999915e+01, 1.469000000000000028e-01
1.400000000000000000e+07, 8.649999999999999703e-03, 3.787999999999999812e+00, 2.290999999999999981e-01, 1.985999999999999943e+01, 1.582000000000000073e-01
1.500000000000000000e+07, 7.536000000000000164e-03, 3.596000000000000085e+00, 2.114999999999999936e-01, 2.062999999999999901e+01, 1.688999999999999946e-01
1.600000000000000000e+07, 6.623000000000000415e-03, 3.424999999999999822e+00, 1.963999999999999913e-01, 2.133999999999999986e+01, 1.789999999999999925e-01
1.800000000000000000e+07, 5.233999999999999937e-03, 3.129999999999999893e+00, 1.716999999999999915e-01, 2.264000000000000057e+01, 1.975999999999999979e-01
2.000000000000000000e+07, 4.238999999999999713e-03, 2.887000000000000011e+00, 1.524999999999999967e-01, 2.380000000000000071e+01, 2.146000000000000130e-01
2.200000000000000000e+07, 3.504000000000000170e-03, 2.681000000000000050e+00, 1.370999999999999996e-01, 2.485999999999999943e+01, 2.300000000000000100e-01
2.400000000000000000e+07, 2.944000000000000002e-03, 2.504999999999999893e+00, 1.244999999999999996e-01, 2.582999999999999829e+01, 2.441000000000000114e-01
2.600000000000000000e+07, 2.508999999999999946e-03, 2.353000000000000203e+00, 1.140000000000000041e-01, 2.671000000000000085e+01, 2.570999999999999952e-01
2.800000000000000000e+07, 2.162999999999999992e-03, 2.218999999999999861e+00, 1.052000000000000018e-01, 2.751999999999999957e+01, 2.691000000000000059e-01
3.000000000000000000e+07, 1.884000000000000041e-03, 2.101999999999999869e+00, 9.758000000000000007e-02, 2.826000000000000156e+01, 2.802000000000000046e-01
4.000000000000000000e+07, 1.059999999999999961e-03, 1.669999999999999929e+00, 7.166000000000000147e-02, 3.130999999999999872e+01, 3.259000000000000230e-01
5.000000000000000000e+07, 6.784000000000000100e-04, 1.393999999999999906e+00, 5.659999999999999754e-02, 3.357000000000000028e+01, 3.602000000000000202e-01
6.000000000000000000e+07, 4.711000000000000127e-04, 1.201000000000000068e+00, 4.676000000000000295e-02, 3.532000000000000028e+01, 3.870999999999999996e-01
8.000000000000000000e+07, 2.649999999999999903e-04, 9.473000000000000309e-01, 3.468999999999999861e-02, 3.789999999999999858e+01, 4.272000000000000242e-01
1.000000000000000000e+08, 1.696000000000000025e-04, 7.862000000000000099e-01, 2.757000000000000076e-02, 3.971999999999999886e+01, 4.561000000000000054e-01
1.500000000000000000e+08, 7.537999999999999996e-05, 5.598999999999999533e-01, 1.822000000000000008e-02, 4.257999999999999829e+01, 5.031999999999999806e-01
2.000000000000000000e+08, 4.240000000000000062e-05, 4.390000000000000013e-01, 1.359999999999999924e-02, 4.428000000000000114e+01, 5.322999999999999954e-01
3.000000000000000000e+08, 1.885000000000000079e-05, 3.111999999999999766e-01, 9.029000000000000567e-03, 4.627000000000000313e+01, 5.675999999999999934e-01
4.000000000000000000e+08, 1.060000000000000016e-05, 2.437000000000000000e-01, 6.756999999999999985e-03, 4.739999999999999858e+01, 5.886000000000000121e-01
5.000000000000000000e+08, 6.783999999999999761e-06, 2.016999999999999904e-01, 5.398000000000000020e-03, 4.814999999999999858e+01, 6.028999999999999915e-01
6.000000000000000000e+08, 4.711000000000000296e-06, 1.726999999999999924e-01, 4.493999999999999731e-03, 4.867999999999999972e+01, 6.132999999999999563e-01
8.000000000000000000e+08, 2.650000000000000039e-06, 1.348999999999999921e-01, 3.367000000000000201e-03, 4.939000000000000057e+01, 6.276000000000000467e-01
1.000000000000000000e+09, 1.695999999999999940e-06, 1.110000000000000014e-01, 2.691999999999999948e-03, 4.984000000000000341e+01, 6.370999999999999996e-01
1.500000000000000000e+09, 7.537999999999999869e-07, 7.750999999999999557e-02, 1.793000000000000106e-03, 5.050000000000000000e+01, 6.512000000000000011e-01
2.000000000000000000e+09, 4.239999999999999850e-07, 5.999000000000000166e-02, 1.343999999999999926e-03, 5.085999999999999943e+01, 6.592999999999999972e-01
3.000000000000000000e+09, 1.885000000000000005e-07, 4.170999999999999708e-02, 8.955999999999999768e-04, 5.122999999999999687e+01, 6.680000000000000382e-01
4.000000000000000000e+09, 1.059999999999999963e-07, 3.219999999999999946e-02, 6.715999999999999531e-04, 5.146999999999999886e+01, 6.732000000000000206e-01
5.000000000000000000e+09, 6.784000000000000396e-08, 2.631999999999999965e-02, 5.372000000000000473e-04, 5.160999999999999943e+01, 6.763000000000000123e-01
6.000000000000000000e+09, 4.711000000000000296e-08, 2.231999999999999956e-02, 4.475999999999999836e-04, 5.170000000000000284e+01, 6.784999999999999920e-01
8.000000000000000000e+09, 2.649999999999999907e-08, 1.720000000000000001e-02, 3.356999999999999741e-04, 5.182000000000000028e+01, 6.814999999999999947e-01
1.000000000000000000e+10, 1.696000000000000099e-08, 1.404000000000000040e-02, 2.685000000000000212e-04, 5.189999999999999858e+01, 6.834000000000000075e-01
1.500000000000000000e+10, 7.537999999999999405e-09, 9.704000000000000820e-03, 1.789999999999999870e-04, 5.199000000000000199e+01, 6.858999999999999542e-01
2.000000000000000000e+10, 4.240000000000000248e-09, 7.459999999999999618e-03, 1.342000000000000094e-04, 5.206000000000000227e+01, 6.874000000000000110e-01
3.000000000000000000e+10, 1.885000000000000005e-09, 5.145000000000000268e-03, 8.948999999999999869e-05, 5.210000000000000142e+01, 6.887999999999999678e-01
4.000000000000000000e+10, 1.060000000000000062e-09, 3.950000000000000386e-03, 6.711999999999999434e-05, 5.214999999999999858e+01, 6.896999999999999797e-01
5.000000000000000000e+10, 6.783999999999999528e-10, 3.216999999999999808e-03, 5.369000000000000264e-05, 5.217000000000000171e+01, 6.902000000000000357e-01
6.000000000000000000e+10, 4.710999999999999552e-10, 2.719000000000000063e-03, 4.474000000000000194e-05, 5.217999999999999972e+01, 6.905999999999999917e-01
8.000000000000000000e+10, 2.650000000000000155e-10, 2.085000000000000048e-03, 3.355999999999999717e-05, 5.218999999999999773e+01, 6.908999999999999586e-01
1.000000000000000000e+11, 1.695999999999999882e-10, 1.696000000000000025e-03, 2.684999999999999873e-05, 5.220000000000000284e+01, 6.912000000000000366e-01
