1.000000000000000000e+03, 5.618000000000000000e+03, 1.762000000000000011e+00, 2.850000000000000000e+06, 0.000000000000000000e+00, 0.000000000000000000e+00
1.500000000000000000e+03, 5.378000000000000000e+03, 2.908999999999999808e+00, 1.432000000000000000e+06, 0.000000000000000000e+00, 0.000000000000000000e+00
2.000000000000000000e+03, 5.120000000000000000e+03, 4.054000000000000270e+00, 8.033000000000000000e+05, 0.000000000000000000e+00, 0.000000000000000000e+00
3.000000000000000000e+03, 4.598000000000000000e+03, 6.259000000000000341e+00, 3.286000000000000000e+05, 0.000000000000000000e+00, 0.000000000000000000e+00
4.000000000000000000e+03, 4.109000000000000000e+03, 8.289999999999999147e+00, 5.621000000000000000e+05, 0.000000000000000000e+00, 0.000000000000000000e+00
5.000000000000000000e+03, 3.680000000000000000e+03, 1.014000000000000057e+01, 3.793000000000000000e+05, 0.000000000000000000e+00, 0.000000000000000000e+00
6.000000000000000000e+03, 3.311000000000000000e+03, 1.182000000000000028e+01, 2.650000000000000000e+05, 0.000000000000000000e+00, 0.000000000000000000e+00
8.000000000000000000e+03, 2.723000000000000000e+03, 1.480000000000000071e+01, 1.303000000000000000e+05, 0.000000000000000000e+00, 0.000000000000000000e+00
1.000000000000000000e+04, 2.279000000000000000e+03, 1.742000000000000171e+01, 7.452000000000000000e+04, 0.000000000000000000e+00, 0.000000000000000000e+00
1.500000000000000000e+04, 1.552000000000000000e+03, 2.276000000000000156e+01, 2.647000000000000000e+04, 0.000000000000000000e+00, 0.000000000000000000e+00
2.000000000000000000e+04, 1.121000000000000000e+03, 2.655000000000000071e+01, 2.945000000000000000e+04, 0.000000000000000000e+00, 0.000000000000000000e+00
3.000000000000000000e+04, 6.612000000000000455e+02, 3.144000000000000128e+01, 1.698000000000000000e+04, 0.000000000000000000e+00, 0.000000000000000000e+00
4.000000000000000000e+04, 4.443000000000000114e+02, 3.443999999999999773e+01, 8.045000000000000000e+03, 0.000000000000000000e+00, 0.000000000000000000e+00
5.000000000000000000e+04, 3.211000000000000227e+02, 3.629999999999999716e+01, 4.475000000000000000e+03, 0.000000000000000000e+00, 0.000000000000000000e+00
6.000000000000000000e+04, 2.420000000000000000e+02, 3.740999999999999659e+01, 2.758000000000000000e+03, 0.000000000000000000e+00, 0.000000000000000000e+00
8.000000000000000000e+04, 1.520000000000000000e+02, 3.829999999999999716e+01, 1.278000000000000000e+03, 0.000000000000000000e+00, 0.000000000000000000e+00
1.000000000000000000e+05, 1.055000000000000000e+02, 3.828999999999999915e+01, 7.012000000000000455e+02, 0.000000000000000000e+00, 0.000000000000000000e+00
1.500000000000000000e+05, 5.289999999999999858e+01, 3.689999999999999858e+01, 1.009000000000000000e+03, 0.000000000000000000e+00, 0.000000000000000000e+00
2.000000000000000000e+05, 3.171000000000000085e+01, 3.500999999999999801e+01, 4.853999999999999773e+02, 0.000000000000000000e+00, 0.000000000000000000e+00
3.000000000000000000e+05, 1.523000000000000043e+01, 3.148000000000000043e+01, 1.741999999999999886e+02, 0.000000000000000000e+00, 0.000000000000000000e+00
4.000000000000000000e+05, 8.976000000000000867e+00, 2.867999999999999972e+01, 8.635999999999999943e+01, 0.000000000000000000e+00, 0.000000000000000000e+00
5.000000000000000000e+05, 5.913000000000000256e+00, 2.644999999999999929e+01, 5.117999999999999972e+01, 0.000000000000000000e+00, 0.000000000000000000e+00
6.000000000000000000e+05, 4.187000000000000277e+00, 2.462000000000000099e+01, 3.392000000000000171e+01, 0.000000000000000000e+00, 0.000000000000000000e+00
8.000000000000000000e+05, 2.414000000000000146e+00, 2.178999999999999915e+01, 1.826000000000000156e+01, 0.000000000000000000e+00, 0.000000000000000000e+00
1.000000000000000000e+06, 1.568000000000000060e+00, 1.966000000000000014e+01, 1.157000000000000028e+01, 0.000000000000000000e+00, 0.000000000000000000e+00
1.022000000000000000e+06, 1.502999999999999892e+00, 1.946000000000000085e+01, 1.108999999999999986e+01, 0.000000000000000000e+00, 0.000000000000000000e+00
1.250000000000000000e+06, 1.014999999999999902e+00, 1.762999999999999901e+01, 7.495000000000000107e+00, 1.857000000000000040e-01, 0.000000000000000000e+00
1.500000000000000000e+06, 7.105000000000000204e-01, 1.605999999999999872e+01, 5.328999999999999737e+00, 9.235999999999999766e-01, 0.000000000000000000e+00
2.000000000000000000e+06, 4.032999999999999918e-01, 1.373000000000000043e+01, 3.217999999999999972e+00, 2.692000000000000171e+00, 0.000000000000000000e+00
2.044000000000000000e+06, 3.862999999999999767e-01, 1.356000000000000050e+01, 3.101999999999999869e+00, 2.839999999999999858e+00, 0.000000000000000000e+00
3.000000000000000000e+06, 1.806000000000000105e-01, 1.082000000000000028e+01, 1.675000000000000044e+00, 5.546000000000000263e+00, 3.778000000000000108e-03
4.000000000000000000e+06, 1.019000000000000045e-01, 9.029999999999999361e+00, 1.092999999999999972e+00, 7.732999999999999652e+00, 1.538999999999999917e-02
5.000000000000000000e+06, 6.533999999999999531e-02, 7.801000000000000156e+00, 7.984999999999999876e-01, 9.557000000000000384e+00, 3.059999999999999873e-02
6.000000000000000000e+06, 4.540999999999999898e-02, 6.897000000000000242e+00, 6.242999999999999661e-01, 1.110999999999999943e+01, 4.689000000000000112e-02
7.000000000000000000e+06, 3.337999999999999995e-02, 6.200000000000000178e+00, 5.101999999999999869e-01, 1.250000000000000000e+01, 6.307000000000000106e-02
8.000000000000000000e+06, 2.556999999999999898e-02, 5.642999999999999794e+00, 4.303000000000000158e-01, 1.375000000000000000e+01, 7.870000000000000606e-02
9.000000000000000000e+06, 2.020999999999999880e-02, 5.187999999999999723e+00, 3.714000000000000079e-01, 1.490000000000000036e+01, 9.360999999999999877e-02
1.000000000000000000e+07, 1.636999999999999914e-02, 4.807000000000000384e+00, 3.264000000000000234e-01, 1.596000000000000085e+01, 1.077000000000000041e-01
1.100000000000000000e+07, 1.353000000000000036e-02, 4.482999999999999652e+00, 2.908000000000000029e-01, 1.694999999999999929e+01, 1.210999999999999993e-01
1.200000000000000000e+07, 1.136999999999999990e-02, 4.205000000000000071e+00, 2.620999999999999996e-01, 1.787000000000000099e+01, 1.335999999999999965e-01
1.300000000000000000e+07, 9.690000000000000696e-03, 3.960999999999999854e+00, 2.384999999999999898e-01, 1.871999999999999886e+01, 1.454000000000000015e-01
1.400000000000000000e+07, 8.356000000000000580e-03, 3.748000000000000220e+00, 2.187000000000000055e-01, 1.953000000000000114e+01, 1.565999999999999892e-01
1.500000000000000000e+07, 7.278999999999999880e-03, 3.557999999999999829e+00, 2.018999999999999961e-01, 2.028000000000000114e+01, 1.670999999999999985e-01
1.600000000000000000e+07, 6.398000000000000041e-03, 3.388999999999999790e+00, 1.874000000000000110e-01, 2.098000000000000043e+01, 1.771999999999999964e-01
1.800000000000000000e+07, 5.055999999999999731e-03, 3.096999999999999975e+00, 1.638999999999999901e-01, 2.226000000000000156e+01, 1.955999999999999961e-01
2.000000000000000000e+07, 4.094999999999999682e-03, 2.855999999999999872e+00, 1.456000000000000072e-01, 2.339999999999999858e+01, 2.124000000000000055e-01
2.200000000000000000e+07, 3.384999999999999988e-03, 2.653000000000000025e+00, 1.308999999999999886e-01, 2.444000000000000128e+01, 2.277000000000000135e-01
2.400000000000000000e+07, 2.844000000000000174e-03, 2.479000000000000092e+00, 1.189000000000000057e-01, 2.539000000000000057e+01, 2.416000000000000092e-01
2.600000000000000000e+07, 2.422999999999999807e-03, 2.327999999999999847e+00, 1.088999999999999968e-01, 2.626000000000000156e+01, 2.545000000000000040e-01
2.800000000000000000e+07, 2.089999999999999844e-03, 2.196000000000000174e+00, 1.004000000000000031e-01, 2.705000000000000071e+01, 2.664000000000000257e-01
3.000000000000000000e+07, 1.820000000000000003e-03, 2.079000000000000181e+00, 9.317000000000000282e-02, 2.778000000000000114e+01, 2.773999999999999799e-01
4.000000000000000000e+07, 1.023999999999999954e-03, 1.651999999999999913e+00, 6.843000000000000471e-02, 3.076000000000000156e+01, 3.226999999999999869e-01
5.000000000000000000e+07, 6.553999999999999930e-04, 1.379000000000000004e+00, 5.405000000000000082e-02, 3.297999999999999687e+01, 3.565999999999999726e-01
6.000000000000000000e+07, 4.551000000000000032e-04, 1.189000000000000057e+00, 4.465999999999999831e-02, 3.470000000000000284e+01, 3.832999999999999741e-01
8.000000000000000000e+07, 2.559999999999999884e-04, 9.373000000000000220e-01, 3.312999999999999973e-02, 3.722999999999999687e+01, 4.230999999999999761e-01
1.000000000000000000e+08, 1.637999999999999970e-04, 7.780000000000000249e-01, 2.632999999999999924e-02, 3.902000000000000313e+01, 4.516999999999999904e-01
1.500000000000000000e+08, 7.281999999999999736e-05, 5.540000000000000480e-01, 1.739999999999999880e-02, 4.182999999999999829e+01, 4.984000000000000097e-01
2.000000000000000000e+08, 4.096000000000000086e-05, 4.344000000000000083e-01, 1.298999999999999981e-02, 4.350000000000000000e+01, 5.272999999999999909e-01
3.000000000000000000e+08, 1.819999999999999854e-05, 3.079000000000000070e-01, 8.623999999999999722e-03, 4.545000000000000284e+01, 5.624000000000000110e-01
4.000000000000000000e+08, 1.024000000000000021e-05, 2.411000000000000087e-01, 6.453000000000000402e-03, 4.656000000000000227e+01, 5.832000000000000517e-01
5.000000000000000000e+08, 6.554000000000000269e-06, 1.995999999999999996e-01, 5.155999999999999993e-03, 4.728999999999999915e+01, 5.974000000000000421e-01
6.000000000000000000e+08, 4.551000000000000134e-06, 1.708999999999999964e-01, 4.292999999999999941e-03, 4.782000000000000028e+01, 6.078000000000000069e-01
8.000000000000000000e+08, 2.560000000000000054e-06, 1.335000000000000075e-01, 3.216000000000000109e-03, 4.850999999999999801e+01, 6.219999999999999973e-01
1.000000000000000000e+09, 1.638000000000000030e-06, 1.097999999999999948e-01, 2.570999999999999935e-03, 4.896000000000000085e+01, 6.314999999999999503e-01
1.500000000000000000e+09, 7.281999999999999694e-07, 7.668999999999999428e-02, 1.711999999999999980e-03, 4.960000000000000142e+01, 6.455999999999999517e-01
2.000000000000000000e+09, 4.096000000000000149e-07, 5.936000000000000304e-02, 1.283999999999999985e-03, 4.996000000000000085e+01, 6.535999999999999588e-01
3.000000000000000000e+09, 1.819999999999999886e-07, 4.127000000000000113e-02, 8.555000000000000321e-04, 5.032999999999999829e+01, 6.622000000000000108e-01
4.000000000000000000e+09, 1.024000000000000037e-07, 3.185999999999999943e-02, 6.413999999999999780e-04, 5.056000000000000227e+01, 6.673999999999999932e-01
5.000000000000000000e+09, 6.554000000000000322e-08, 2.605000000000000024e-02, 5.130999999999999494e-04, 5.068999999999999773e+01, 6.704999999999999849e-01
6.000000000000000000e+09, 4.551000000000000187e-08, 2.208999999999999853e-02, 4.274999999999999829e-04, 5.078000000000000114e+01, 6.726999999999999647e-01
8.000000000000000000e+09, 2.560000000000000093e-08, 1.702000000000000041e-02, 3.205999999999999866e-04, 5.089999999999999858e+01, 6.756999999999999673e-01
1.000000000000000000e+10, 1.637999999999999844e-08, 1.388999999999999957e-02, 2.565000000000000006e-04, 5.097999999999999687e+01, 6.775999999999999801e-01
1.500000000000000000e+10, 7.282000000000000289e-09, 9.601999999999999424e-03, 1.710000000000000094e-04, 5.107000000000000028e+01, 6.801000000000000378e-01
2.000000000000000000e+10, 4.095999999999999918e-09, 7.381999999999999673e-03, 1.281999999999999991e-04, 5.113000000000000256e+01, 6.815999999999999837e-01
3.000000000000000000e+10, 1.819999999999999919e-09, 5.091000000000000039e-03, 8.548000000000000151e-05, 5.117999999999999972e+01, 6.828999999999999515e-01
4.000000000000000000e+10, 1.023999999999999979e-09, 3.908000000000000015e-03, 6.410999999999999436e-05, 5.121999999999999886e+01, 6.838999999999999524e-01
5.000000000000000000e+10, 6.554000000000000322e-10, 3.183000000000000065e-03, 5.127999999999999692e-05, 5.125000000000000000e+01, 6.844000000000000083e-01
6.000000000000000000e+10, 4.551000000000000104e-10, 2.690000000000000117e-03, 4.274000000000000076e-05, 5.125999999999999801e+01, 6.846999999999999753e-01
8.000000000000000000e+10, 2.559999999999999949e-10, 2.063000000000000164e-03, 3.204999999999999977e-05, 5.127000000000000313e+01, 6.851000000000000423e-01
1.000000000000000000e+11, 1.637999999999999927e-10, 1.678000000000000021e-03, 2.563999999999999846e-05, 5.128000000000000114e+01, 6.854000000000000092e-01
