1.000000000000000000e+03, 5.332999999999999545e+02, 6.240999999999999881e-01, 1.115000000000000000e+06, 0.000000000000000000e+00, 0.000000000000000000e+00
1.500000000000000000e+03, 5.071000000000000227e+02, 1.145999999999999908e+00, 4.657000000000000000e+05, 0.000000000000000000e+00, 0.000000000000000000e+00
2.000000000000000000e+03, 4.775000000000000000e+02, 1.679000000000000048e+00, 2.268000000000000000e+05, 0.000000000000000000e+00, 0.000000000000000000e+00
3.000000000000000000e+03, 4.163999999999999773e+02, 2.729999999999999982e+00, 7.860000000000000000e+04, 0.000000000000000000e+00, 0.000000000000000000e+00
4.000000000000000000e+03, 3.586999999999999886e+02, 3.721999999999999975e+00, 3.629000000000000000e+04, 0.000000000000000000e+00, 0.000000000000000000e+00
5.000000000000000000e+03, 3.075000000000000000e+02, 4.633000000000000007e+00, 1.973000000000000000e+04, 0.000000000000000000e+00, 0.000000000000000000e+00
6.000000000000000000e+03, 2.638000000000000114e+02, 5.466999999999999638e+00, 1.193000000000000000e+04, 0.000000000000000000e+00, 0.000000000000000000e+00
8.000000000000000000e+03, 1.975000000000000000e+02, 6.932000000000000384e+00, 5.341000000000000000e+03, 0.000000000000000000e+00, 0.000000000000000000e+00
1.000000000000000000e+04, 1.530000000000000000e+02, 8.151999999999999247e+00, 2.263000000000000000e+04, 0.000000000000000000e+00, 0.000000000000000000e+00
1.500000000000000000e+04, 9.282999999999999829e+01, 1.030000000000000071e+01, 7.711000000000000000e+03, 0.000000000000000000e+00, 0.000000000000000000e+00
2.000000000000000000e+04, 6.393999999999999773e+01, 1.158999999999999986e+01, 3.491000000000000000e+03, 0.000000000000000000e+00, 0.000000000000000000e+00
3.000000000000000000e+04, 3.554999999999999716e+01, 1.299000000000000021e+01, 1.103000000000000000e+03, 0.000000000000000000e+00, 0.000000000000000000e+00
4.000000000000000000e+04, 2.241000000000000014e+01, 1.359999999999999964e+01, 4.770000000000000000e+02, 0.000000000000000000e+00, 0.000000000000000000e+00
5.000000000000000000e+04, 1.548000000000000043e+01, 1.383000000000000007e+01, 2.464000000000000057e+02, 0.000000000000000000e+00, 0.000000000000000000e+00
6.000000000000000000e+04, 1.139000000000000057e+01, 1.385999999999999943e+01, 1.428000000000000114e+02, 0.000000000000000000e+00, 0.000000000000000000e+00
8.000000000000000000e+04, 6.958999999999999631e+00, 1.366000000000000014e+01, 5.989000000000000057e+01, 0.000000000000000000e+00, 0.000000000000000000e+00
1.000000000000000000e+05, 4.690999999999999837e+00, 1.332000000000000028e+01, 3.037000000000000099e+01, 0.000000000000000000e+00, 0.000000000000000000e+00
1.500000000000000000e+05, 2.228000000000000203e+00, 1.235999999999999943e+01, 8.805999999999999162e+00, 0.000000000000000000e+00, 0.000000000000000000e+00
2.000000000000000000e+05, 1.294000000000000039e+00, 1.148000000000000043e+01, 3.680000000000000160e+00, 0.000000000000000000e+00, 0.000000000000000000e+00
3.000000000000000000e+05, 5.930999999999999606e-01, 1.010999999999999943e+01, 1.108999999999999986e+00, 0.000000000000000000e+00, 0.000000000000000000e+00
4.000000000000000000e+05, 3.383999999999999786e-01, 9.102000000000000313e+00, 4.920999999999999819e-01, 0.000000000000000000e+00, 0.000000000000000000e+00
5.000000000000000000e+05, 2.182000000000000051e-01, 8.335000000000000853e+00, 2.710000000000000187e-01, 0.000000000000000000e+00, 0.000000000000000000e+00
6.000000000000000000e+05, 1.522000000000000020e-01, 7.722999999999999865e+00, 1.710000000000000131e-01, 0.000000000000000000e+00, 0.000000000000000000e+00
8.000000000000000000e+05, 8.601999999999999924e-02, 6.796999999999999709e+00, 8.720999999999999586e-02, 0.000000000000000000e+00, 0.000000000000000000e+00
1.000000000000000000e+06, 5.516999999999999682e-02, 6.116999999999999993e+00, 5.426999999999999880e-02, 0.000000000000000000e+00, 0.000000000000000000e+00
1.022000000000000000e+06, 5.283000000000000196e-02, 6.051999999999999602e+00, 5.154999999999999860e-02, 0.000000000000000000e+00, 0.000000000000000000e+00
1.250000000000000000e+06, 3.536000000000000254e-02, 5.472999999999999865e+00, 3.484999999999999903e-02, 8.463000000000000037e-03, 0.000000000000000000e+00
1.500000000000000000e+06, 2.458000000000000115e-02, 4.975999999999999979e+00, 2.511000000000000038e-02, 4.245999999999999774e-02, 0.000000000000000000e+00
2.000000000000000000e+06, 1.383999999999999987e-02, 4.248000000000000220e+00, 1.545000000000000019e-02, 1.593999999999999861e-01, 0.000000000000000000e+00
2.044000000000000000e+06, 1.324999999999999963e-02, 4.195999999999999730e+00, 1.491999999999999924e-02, 1.713000000000000078e-01, 0.000000000000000000e+00
3.000000000000000000e+06, 6.152000000000000350e-03, 3.342999999999999972e+00, 8.359000000000000111e-03, 4.388000000000000234e-01, 1.170000000000000033e-03
4.000000000000000000e+06, 3.461000000000000101e-03, 2.789000000000000146e+00, 5.617999999999999730e-03, 6.983000000000000318e-01, 4.775999999999999863e-03
5.000000000000000000e+06, 2.216000000000000088e-03, 2.408999999999999808e+00, 4.198000000000000342e-03, 9.272000000000000242e-01, 9.511999999999999622e-03
6.000000000000000000e+06, 1.539000000000000003e-03, 2.129000000000000004e+00, 3.340000000000000087e-03, 1.131000000000000005e+00, 1.460000000000000013e-02
7.000000000000000000e+06, 1.129999999999999928e-03, 1.913999999999999924e+00, 2.766999999999999928e-03, 1.312000000000000055e+00, 1.967999999999999958e-02
8.000000000000000000e+06, 8.654999999999999499e-04, 1.741999999999999993e+00, 2.360000000000000119e-03, 1.473999999999999977e+00, 2.460000000000000034e-02
9.000000000000000000e+06, 6.838999999999999810e-04, 1.600999999999999979e+00, 2.054999999999999969e-03, 1.620999999999999996e+00, 2.930999999999999925e-02
1.000000000000000000e+07, 5.538999999999999653e-04, 1.483000000000000096e+00, 1.820000000000000003e-03, 1.754999999999999893e+00, 3.379000000000000059e-02
1.100000000000000000e+07, 4.578000000000000146e-04, 1.383999999999999897e+00, 1.631999999999999987e-03, 1.875000000000000000e+00, 3.803999999999999743e-02
1.200000000000000000e+07, 3.847000000000000267e-04, 1.298000000000000043e+00, 1.479000000000000063e-03, 1.985999999999999988e+00, 4.204999999999999710e-02
1.300000000000000000e+07, 3.277999999999999989e-04, 1.221999999999999975e+00, 1.351999999999999903e-03, 2.088999999999999968e+00, 4.583000000000000268e-02
1.400000000000000000e+07, 2.825999999999999845e-04, 1.157000000000000028e+00, 1.245000000000000013e-03, 2.185000000000000053e+00, 4.943000000000000171e-02
1.500000000000000000e+07, 2.462000000000000213e-04, 1.098000000000000087e+00, 1.154000000000000078e-03, 2.274000000000000021e+00, 5.285000000000000114e-02
1.600000000000000000e+07, 2.164000000000000016e-04, 1.046000000000000041e+00, 1.075000000000000001e-03, 2.357000000000000206e+00, 5.609999999999999709e-02
1.800000000000000000e+07, 1.710000000000000094e-04, 9.556999999999999940e-01, 9.451000000000000416e-04, 2.509999999999999787e+00, 6.212000000000000161e-02
2.000000000000000000e+07, 1.385000000000000055e-04, 8.812999999999999723e-01, 8.432999999999999524e-04, 2.645999999999999908e+00, 6.761999999999999955e-02
2.200000000000000000e+07, 1.145000000000000049e-04, 8.185000000000000053e-01, 7.611999999999999626e-04, 2.770000000000000018e+00, 7.266000000000000236e-02
2.400000000000000000e+07, 9.616999999999999572e-05, 7.649000000000000243e-01, 6.936000000000000542e-04, 2.882000000000000117e+00, 7.731000000000000372e-02
2.600000000000000000e+07, 8.194999999999999973e-05, 7.183000000000000496e-01, 6.371000000000000361e-04, 2.984999999999999876e+00, 8.161000000000000199e-02
2.800000000000000000e+07, 7.066000000000000449e-05, 6.774999999999999911e-01, 5.890000000000000053e-04, 3.079000000000000181e+00, 8.559999999999999554e-02
3.000000000000000000e+07, 6.155000000000000531e-05, 6.415999999999999481e-01, 5.477000000000000314e-04, 3.165999999999999925e+00, 8.931999999999999662e-02
4.000000000000000000e+07, 3.461999999999999718e-05, 5.098000000000000309e-01, 4.052999999999999854e-04, 3.520999999999999908e+00, 1.048000000000000043e-01
5.000000000000000000e+07, 2.216000000000000128e-05, 4.255999999999999783e-01, 3.216000000000000109e-04, 3.786999999999999922e+00, 1.166999999999999982e-01
6.000000000000000000e+07, 1.539000000000000003e-05, 3.667000000000000259e-01, 2.665999999999999750e-04, 3.995000000000000107e+00, 1.260999999999999899e-01
8.000000000000000000e+07, 8.654999999999999296e-06, 2.892000000000000126e-01, 1.986000000000000027e-04, 4.304000000000000270e+00, 1.405000000000000138e-01
1.000000000000000000e+08, 5.538999999999999822e-06, 2.399999999999999911e-01, 1.581999999999999964e-04, 4.525000000000000355e+00, 1.509999999999999953e-01
1.500000000000000000e+08, 2.461999999999999891e-06, 1.708999999999999964e-01, 1.049000000000000019e-04, 4.876000000000000334e+00, 1.685000000000000109e-01
2.000000000000000000e+08, 1.385000000000000080e-06, 1.340000000000000080e-01, 7.846999999999999917e-05, 5.086999999999999744e+00, 1.796000000000000096e-01
3.000000000000000000e+08, 6.154999999999999727e-07, 9.499000000000000499e-02, 5.216999999999999687e-05, 5.331999999999999851e+00, 1.932000000000000106e-01
4.000000000000000000e+08, 3.462000000000000163e-07, 7.438999999999999779e-02, 3.906999999999999693e-05, 5.472999999999999865e+00, 2.013000000000000067e-01
5.000000000000000000e+08, 2.215999999999999991e-07, 6.158000000000000279e-02, 3.122999999999999745e-05, 5.565999999999999837e+00, 2.069000000000000006e-01
6.000000000000000000e+08, 1.538999999999999950e-07, 5.272999999999999909e-02, 2.601000000000000000e-05, 5.631999999999999673e+00, 2.109999999999999931e-01
8.000000000000000000e+08, 8.655000000000000408e-08, 4.118000000000000133e-02, 1.949999999999999965e-05, 5.719999999999999751e+00, 2.165999999999999870e-01
1.000000000000000000e+09, 5.539000000000000167e-08, 3.388000000000000039e-02, 1.559000000000000151e-05, 5.777999999999999581e+00, 2.204000000000000126e-01
1.500000000000000000e+09, 2.462000000000000142e-08, 2.366000000000000048e-02, 1.039000000000000047e-05, 5.860000000000000320e+00, 2.258999999999999897e-01
2.000000000000000000e+09, 1.384999999999999994e-08, 1.830999999999999989e-02, 7.788000000000000651e-06, 5.905000000000000249e+00, 2.290999999999999981e-01
3.000000000000000000e+09, 6.155000000000000355e-09, 1.273000000000000000e-02, 5.190999999999999936e-06, 5.953999999999999737e+00, 2.325000000000000122e-01
4.000000000000000000e+09, 3.461999999999999832e-09, 9.827999999999999931e-03, 3.892999999999999827e-06, 5.980000000000000426e+00, 2.346000000000000030e-01
5.000000000000000000e+09, 2.216000000000000206e-09, 8.035999999999999741e-03, 3.114000000000000170e-06, 5.996000000000000441e+00, 2.358000000000000096e-01
6.000000000000000000e+09, 1.538999999999999959e-09, 6.813999999999999745e-03, 2.595000000000000142e-06, 6.008000000000000007e+00, 2.366999999999999937e-01
8.000000000000000000e+09, 8.654999999999999581e-10, 5.250000000000000326e-03, 1.946000000000000088e-06, 6.022999999999999687e+00, 2.378000000000000114e-01
1.000000000000000000e+10, 5.539000000000000208e-10, 4.285999999999999879e-03, 1.557000000000000085e-06, 6.032000000000000028e+00, 2.386000000000000065e-01
1.500000000000000000e+10, 2.461999999999999873e-10, 2.961999999999999789e-03, 1.038000000000000057e-06, 6.044999999999999929e+00, 2.396000000000000074e-01
2.000000000000000000e+10, 1.385000000000000129e-10, 2.276999999999999944e-03, 7.783000000000000276e-07, 6.051999999999999602e+00, 2.401000000000000079e-01
3.000000000000000000e+10, 6.154999999999999683e-11, 1.570999999999999914e-03, 5.188000000000000134e-07, 6.059999999999999609e+00, 2.406999999999999973e-01
4.000000000000000000e+10, 3.461999999999999910e-11, 1.206000000000000041e-03, 3.891000000000000100e-07, 6.064000000000000057e+00, 2.409999999999999920e-01
5.000000000000000000e+10, 2.216000000000000090e-11, 9.818999999999999603e-04, 3.112999999999999883e-07, 6.065999999999999837e+00, 2.412999999999999867e-01
6.000000000000000000e+10, 1.539000000000000127e-11, 8.300000000000000086e-04, 2.594000000000000067e-07, 6.067000000000000171e+00, 2.414000000000000035e-01
8.000000000000000000e+10, 8.654999999999999774e-12, 6.363999999999999648e-04, 1.946000000000000088e-07, 6.070000000000000284e+00, 2.414999999999999925e-01
1.000000000000000000e+11, 5.538999999999999723e-12, 5.178000000000000094e-04, 1.555999999999999904e-07, 6.070999999999999730e+00, 2.416999999999999982e-01
