1.000000000000000000e+03, 1.943000000000000000e+03, 1.564999999999999947e+00, 1.946000000000000000e+06, 0.000000000000000000e+00, 0.000000000000000000e+00
1.500000000000000000e+03, 1.828000000000000000e+03, 2.494000000000000217e+00, 1.024000000000000000e+06, 0.000000000000000000e+00, 0.000000000000000000e+00
2.000000000000000000e+03, 1.713000000000000000e+03, 3.396999999999999797e+00, 5.270000000000000000e+05, 0.000000000000000000e+00, 0.000000000000000000e+00
3.000000000000000000e+03, 1.497000000000000000e+03, 5.133000000000000007e+00, 1.968000000000000000e+05, 0.000000000000000000e+00, 0.000000000000000000e+00
4.000000000000000000e+03, 1.306000000000000000e+03, 6.738000000000000433e+00, 9.550000000000000000e+04, 0.000000000000000000e+00, 0.000000000000000000e+00
5.000000000000000000e+03, 1.148000000000000000e+03, 8.163999999999999702e+00, 5.389000000000000000e+04, 0.000000000000000000e+00, 0.000000000000000000e+00
6.000000000000000000e+03, 1.016000000000000000e+03, 9.400000000000000355e+00, 1.563000000000000000e+05, 0.000000000000000000e+00, 0.000000000000000000e+00
8.000000000000000000e+03, 8.106000000000000227e+02, 1.148000000000000043e+01, 7.522000000000000000e+04, 0.000000000000000000e+00, 0.000000000000000000e+00
1.000000000000000000e+04, 6.607000000000000455e+02, 1.325999999999999979e+01, 4.174000000000000000e+04, 0.000000000000000000e+00, 0.000000000000000000e+00
1.500000000000000000e+04, 4.345000000000000000e+02, 1.673999999999999844e+01, 1.402000000000000000e+04, 0.000000000000000000e+00, 0.000000000000000000e+00
2.000000000000000000e+04, 3.118000000000000114e+02, 1.910000000000000142e+01, 6.368000000000000000e+03, 0.000000000000000000e+00, 0.000000000000000000e+00
3.000000000000000000e+04, 1.794000000000000057e+02, 2.187999999999999901e+01, 2.057000000000000000e+03, 0.000000000000000000e+00, 0.000000000000000000e+00
4.000000000000000000e+04, 1.167999999999999972e+02, 2.335000000000000142e+01, 5.463000000000000000e+03, 0.000000000000000000e+00, 0.000000000000000000e+00
5.000000000000000000e+04, 8.304999999999999716e+01, 2.414000000000000057e+01, 3.037000000000000000e+03, 0.000000000000000000e+00, 0.000000000000000000e+00
6.000000000000000000e+04, 6.222999999999999687e+01, 2.453999999999999915e+01, 1.854000000000000000e+03, 0.000000000000000000e+00, 0.000000000000000000e+00
8.000000000000000000e+04, 3.845000000000000284e+01, 2.467999999999999972e+01, 8.406000000000000227e+02, 0.000000000000000000e+00, 0.000000000000000000e+00
1.000000000000000000e+05, 2.607000000000000028e+01, 2.435999999999999943e+01, 4.501999999999999886e+02, 0.000000000000000000e+00, 0.000000000000000000e+00
1.500000000000000000e+05, 1.268999999999999950e+01, 2.298999999999999844e+01, 1.428000000000000114e+02, 0.000000000000000000e+00, 0.000000000000000000e+00
2.000000000000000000e+05, 7.520999999999999908e+00, 2.155999999999999872e+01, 6.317000000000000171e+01, 0.000000000000000000e+00, 0.000000000000000000e+00
3.000000000000000000e+05, 3.519000000000000128e+00, 1.917999999999999972e+01, 2.042000000000000171e+01, 0.000000000000000000e+00, 0.000000000000000000e+00
4.000000000000000000e+05, 2.028999999999999915e+00, 1.737000000000000099e+01, 9.458999999999999631e+00, 0.000000000000000000e+00, 0.000000000000000000e+00
5.000000000000000000e+05, 1.316999999999999948e+00, 1.596000000000000085e+01, 5.352000000000000313e+00, 0.000000000000000000e+00, 0.000000000000000000e+00
6.000000000000000000e+05, 9.236999999999999655e-01, 1.482000000000000028e+01, 3.435000000000000053e+00, 0.000000000000000000e+00, 0.000000000000000000e+00
8.000000000000000000e+05, 5.253999999999999782e-01, 1.307000000000000028e+01, 1.782999999999999918e+00, 0.000000000000000000e+00, 0.000000000000000000e+00
1.000000000000000000e+06, 3.382999999999999896e-01, 1.177999999999999936e+01, 1.114000000000000101e+00, 0.000000000000000000e+00, 0.000000000000000000e+00
1.022000000000000000e+06, 3.240999999999999992e-01, 1.165000000000000036e+01, 1.066000000000000059e+00, 0.000000000000000000e+00, 0.000000000000000000e+00
1.250000000000000000e+06, 2.174999999999999989e-01, 1.055000000000000071e+01, 7.189999999999999725e-01, 4.605000000000000066e-02, 0.000000000000000000e+00
1.500000000000000000e+06, 1.514000000000000068e-01, 9.592999999999999972e+00, 5.143999999999999684e-01, 2.127999999999999892e-01, 0.000000000000000000e+00
2.000000000000000000e+06, 8.534999999999999531e-02, 8.194000000000000838e+00, 3.126999999999999780e-01, 7.077999999999999847e-01, 0.000000000000000000e+00
2.044000000000000000e+06, 8.172999999999999710e-02, 8.092999999999999972e+00, 3.017000000000000237e-01, 7.553999999999999604e-01, 0.000000000000000000e+00
3.000000000000000000e+06, 3.801000000000000212e-02, 6.451999999999999957e+00, 1.655999999999999972e-01, 1.760999999999999899e+00, 2.256000000000000193e-03
4.000000000000000000e+06, 2.138999999999999929e-02, 5.383000000000000007e+00, 1.095000000000000001e-01, 2.681000000000000050e+00, 9.201000000000000845e-03
5.000000000000000000e+06, 1.370000000000000037e-02, 4.650000000000000355e+00, 8.086999999999999744e-02, 3.472999999999999865e+00, 1.830999999999999989e-02
6.000000000000000000e+06, 9.513000000000000622e-03, 4.110000000000000320e+00, 6.375999999999999723e-02, 4.155000000000000249e+00, 2.809000000000000039e-02
7.000000000000000000e+06, 6.989999999999999686e-03, 3.694999999999999840e+00, 5.247000000000000275e-02, 4.761000000000000121e+00, 3.781999999999999945e-02
8.000000000000000000e+06, 5.351999999999999987e-03, 3.362999999999999989e+00, 4.449000000000000177e-02, 5.304999999999999716e+00, 4.725000000000000033e-02
9.000000000000000000e+06, 4.229000000000000120e-03, 3.091000000000000192e+00, 3.858000000000000318e-02, 5.799000000000000377e+00, 5.625000000000000139e-02
1.000000000000000000e+07, 3.425000000000000093e-03, 2.863999999999999879e+00, 3.402999999999999775e-02, 6.251999999999999780e+00, 6.479999999999999649e-02
1.100000000000000000e+07, 2.831000000000000183e-03, 2.672000000000000153e+00, 3.041999999999999912e-02, 6.669999999999999929e+00, 7.288999999999999646e-02
1.200000000000000000e+07, 2.379000000000000038e-03, 2.504999999999999893e+00, 2.750000000000000014e-02, 7.057000000000000384e+00, 8.050000000000000211e-02
1.300000000000000000e+07, 2.027000000000000156e-03, 2.359999999999999876e+00, 2.508000000000000160e-02, 7.418999999999999595e+00, 8.767999999999999405e-02
1.400000000000000000e+07, 1.747999999999999988e-03, 2.233000000000000096e+00, 2.304000000000000145e-02, 7.751999999999999780e+00, 9.450000000000000067e-02
1.500000000000000000e+07, 1.523000000000000048e-03, 2.120000000000000107e+00, 2.130999999999999908e-02, 8.060000000000000497e+00, 1.010000000000000064e-01
1.600000000000000000e+07, 1.337999999999999997e-03, 2.019000000000000128e+00, 1.982000000000000081e-02, 8.346000000000000085e+00, 1.071000000000000008e-01
1.800000000000000000e+07, 1.056999999999999997e-03, 1.844999999999999973e+00, 1.737999999999999962e-02, 8.865999999999999659e+00, 1.184000000000000052e-01
2.000000000000000000e+07, 8.563999999999999998e-04, 1.701999999999999957e+00, 1.548000000000000070e-02, 9.332000000000000739e+00, 1.287000000000000088e-01
2.200000000000000000e+07, 7.077999999999999656e-04, 1.580999999999999961e+00, 1.393999999999999927e-02, 9.753999999999999559e+00, 1.381999999999999895e-01
2.400000000000000000e+07, 5.948000000000000379e-04, 1.477000000000000091e+00, 1.268999999999999989e-02, 1.014000000000000057e+01, 1.468000000000000138e-01
2.600000000000000000e+07, 5.067999999999999589e-04, 1.387000000000000011e+00, 1.162999999999999971e-02, 1.049000000000000021e+01, 1.547999999999999932e-01
2.800000000000000000e+07, 4.369999999999999970e-04, 1.308000000000000052e+00, 1.073999999999999955e-02, 1.081000000000000050e+01, 1.622000000000000108e-01
3.000000000000000000e+07, 3.806999999999999837e-04, 1.239000000000000101e+00, 9.979999999999999288e-03, 1.109999999999999964e+01, 1.691000000000000003e-01
4.000000000000000000e+07, 2.140999999999999999e-04, 9.845000000000000417e-01, 7.359000000000000090e-03, 1.231000000000000050e+01, 1.975999999999999979e-01
5.000000000000000000e+07, 1.369999999999999961e-04, 8.217999999999999750e-01, 5.826999999999999715e-03, 1.319999999999999929e+01, 2.192000000000000060e-01
6.000000000000000000e+07, 9.516000000000000370e-05, 7.079999999999999627e-01, 4.821999999999999897e-03, 1.389000000000000057e+01, 2.363000000000000100e-01
8.000000000000000000e+07, 5.352999999999999740e-05, 5.584000000000000075e-01, 3.585000000000000079e-03, 1.491000000000000014e+01, 2.620000000000000107e-01
1.000000000000000000e+08, 3.426000000000000063e-05, 4.635000000000000231e-01, 2.853000000000000067e-03, 1.564000000000000057e+01, 2.807000000000000051e-01
1.500000000000000000e+08, 1.522999999999999987e-05, 3.301000000000000045e-01, 1.889000000000000054e-03, 1.680000000000000071e+01, 3.115999999999999881e-01
2.000000000000000000e+08, 8.563999999999999659e-06, 2.587999999999999745e-01, 1.412000000000000061e-03, 1.748999999999999844e+01, 3.311000000000000054e-01
3.000000000000000000e+08, 3.806000000000000067e-06, 1.834000000000000075e-01, 9.376999999999999702e-04, 1.830000000000000071e+01, 3.548999999999999932e-01
4.000000000000000000e+08, 2.140999999999999915e-06, 1.436999999999999944e-01, 7.020999999999999897e-04, 1.876000000000000156e+01, 3.693000000000000171e-01
5.000000000000000000e+08, 1.370000000000000012e-06, 1.189000000000000057e-01, 5.609999999999999752e-04, 1.907000000000000028e+01, 3.790999999999999925e-01
6.000000000000000000e+08, 9.516000000000000243e-07, 1.018000000000000016e-01, 4.672000000000000263e-04, 1.928999999999999915e+01, 3.864000000000000212e-01
8.000000000000000000e+08, 5.352999999999999824e-07, 7.951999999999999347e-02, 3.500999999999999989e-04, 1.957999999999999829e+01, 3.963999999999999746e-01
1.000000000000000000e+09, 3.426000000000000105e-07, 6.542000000000000592e-02, 2.798999999999999730e-04, 1.976999999999999957e+01, 4.031000000000000139e-01
1.500000000000000000e+09, 1.523000000000000072e-07, 4.569000000000000145e-02, 1.865000000000000067e-04, 2.003999999999999915e+01, 4.132000000000000117e-01
2.000000000000000000e+09, 8.564000000000000453e-08, 3.536000000000000254e-02, 1.398000000000000100e-04, 2.019000000000000128e+01, 4.189999999999999836e-01
3.000000000000000000e+09, 3.805999999999999802e-08, 2.459000000000000075e-02, 9.317000000000000412e-05, 2.035000000000000142e+01, 4.253000000000000114e-01
4.000000000000000000e+09, 2.141000000000000113e-08, 1.898000000000000034e-02, 6.986999999999999342e-05, 2.044000000000000128e+01, 4.289999999999999925e-01
5.000000000000000000e+09, 1.370000000000000025e-08, 1.552000000000000081e-02, 5.589000000000000191e-05, 2.048999999999999844e+01, 4.313000000000000167e-01
6.000000000000000000e+09, 9.516000000000000640e-09, 1.315999999999999982e-02, 4.657000000000000305e-05, 2.053000000000000114e+01, 4.329999999999999960e-01
8.000000000000000000e+09, 5.353000000000000023e-09, 1.013999999999999971e-02, 3.491999999999999770e-05, 2.057999999999999829e+01, 4.350999999999999868e-01
1.000000000000000000e+10, 3.425999999999999957e-09, 8.276999999999999635e-03, 2.794000000000000015e-05, 2.060999999999999943e+01, 4.364999999999999991e-01
1.500000000000000000e+10, 1.523000000000000014e-09, 5.720000000000000258e-03, 1.862000000000000130e-05, 2.066000000000000014e+01, 4.384000000000000119e-01
2.000000000000000000e+10, 8.563999999999999585e-10, 4.398000000000000000e-03, 1.397000000000000008e-05, 2.067999999999999972e+01, 4.395000000000000018e-01
3.000000000000000000e+10, 3.806000000000000092e-10, 3.033000000000000106e-03, 9.310999999999999453e-06, 2.069999999999999929e+01, 4.405000000000000027e-01
4.000000000000000000e+10, 2.140999999999999896e-10, 2.328000000000000208e-03, 6.982999999999999888e-06, 2.071999999999999886e+01, 4.411999999999999811e-01
5.000000000000000000e+10, 1.369999999999999922e-10, 1.895999999999999899e-03, 5.587000000000000040e-06, 2.073000000000000043e+01, 4.415999999999999925e-01
6.000000000000000000e+10, 9.515999999999999761e-11, 1.603000000000000041e-03, 4.655999999999999976e-06, 2.073000000000000043e+01, 4.418000000000000260e-01
8.000000000000000000e+10, 5.353000000000000152e-11, 1.229000000000000058e-03, 3.492000000000000193e-06, 2.073999999999999844e+01, 4.420999999999999930e-01
1.000000000000000000e+11, 3.425999999999999982e-11, 9.998999999999999642e-04, 2.793000000000000194e-06, 2.073999999999999844e+01, 4.423000000000000265e-01
