1.000000000000000000e+03, 3.300000000000000000e+03, 1.368000000000000105e+00, 9.853000000000000000e+05, 0.000000000000000000e+00, 0.000000000000000000e+00
1.500000000000000000e+03, 3.159000000000000000e+03, 2.322999999999999954e+00, 4.382000000000000000e+05, 0.000000000000000000e+00, 0.000000000000000000e+00
2.000000000000000000e+03, 3.007000000000000000e+03, 3.233000000000000096e+00, 1.063000000000000000e+06, 0.000000000000000000e+00, 0.000000000000000000e+00
3.000000000000000000e+03, 2.704000000000000000e+03, 5.008000000000000007e+00, 5.214000000000000000e+05, 0.000000000000000000e+00, 0.000000000000000000e+00
4.000000000000000000e+03, 2.418000000000000000e+03, 6.689000000000000057e+00, 2.601000000000000000e+05, 0.000000000000000000e+00, 0.000000000000000000e+00
5.000000000000000000e+03, 2.158000000000000000e+03, 8.262000000000000455e+00, 1.494000000000000000e+05, 0.000000000000000000e+00, 0.000000000000000000e+00
6.000000000000000000e+03, 1.929000000000000000e+03, 9.715999999999999304e+00, 9.422000000000000000e+04, 0.000000000000000000e+00, 0.000000000000000000e+00
8.000000000000000000e+03, 1.554000000000000000e+03, 1.225999999999999979e+01, 4.499000000000000000e+04, 0.000000000000000000e+00, 0.000000000000000000e+00
1.000000000000000000e+04, 1.272000000000000000e+03, 1.439000000000000057e+01, 6.692000000000000000e+04, 0.000000000000000000e+00, 0.000000000000000000e+00
1.500000000000000000e+04, 8.215000000000000000e+02, 1.860000000000000142e+01, 3.738000000000000000e+04, 0.000000000000000000e+00, 0.000000000000000000e+00
2.000000000000000000e+04, 5.802000000000000455e+02, 2.176000000000000156e+01, 1.744000000000000000e+04, 0.000000000000000000e+00, 0.000000000000000000e+00
3.000000000000000000e+04, 3.430000000000000000e+02, 2.592999999999999972e+01, 5.850000000000000000e+03, 0.000000000000000000e+00, 0.000000000000000000e+00
4.000000000000000000e+04, 2.254000000000000057e+02, 2.821999999999999886e+01, 2.659000000000000000e+03, 0.000000000000000000e+00, 0.000000000000000000e+00
5.000000000000000000e+04, 1.593000000000000114e+02, 2.948000000000000043e+01, 1.435000000000000000e+03, 0.000000000000000000e+00, 0.000000000000000000e+00
6.000000000000000000e+04, 1.194000000000000057e+02, 3.016000000000000014e+01, 8.641000000000000227e+02, 0.000000000000000000e+00, 0.000000000000000000e+00
8.000000000000000000e+04, 7.500000000000000000e+01, 3.060999999999999943e+01, 2.073000000000000000e+03, 0.000000000000000000e+00, 0.000000000000000000e+00
1.000000000000000000e+05, 5.142000000000000171e+01, 3.042000000000000171e+01, 1.149000000000000000e+03, 0.000000000000000000e+00, 0.000000000000000000e+00
1.500000000000000000e+05, 2.512000000000000099e+01, 2.900000000000000000e+01, 3.836999999999999886e+02, 0.000000000000000000e+00, 0.000000000000000000e+00
2.000000000000000000e+05, 1.496000000000000085e+01, 2.732999999999999829e+01, 1.751999999999999886e+02, 0.000000000000000000e+00, 0.000000000000000000e+00
3.000000000000000000e+05, 7.096000000000000085e+00, 2.442000000000000171e+01, 5.902000000000000313e+01, 0.000000000000000000e+00, 0.000000000000000000e+00
4.000000000000000000e+05, 4.121999999999999886e+00, 2.217999999999999972e+01, 2.805000000000000071e+01, 0.000000000000000000e+00, 0.000000000000000000e+00
5.000000000000000000e+05, 2.689000000000000057e+00, 2.041000000000000014e+01, 1.614999999999999858e+01, 0.000000000000000000e+00, 0.000000000000000000e+00
6.000000000000000000e+05, 1.891000000000000014e+00, 1.898000000000000043e+01, 1.049000000000000021e+01, 0.000000000000000000e+00, 0.000000000000000000e+00
8.000000000000000000e+05, 1.080000000000000071e+00, 1.676000000000000156e+01, 5.514000000000000234e+00, 0.000000000000000000e+00, 0.000000000000000000e+00
1.000000000000000000e+06, 6.975000000000000089e-01, 1.510999999999999943e+01, 3.463000000000000078e+00, 0.000000000000000000e+00, 0.000000000000000000e+00
1.022000000000000000e+06, 6.683000000000000052e-01, 1.494999999999999929e+01, 3.314000000000000057e+00, 0.000000000000000000e+00, 0.000000000000000000e+00
1.250000000000000000e+06, 4.494000000000000217e-01, 1.353999999999999915e+01, 2.233999999999999986e+00, 9.143999999999999351e-02, 0.000000000000000000e+00
1.500000000000000000e+06, 3.133000000000000229e-01, 1.232000000000000028e+01, 1.592999999999999972e+00, 4.264000000000000012e-01, 0.000000000000000000e+00
2.000000000000000000e+06, 1.769999999999999907e-01, 1.052999999999999936e+01, 9.651999999999999469e-01, 1.332000000000000073e+00, 0.000000000000000000e+00
2.044000000000000000e+06, 1.695000000000000118e-01, 1.040000000000000036e+01, 9.307999999999999607e-01, 1.413999999999999924e+00, 0.000000000000000000e+00
3.000000000000000000e+06, 7.893000000000000016e-02, 8.291000000000000369e+00, 5.067000000000000393e-01, 3.064999999999999947e+00, 2.897999999999999968e-03
4.000000000000000000e+06, 4.445000000000000340e-02, 6.919999999999999929e+00, 3.328999999999999737e-01, 4.514999999999999680e+00, 1.180999999999999932e-02
5.000000000000000000e+06, 2.846999999999999878e-02, 5.977000000000000313e+00, 2.447000000000000008e-01, 5.735000000000000320e+00, 2.350000000000000006e-02
6.000000000000000000e+06, 1.976999999999999938e-02, 5.283999999999999808e+00, 1.920999999999999930e-01, 6.783000000000000362e+00, 3.602999999999999953e-02
7.000000000000000000e+06, 1.452999999999999951e-02, 4.750000000000000000e+00, 1.575999999999999901e-01, 7.708000000000000185e+00, 4.850000000000000144e-02
8.000000000000000000e+06, 1.112999999999999927e-02, 4.323000000000000398e+00, 1.333000000000000018e-01, 8.539999999999999147e+00, 6.054999999999999966e-02
9.000000000000000000e+06, 8.791999999999999468e-03, 3.974000000000000199e+00, 1.154000000000000026e-01, 9.295999999999999375e+00, 7.205999999999999905e-02
1.000000000000000000e+07, 7.121999999999999859e-03, 3.681999999999999940e+00, 1.015999999999999959e-01, 9.990000000000000213e+00, 8.297999999999999821e-02
1.100000000000000000e+07, 5.885999999999999739e-03, 3.435000000000000053e+00, 9.067000000000000060e-02, 1.063000000000000078e+01, 9.329999999999999405e-02
1.200000000000000000e+07, 4.945999999999999876e-03, 3.221000000000000085e+00, 8.183999999999999608e-02, 1.123000000000000043e+01, 1.029999999999999943e-01
1.300000000000000000e+07, 4.214999999999999997e-03, 3.035000000000000142e+00, 7.456000000000000127e-02, 1.178999999999999915e+01, 1.121999999999999942e-01
1.400000000000000000e+07, 3.634000000000000077e-03, 2.870999999999999996e+00, 6.844999999999999696e-02, 1.231000000000000050e+01, 1.208000000000000046e-01
1.500000000000000000e+07, 3.165999999999999977e-03, 2.725999999999999979e+00, 6.325000000000000067e-02, 1.278999999999999915e+01, 1.290999999999999925e-01
1.600000000000000000e+07, 2.782999999999999884e-03, 2.596000000000000085e+00, 5.877999999999999892e-02, 1.324000000000000021e+01, 1.368000000000000049e-01
1.800000000000000000e+07, 2.199000000000000000e-03, 2.371999999999999886e+00, 5.147999999999999798e-02, 1.405000000000000071e+01, 1.512999999999999901e-01
2.000000000000000000e+07, 1.781000000000000031e-03, 2.188000000000000167e+00, 4.578000000000000125e-02, 1.477999999999999936e+01, 1.643000000000000016e-01
2.200000000000000000e+07, 1.472000000000000001e-03, 2.032000000000000028e+00, 4.120999999999999663e-02, 1.543999999999999950e+01, 1.763000000000000123e-01
2.400000000000000000e+07, 1.237000000000000035e-03, 1.899000000000000021e+00, 3.747000000000000330e-02, 1.603000000000000114e+01, 1.872000000000000053e-01
2.600000000000000000e+07, 1.054000000000000032e-03, 1.782999999999999918e+00, 3.434000000000000247e-02, 1.657999999999999829e+01, 1.973000000000000032e-01
2.800000000000000000e+07, 9.085999999999999676e-04, 1.681999999999999940e+00, 3.169000000000000289e-02, 1.707999999999999829e+01, 2.066000000000000059e-01
3.000000000000000000e+07, 7.914999999999999944e-04, 1.592999999999999972e+00, 2.943000000000000130e-02, 1.755000000000000071e+01, 2.152999999999999914e-01
4.000000000000000000e+07, 4.451999999999999794e-04, 1.266000000000000014e+00, 2.165999999999999870e-02, 1.942999999999999972e+01, 2.510000000000000009e-01
5.000000000000000000e+07, 2.849999999999999886e-04, 1.056999999999999940e+00, 1.712999999999999939e-02, 2.082999999999999829e+01, 2.777999999999999914e-01
6.000000000000000000e+07, 1.979000000000000127e-04, 9.102999999999999980e-01, 1.417000000000000030e-02, 2.192000000000000171e+01, 2.988999999999999990e-01
8.000000000000000000e+07, 1.112999999999999949e-04, 7.178999999999999826e-01, 1.051999999999999984e-02, 2.351999999999999957e+01, 3.305000000000000160e-01
1.000000000000000000e+08, 7.124000000000000232e-05, 5.958999999999999853e-01, 8.368999999999999703e-03, 2.464999999999999858e+01, 3.533000000000000029e-01
1.500000000000000000e+08, 3.165999999999999842e-05, 4.243999999999999995e-01, 5.536000000000000122e-03, 2.642999999999999972e+01, 3.906999999999999917e-01
2.000000000000000000e+08, 1.781000000000000058e-05, 3.326999999999999957e-01, 4.135999999999999920e-03, 2.748999999999999844e+01, 4.138000000000000012e-01
3.000000000000000000e+08, 7.914999999999999605e-06, 2.358000000000000096e-01, 2.746000000000000177e-03, 2.871999999999999886e+01, 4.419000000000000150e-01
4.000000000000000000e+08, 4.451999999999999896e-06, 1.847000000000000031e-01, 2.056000000000000102e-03, 2.942000000000000171e+01, 4.586999999999999966e-01
5.000000000000000000e+08, 2.849000000000000166e-06, 1.529000000000000081e-01, 1.642999999999999929e-03, 2.987999999999999901e+01, 4.699999999999999734e-01
6.000000000000000000e+08, 1.979000000000000026e-06, 1.308999999999999886e-01, 1.368000000000000075e-03, 3.021000000000000085e+01, 4.783999999999999919e-01
8.000000000000000000e+08, 1.112999999999999974e-06, 1.021999999999999992e-01, 1.025000000000000086e-03, 3.064999999999999858e+01, 4.898000000000000131e-01
1.000000000000000000e+09, 7.124000000000000529e-07, 8.411000000000000421e-02, 8.193000000000000196e-04, 3.092999999999999972e+01, 4.974000000000000088e-01
1.500000000000000000e+09, 3.166000000000000160e-07, 5.874000000000000055e-02, 5.458000000000000395e-04, 3.133999999999999986e+01, 5.087000000000000410e-01
2.000000000000000000e+09, 1.781000000000000132e-07, 4.546000000000000041e-02, 4.092000000000000260e-04, 3.155999999999999872e+01, 5.151000000000000023e-01
3.000000000000000000e+09, 7.915000000000000399e-08, 3.160999999999999921e-02, 2.727000000000000149e-04, 3.180000000000000071e+01, 5.221000000000000085e-01
4.000000000000000000e+09, 4.451999999999999764e-08, 2.440000000000000155e-02, 2.045000000000000105e-04, 3.192999999999999972e+01, 5.262000000000000011e-01
5.000000000000000000e+09, 2.848999999999999902e-08, 1.994999999999999898e-02, 1.635999999999999922e-04, 3.200999999999999801e+01, 5.286999999999999478e-01
6.000000000000000000e+09, 1.979000000000000052e-08, 1.692000000000000101e-02, 1.363000000000000062e-04, 3.207000000000000028e+01, 5.304999999999999716e-01
8.000000000000000000e+09, 1.112999999999999941e-08, 1.302999999999999992e-02, 1.022000000000000041e-04, 3.214000000000000057e+01, 5.328000000000000513e-01
1.000000000000000000e+10, 7.123999999999999801e-09, 1.064000000000000015e-02, 8.176000000000000325e-05, 3.218999999999999773e+01, 5.342999999999999972e-01
1.500000000000000000e+10, 3.166000000000000027e-09, 7.355000000000000426e-03, 5.450000000000000336e-05, 3.225000000000000000e+01, 5.362999999999999989e-01
2.000000000000000000e+10, 1.780999999999999950e-09, 5.654000000000000171e-03, 4.087000000000000002e-05, 3.228999999999999915e+01, 5.374999999999999778e-01
3.000000000000000000e+10, 7.915000000000000068e-10, 3.899000000000000122e-03, 2.725000000000000168e-05, 3.232000000000000028e+01, 5.385999999999999677e-01
4.000000000000000000e+10, 4.452000000000000239e-10, 2.994000000000000133e-03, 2.044000000000000081e-05, 3.234000000000000341e+01, 5.393000000000000016e-01
5.000000000000000000e+10, 2.849000000000000191e-10, 2.438000000000000063e-03, 1.635000000000000101e-05, 3.235999999999999943e+01, 5.396999999999999575e-01
6.000000000000000000e+10, 1.979000000000000094e-10, 2.060999999999999898e-03, 1.362000000000000004e-05, 3.235999999999999943e+01, 5.400000000000000355e-01
8.000000000000000000e+10, 1.113000000000000060e-10, 1.580000000000000024e-03, 1.022000000000000041e-05, 3.236999999999999744e+01, 5.403000000000000025e-01
1.000000000000000000e+11, 7.124000000000000421e-11, 1.286000000000000034e-03, 8.174000000000000005e-06, 3.238000000000000256e+01, 5.404999999999999805e-01
