1.000000000000000000e+03, 1.365999999999999943e+02, 5.723000000000000309e-01, 9.824000000000000000e+04, 0.000000000000000000e+00, 0.000000000000000000e+00
1.500000000000000000e+03, 1.240999999999999943e+02, 1.070000000000000062e+00, 3.355000000000000000e+04, 0.000000000000000000e+00, 0.000000000000000000e+00
2.000000000000000000e+03, 1.112999999999999972e+02, 1.556000000000000050e+00, 1.541000000000000000e+04, 0.000000000000000000e+00, 0.000000000000000000e+00
3.000000000000000000e+03, 8.973000000000000398e+01, 2.384999999999999787e+00, 5.741000000000000000e+04, 0.000000000000000000e+00, 0.000000000000000000e+00
4.000000000000000000e+03, 7.446999999999999886e+01, 3.027000000000000135e+00, 2.688000000000000000e+04, 0.000000000000000000e+00, 0.000000000000000000e+00
5.000000000000000000e+03, 6.361999999999999744e+01, 3.537999999999999812e+00, 1.465000000000000000e+04, 0.000000000000000000e+00, 0.000000000000000000e+00
6.000000000000000000e+03, 5.532999999999999829e+01, 3.970000000000000195e+00, 8.819000000000000000e+03, 0.000000000000000000e+00, 0.000000000000000000e+00
8.000000000000000000e+03, 4.284000000000000341e+01, 4.698000000000000398e+00, 3.892000000000000000e+03, 0.000000000000000000e+00, 0.000000000000000000e+00
1.000000000000000000e+04, 3.363000000000000256e+01, 5.296999999999999709e+00, 2.037000000000000000e+03, 0.000000000000000000e+00, 0.000000000000000000e+00
1.500000000000000000e+04, 1.967000000000000171e+01, 6.341999999999999638e+00, 6.112000000000000455e+02, 0.000000000000000000e+00, 0.000000000000000000e+00
2.000000000000000000e+04, 1.286999999999999922e+01, 6.923000000000000043e+00, 2.555999999999999943e+02, 0.000000000000000000e+00, 0.000000000000000000e+00
3.000000000000000000e+04, 6.897000000000000242e+00, 7.439000000000000057e+00, 7.309999999999999432e+01, 0.000000000000000000e+00, 0.000000000000000000e+00
4.000000000000000000e+04, 4.346000000000000085e+00, 7.610999999999999766e+00, 2.967999999999999972e+01, 0.000000000000000000e+00, 0.000000000000000000e+00
5.000000000000000000e+04, 2.986000000000000210e+00, 7.636999999999999567e+00, 1.466999999999999993e+01, 0.000000000000000000e+00, 0.000000000000000000e+00
6.000000000000000000e+04, 2.172000000000000153e+00, 7.586999999999999744e+00, 8.212999999999999190e+00, 0.000000000000000000e+00, 0.000000000000000000e+00
8.000000000000000000e+04, 1.292000000000000037e+00, 7.384000000000000341e+00, 3.275999999999999801e+00, 0.000000000000000000e+00, 0.000000000000000000e+00
1.000000000000000000e+05, 8.551999999999999602e-01, 7.134999999999999787e+00, 1.602999999999999980e+00, 0.000000000000000000e+00, 0.000000000000000000e+00
1.500000000000000000e+05, 3.972999999999999865e-01, 6.530999999999999694e+00, 4.389000000000000123e-01, 0.000000000000000000e+00, 0.000000000000000000e+00
2.000000000000000000e+05, 2.280999999999999972e-01, 6.025999999999999801e+00, 1.769999999999999907e-01, 0.000000000000000000e+00, 0.000000000000000000e+00
3.000000000000000000e+05, 1.030999999999999972e-01, 5.269999999999999574e+00, 5.113000000000000184e-02, 0.000000000000000000e+00, 0.000000000000000000e+00
4.000000000000000000e+05, 5.836999999999999827e-02, 4.732999999999999652e+00, 2.215999999999999914e-02, 0.000000000000000000e+00, 0.000000000000000000e+00
5.000000000000000000e+05, 3.747999999999999943e-02, 4.328000000000000291e+00, 1.203000000000000076e-02, 0.000000000000000000e+00, 0.000000000000000000e+00
6.000000000000000000e+05, 2.606999999999999942e-02, 4.006000000000000227e+00, 7.523000000000000173e-03, 0.000000000000000000e+00, 0.000000000000000000e+00
8.000000000000000000e+05, 1.468999999999999993e-02, 3.521999999999999797e+00, 3.812999999999999983e-03, 0.000000000000000000e+00, 0.000000000000000000e+00
1.000000000000000000e+06, 9.409000000000000696e-03, 3.168000000000000149e+00, 2.370000000000000145e-03, 0.000000000000000000e+00, 0.000000000000000000e+00
1.022000000000000000e+06, 9.008999999999999647e-03, 3.134999999999999787e+00, 2.236999999999999839e-03, 0.000000000000000000e+00, 0.000000000000000000e+00
1.250000000000000000e+06, 6.024999999999999974e-03, 2.833000000000000185e+00, 1.515999999999999986e-03, 1.902999999999999961e-03, 0.000000000000000000e+00
1.500000000000000000e+06, 4.185000000000000352e-03, 2.576000000000000068e+00, 1.097000000000000102e-03, 1.029000000000000054e-02, 0.000000000000000000e+00
2.000000000000000000e+06, 2.354999999999999889e-03, 2.197999999999999954e+00, 6.836999999999999762e-04, 4.043999999999999678e-02, 0.000000000000000000e+00
2.044000000000000000e+06, 2.255000000000000060e-03, 2.170999999999999819e+00, 6.608999999999999641e-04, 4.358000000000000068e-02, 0.000000000000000000e+00
3.000000000000000000e+06, 1.046999999999999971e-03, 1.729999999999999982e+00, 3.768999999999999998e-04, 1.146999999999999964e-01, 6.051999999999999654e-04
4.000000000000000000e+06, 5.888999999999999487e-04, 1.443000000000000060e+00, 2.566000000000000030e-04, 1.852000000000000035e-01, 2.471000000000000106e-03
5.000000000000000000e+06, 3.768999999999999998e-04, 1.245999999999999996e+00, 1.934000000000000118e-04, 2.477999999999999925e-01, 4.924000000000000425e-03
6.000000000000000000e+06, 2.617000000000000185e-04, 1.100999999999999979e+00, 1.548999999999999975e-04, 3.039000000000000035e-01, 7.562000000000000145e-03
7.000000000000000000e+06, 1.923000000000000122e-04, 9.899000000000000021e-01, 1.289999999999999914e-04, 3.537000000000000144e-01, 1.018999999999999941e-02
8.000000000000000000e+06, 1.472000000000000001e-04, 9.009000000000000341e-01, 1.104000000000000001e-04, 3.986999999999999988e-01, 1.274999999999999918e-02
9.000000000000000000e+06, 1.162999999999999944e-04, 8.282000000000000473e-01, 9.649000000000000621e-05, 4.394000000000000128e-01, 1.519999999999999997e-02
1.000000000000000000e+07, 9.422999999999999736e-05, 7.672999999999999821e-01, 8.564999999999999480e-05, 4.763000000000000012e-01, 1.753000000000000044e-02
1.100000000000000000e+07, 7.788000000000000651e-05, 7.157000000000000028e-01, 7.699000000000000656e-05, 5.098000000000000309e-01, 1.974000000000000060e-02
1.200000000000000000e+07, 6.543999999999999687e-05, 6.712000000000000188e-01, 6.990000000000000499e-05, 5.404999999999999805e-01, 2.182999999999999871e-02
1.300000000000000000e+07, 5.576000000000000146e-05, 6.322999999999999732e-01, 6.401000000000000548e-05, 5.689999999999999503e-01, 2.381000000000000130e-02
1.400000000000000000e+07, 4.808000000000000045e-05, 5.981999999999999540e-01, 5.902000000000000074e-05, 5.955000000000000293e-01, 2.569000000000000103e-02
1.500000000000000000e+07, 4.187999999999999882e-05, 5.678999999999999604e-01, 5.475999999999999748e-05, 6.202999999999999625e-01, 2.748000000000000095e-02
1.600000000000000000e+07, 3.681000000000000163e-05, 5.407999999999999474e-01, 5.106000000000000241e-05, 6.434999999999999609e-01, 2.918000000000000108e-02
1.800000000000000000e+07, 2.907999999999999940e-05, 4.943000000000000171e-01, 4.499000000000000124e-05, 6.861000000000000432e-01, 3.234000000000000069e-02
2.000000000000000000e+07, 2.356000000000000143e-05, 4.557999999999999829e-01, 4.020000000000000136e-05, 7.241999999999999549e-01, 3.522999999999999743e-02
2.200000000000000000e+07, 1.947000000000000163e-05, 4.233999999999999986e-01, 3.634000000000000104e-05, 7.586000000000000520e-01, 3.789000000000000007e-02
2.400000000000000000e+07, 1.635999999999999922e-05, 3.956000000000000072e-01, 3.313999999999999780e-05, 7.899000000000000465e-01, 4.034000000000000086e-02
2.600000000000000000e+07, 1.394000000000000036e-05, 3.714999999999999969e-01, 3.047000000000000134e-05, 8.185999999999999943e-01, 4.261999999999999816e-02
2.800000000000000000e+07, 1.202000000000000011e-05, 3.504999999999999782e-01, 2.818999999999999945e-05, 8.449999999999999734e-01, 4.474000000000000199e-02
3.000000000000000000e+07, 1.046999999999999971e-05, 3.317999999999999838e-01, 2.623000000000000128e-05, 8.693999999999999506e-01, 4.671999999999999764e-02
4.000000000000000000e+07, 5.888999999999999860e-06, 2.636999999999999900e-01, 1.946000000000000003e-05, 9.705000000000000293e-01, 5.500000000000000028e-02
5.000000000000000000e+07, 3.768999999999999828e-06, 2.200999999999999901e-01, 1.546999999999999927e-05, 1.046000000000000041e+00, 6.140000000000000319e-02
6.000000000000000000e+07, 2.617000000000000101e-06, 1.897000000000000075e-01, 1.283000000000000083e-05, 1.104999999999999982e+00, 6.654000000000000192e-02
8.000000000000000000e+07, 1.472000000000000052e-06, 1.496000000000000107e-01, 9.569999999999999853e-06, 1.193000000000000060e+00, 7.442999999999999616e-02
1.000000000000000000e+08, 9.421999999999999533e-07, 1.242000000000000048e-01, 7.631000000000000291e-06, 1.256000000000000005e+00, 8.028000000000000413e-02
1.500000000000000000e+08, 4.188000000000000179e-07, 8.841000000000000247e-02, 5.064999999999999787e-06, 1.358000000000000096e+00, 9.020999999999999852e-02
2.000000000000000000e+08, 2.355000000000000110e-07, 6.932000000000000661e-02, 3.790000000000000136e-06, 1.419999999999999929e+00, 9.661999999999999755e-02
3.000000000000000000e+08, 1.047000000000000045e-07, 4.913000000000000006e-02, 2.521000000000000088e-06, 1.493999999999999995e+00, 1.047000000000000014e-01
4.000000000000000000e+08, 5.888999999999999992e-08, 3.848000000000000032e-02, 1.889000000000000041e-06, 1.538000000000000034e+00, 1.097000000000000058e-01
5.000000000000000000e+08, 3.769000000000000199e-08, 3.185000000000000331e-02, 1.509999999999999942e-06, 1.566000000000000059e+00, 1.131000000000000061e-01
6.000000000000000000e+08, 2.616999999999999876e-08, 2.726999999999999910e-02, 1.258000000000000068e-06, 1.586999999999999966e+00, 1.156999999999999973e-01
8.000000000000000000e+08, 1.472000000000000045e-08, 2.129999999999999949e-02, 9.426999999999999909e-07, 1.614999999999999991e+00, 1.193000000000000033e-01
1.000000000000000000e+09, 9.421999999999999930e-09, 1.752000000000000085e-02, 7.538999999999999944e-07, 1.633000000000000007e+00, 1.217000000000000026e-01
1.500000000000000000e+09, 4.188000000000000014e-09, 1.223999999999999914e-02, 5.024000000000000518e-07, 1.659999999999999920e+00, 1.254000000000000115e-01
2.000000000000000000e+09, 2.354999999999999829e-09, 9.471999999999999517e-03, 3.766999999999999784e-07, 1.673999999999999932e+00, 1.274000000000000132e-01
3.000000000000000000e+09, 1.047000000000000003e-09, 6.585999999999999840e-03, 2.511000000000000184e-07, 1.689999999999999947e+00, 1.297000000000000097e-01
4.000000000000000000e+09, 5.889000000000000033e-10, 5.083999999999999977e-03, 1.883000000000000119e-07, 1.697999999999999954e+00, 1.310999999999999943e-01
5.000000000000000000e+09, 3.769000000000000116e-10, 4.155999999999999972e-03, 1.506000000000000118e-07, 1.703999999999999959e+00, 1.318999999999999895e-01
6.000000000000000000e+09, 2.616999999999999855e-10, 3.524999999999999922e-03, 1.255000000000000054e-07, 1.707000000000000073e+00, 1.325000000000000067e-01
8.000000000000000000e+09, 1.471999999999999932e-10, 2.714999999999999965e-03, 9.412999999999999651e-08, 1.711999999999999966e+00, 1.333000000000000018e-01
1.000000000000000000e+10, 9.421999999999999879e-11, 2.216999999999999787e-03, 7.530000000000000591e-08, 1.715000000000000080e+00, 1.338000000000000023e-01
1.500000000000000000e+10, 4.188000000000000169e-11, 1.531999999999999942e-03, 5.019999999999999953e-08, 1.719999999999999973e+00, 1.345000000000000084e-01
2.000000000000000000e+10, 2.354999999999999881e-11, 1.178000000000000011e-03, 3.765000000000000295e-08, 1.721999999999999975e+00, 1.348999999999999921e-01
3.000000000000000000e+10, 1.047000000000000042e-11, 8.124000000000000145e-04, 2.509999999999999976e-08, 1.723999999999999977e+00, 1.351999999999999869e-01
4.000000000000000000e+10, 5.888999999999999645e-12, 6.237000000000000356e-04, 1.881999999999999912e-08, 1.725999999999999979e+00, 1.355000000000000093e-01
5.000000000000000000e+10, 3.768999999999999793e-12, 5.079000000000000398e-04, 1.506000000000000052e-08, 1.727000000000000091e+00, 1.355999999999999983e-01
6.000000000000000000e+10, 2.616999999999999855e-12, 4.293000000000000266e-04, 1.254999999999999988e-08, 1.727000000000000091e+00, 1.356999999999999873e-01
8.000000000000000000e+10, 1.471999999999999988e-12, 3.291999999999999788e-04, 9.411000000000000692e-09, 1.727999999999999980e+00, 1.358000000000000040e-01
1.000000000000000000e+11, 9.421999999999999636e-13, 2.678000000000000042e-04, 7.529000000000000781e-09, 1.727999999999999980e+00, 1.358999999999999930e-01
