1.000000000000000000e+03, 2.840000000000000000e+03, 1.407000000000000028e+00, 7.136000000000000000e+05, 0.000000000000000000e+00, 0.000000000000000000e+00
1.500000000000000000e+03, 2.706000000000000000e+03, 2.322000000000000064e+00, 1.599000000000000000e+06, 0.000000000000000000e+00, 0.000000000000000000e+00
2.000000000000000000e+03, 2.566000000000000000e+03, 3.222999999999999865e+00, 9.808000000000000000e+05, 0.000000000000000000e+00, 0.000000000000000000e+00
3.000000000000000000e+03, 2.290000000000000000e+03, 5.006999999999999673e+00, 3.988000000000000000e+05, 0.000000000000000000e+00, 0.000000000000000000e+00
4.000000000000000000e+03, 2.031000000000000000e+03, 6.679000000000000270e+00, 1.969000000000000000e+05, 0.000000000000000000e+00, 0.000000000000000000e+00
5.000000000000000000e+03, 1.800000000000000000e+03, 8.217999999999999972e+00, 1.124000000000000000e+05, 0.000000000000000000e+00, 0.000000000000000000e+00
6.000000000000000000e+03, 1.599000000000000000e+03, 9.615000000000000213e+00, 7.058000000000000000e+04, 0.000000000000000000e+00, 0.000000000000000000e+00
8.000000000000000000e+03, 1.281000000000000000e+03, 1.201999999999999957e+01, 3.350000000000000000e+04, 0.000000000000000000e+00, 0.000000000000000000e+00
1.000000000000000000e+04, 1.044000000000000000e+03, 1.405000000000000071e+01, 8.143000000000000000e+04, 0.000000000000000000e+00, 0.000000000000000000e+00
1.500000000000000000e+04, 6.752000000000000455e+02, 1.807999999999999829e+01, 2.835000000000000000e+04, 0.000000000000000000e+00, 0.000000000000000000e+00
2.000000000000000000e+04, 4.803999999999999773e+02, 2.107000000000000028e+01, 1.314000000000000000e+04, 0.000000000000000000e+00, 0.000000000000000000e+00
3.000000000000000000e+04, 2.836999999999999886e+02, 2.482999999999999829e+01, 4.350000000000000000e+03, 0.000000000000000000e+00, 0.000000000000000000e+00
4.000000000000000000e+04, 1.854000000000000057e+02, 2.682000000000000028e+01, 1.962000000000000000e+03, 0.000000000000000000e+00, 0.000000000000000000e+00
5.000000000000000000e+04, 1.311999999999999886e+02, 2.789999999999999858e+01, 1.053000000000000000e+03, 0.000000000000000000e+00, 0.000000000000000000e+00
6.000000000000000000e+04, 9.850000000000000000e+01, 2.848000000000000043e+01, 3.459000000000000000e+03, 0.000000000000000000e+00, 0.000000000000000000e+00
8.000000000000000000e+04, 6.171999999999999886e+01, 2.880999999999999872e+01, 1.619000000000000000e+03, 0.000000000000000000e+00, 0.000000000000000000e+00
1.000000000000000000e+05, 4.214000000000000057e+01, 2.857999999999999829e+01, 8.857999999999999545e+02, 0.000000000000000000e+00, 0.000000000000000000e+00
1.500000000000000000e+05, 2.055000000000000071e+01, 2.714999999999999858e+01, 2.908000000000000114e+02, 0.000000000000000000e+00, 0.000000000000000000e+00
2.000000000000000000e+05, 1.223000000000000043e+01, 2.553999999999999915e+01, 1.314000000000000057e+02, 0.000000000000000000e+00, 0.000000000000000000e+00
3.000000000000000000e+05, 5.778999999999999915e+00, 2.278999999999999915e+01, 4.370000000000000284e+01, 0.000000000000000000e+00, 0.000000000000000000e+00
4.000000000000000000e+05, 3.347999999999999865e+00, 2.067999999999999972e+01, 2.060000000000000142e+01, 0.000000000000000000e+00, 0.000000000000000000e+00
5.000000000000000000e+05, 2.181000000000000050e+00, 1.901999999999999957e+01, 1.178999999999999915e+01, 0.000000000000000000e+00, 0.000000000000000000e+00
6.000000000000000000e+05, 1.532000000000000028e+00, 1.767999999999999972e+01, 7.626999999999999780e+00, 0.000000000000000000e+00, 0.000000000000000000e+00
8.000000000000000000e+05, 8.739999999999999991e-01, 1.560999999999999943e+01, 3.994000000000000217e+00, 0.000000000000000000e+00, 0.000000000000000000e+00
1.000000000000000000e+06, 5.637999999999999678e-01, 1.407000000000000028e+01, 2.504000000000000004e+00, 0.000000000000000000e+00, 0.000000000000000000e+00
1.022000000000000000e+06, 5.402000000000000135e-01, 1.391999999999999993e+01, 2.395999999999999908e+00, 0.000000000000000000e+00, 0.000000000000000000e+00
1.250000000000000000e+06, 3.629999999999999893e-01, 1.259999999999999964e+01, 1.614999999999999991e+00, 7.510999999999999621e-02, 0.000000000000000000e+00
1.500000000000000000e+06, 2.529000000000000137e-01, 1.147000000000000064e+01, 1.153000000000000025e+00, 3.481000000000000205e-01, 0.000000000000000000e+00
2.000000000000000000e+06, 1.428000000000000103e-01, 9.798000000000000043e+00, 6.991000000000000547e-01, 1.106999999999999984e+00, 0.000000000000000000e+00
2.044000000000000000e+06, 1.366999999999999882e-01, 9.678000000000000824e+00, 6.742000000000000215e-01, 1.177000000000000046e+00, 0.000000000000000000e+00
3.000000000000000000e+06, 6.364000000000000212e-02, 7.716999999999999638e+00, 3.679000000000000048e-01, 2.612999999999999989e+00, 2.697000000000000178e-03
4.000000000000000000e+06, 3.583000000000000074e-02, 6.440000000000000391e+00, 2.421999999999999986e-01, 3.887999999999999901e+00, 1.099999999999999936e-02
5.000000000000000000e+06, 2.293999999999999859e-02, 5.562000000000000277e+00, 1.781999999999999973e-01, 4.971000000000000085e+00, 2.188000000000000014e-02
6.000000000000000000e+06, 1.593999999999999931e-02, 4.916999999999999815e+00, 1.401000000000000023e-01, 5.902000000000000135e+00, 3.355000000000000343e-02
7.000000000000000000e+06, 1.170999999999999992e-02, 4.419999999999999929e+00, 1.150999999999999940e-01, 6.724000000000000199e+00, 4.517000000000000182e-02
8.000000000000000000e+06, 8.968000000000000277e-03, 4.022999999999999687e+00, 9.739000000000000434e-02, 7.463000000000000078e+00, 5.639999999999999875e-02
9.000000000000000000e+06, 7.086000000000000285e-03, 3.697999999999999954e+00, 8.432000000000000606e-02, 8.134000000000000341e+00, 6.712999999999999523e-02
1.000000000000000000e+07, 5.740000000000000310e-03, 3.427000000000000046e+00, 7.427999999999999881e-02, 8.750000000000000000e+00, 7.731000000000000372e-02
1.100000000000000000e+07, 4.743999999999999953e-03, 3.196000000000000174e+00, 6.633999999999999619e-02, 9.319000000000000838e+00, 8.694000000000000339e-02
1.200000000000000000e+07, 3.985999999999999960e-03, 2.996999999999999886e+00, 5.990000000000000185e-02, 9.848000000000000753e+00, 9.600000000000000200e-02
1.300000000000000000e+07, 3.396999999999999846e-03, 2.823999999999999844e+00, 5.458999999999999964e-02, 1.033999999999999986e+01, 1.044999999999999957e-01
1.400000000000000000e+07, 2.929000000000000180e-03, 2.672000000000000153e+00, 5.013000000000000095e-02, 1.080000000000000071e+01, 1.126000000000000056e-01
1.500000000000000000e+07, 2.550999999999999882e-03, 2.536000000000000032e+00, 4.633999999999999925e-02, 1.123000000000000043e+01, 1.203000000000000042e-01
1.600000000000000000e+07, 2.242000000000000069e-03, 2.415000000000000036e+00, 4.306999999999999718e-02, 1.163000000000000078e+01, 1.275999999999999912e-01
1.800000000000000000e+07, 1.771999999999999921e-03, 2.208000000000000185e+00, 3.774000000000000271e-02, 1.233999999999999986e+01, 1.409999999999999865e-01
2.000000000000000000e+07, 1.435000000000000078e-03, 2.036000000000000032e+00, 3.357000000000000262e-02, 1.298000000000000043e+01, 1.532999999999999918e-01
2.200000000000000000e+07, 1.185999999999999988e-03, 1.891000000000000014e+00, 3.022999999999999993e-02, 1.356000000000000050e+01, 1.643999999999999906e-01
2.400000000000000000e+07, 9.967000000000001032e-04, 1.766999999999999904e+00, 2.749000000000000055e-02, 1.408999999999999986e+01, 1.746999999999999942e-01
2.600000000000000000e+07, 8.492999999999999898e-04, 1.659000000000000030e+00, 2.520000000000000018e-02, 1.457000000000000028e+01, 1.841000000000000136e-01
2.800000000000000000e+07, 7.322999999999999649e-04, 1.564999999999999947e+00, 2.325999999999999943e-02, 1.500999999999999979e+01, 1.928999999999999881e-01
3.000000000000000000e+07, 6.378999999999999471e-04, 1.481999999999999984e+00, 2.160000000000000114e-02, 1.541999999999999993e+01, 2.010000000000000120e-01
4.000000000000000000e+07, 3.587999999999999935e-04, 1.177999999999999936e+00, 1.591000000000000053e-02, 1.707999999999999829e+01, 2.344999999999999862e-01
5.000000000000000000e+07, 2.295999999999999972e-04, 9.831999999999999629e-01, 1.259000000000000050e-02, 1.830999999999999872e+01, 2.596999999999999864e-01
6.000000000000000000e+07, 1.595000000000000009e-04, 8.470999999999999641e-01, 1.041000000000000085e-02, 1.926999999999999957e+01, 2.796000000000000152e-01
8.000000000000000000e+07, 8.969999999999999838e-05, 6.681000000000000272e-01, 7.734999999999999688e-03, 2.069000000000000128e+01, 3.094000000000000083e-01
1.000000000000000000e+08, 5.741000000000000091e-05, 5.544999999999999929e-01, 6.152999999999999615e-03, 2.167999999999999972e+01, 3.310000000000000164e-01
1.500000000000000000e+08, 2.551999999999999961e-05, 3.948999999999999733e-01, 4.070999999999999966e-03, 2.326000000000000156e+01, 3.664999999999999925e-01
2.000000000000000000e+08, 1.434999999999999983e-05, 3.095999999999999863e-01, 3.041999999999999999e-03, 2.419999999999999929e+01, 3.885000000000000120e-01
3.000000000000000000e+08, 6.379000000000000250e-06, 2.195000000000000007e-01, 2.020000000000000094e-03, 2.530000000000000071e+01, 4.153000000000000025e-01
4.000000000000000000e+08, 3.588000000000000206e-06, 1.718999999999999972e-01, 1.512000000000000106e-03, 2.592000000000000171e+01, 4.314000000000000057e-01
5.000000000000000000e+08, 2.296000000000000125e-06, 1.423000000000000098e-01, 1.208000000000000089e-03, 2.632999999999999829e+01, 4.423000000000000265e-01
6.000000000000000000e+08, 1.594999999999999975e-06, 1.218000000000000055e-01, 1.005999999999999950e-03, 2.662000000000000099e+01, 4.502999999999999781e-01
8.000000000000000000e+08, 8.970000000000000515e-07, 9.514000000000000234e-02, 7.538999999999999478e-04, 2.701000000000000156e+01, 4.612999999999999878e-01
1.000000000000000000e+09, 5.741000000000000387e-07, 7.827000000000000624e-02, 6.026999999999999589e-04, 2.726999999999999957e+01, 4.686000000000000165e-01
1.500000000000000000e+09, 2.552000000000000088e-07, 5.466000000000000025e-02, 4.015000000000000014e-04, 2.762999999999999901e+01, 4.794999999999999818e-01
2.000000000000000000e+09, 1.435000000000000078e-07, 4.231000000000000039e-02, 3.009999999999999980e-04, 2.782999999999999829e+01, 4.857000000000000206e-01
3.000000000000000000e+09, 6.379000000000000409e-08, 2.942000000000000171e-02, 2.005999999999999971e-04, 2.803999999999999915e+01, 4.924000000000000044e-01
4.000000000000000000e+09, 3.588000000000000100e-08, 2.271000000000000102e-02, 1.503999999999999966e-04, 2.816000000000000014e+01, 4.964000000000000079e-01
5.000000000000000000e+09, 2.295999999999999847e-08, 1.856000000000000011e-02, 1.202999999999999968e-04, 2.823000000000000043e+01, 4.989000000000000101e-01
6.000000000000000000e+09, 1.595000000000000055e-08, 1.574000000000000052e-02, 1.002999999999999985e-04, 2.828000000000000114e+01, 5.006000000000000449e-01
8.000000000000000000e+09, 8.970000000000000251e-09, 1.213000000000000016e-02, 7.519000000000000347e-05, 2.835000000000000142e+01, 5.029000000000000137e-01
1.000000000000000000e+10, 5.740999999999999924e-09, 9.903000000000000344e-03, 6.014999999999999839e-05, 2.839000000000000057e+01, 5.042999999999999705e-01
1.500000000000000000e+10, 2.551999999999999873e-09, 6.844000000000000257e-03, 4.009999999999999893e-05, 2.844999999999999929e+01, 5.062999999999999723e-01
2.000000000000000000e+10, 1.434999999999999904e-09, 5.262000000000000184e-03, 3.006999999999999840e-05, 2.848000000000000043e+01, 5.073999999999999622e-01
3.000000000000000000e+10, 6.379000000000000409e-10, 3.628999999999999847e-03, 2.004999999999999946e-05, 2.851000000000000156e+01, 5.084999999999999520e-01
4.000000000000000000e+10, 3.587999999999999914e-10, 2.785999999999999848e-03, 1.503000000000000009e-05, 2.853000000000000114e+01, 5.091999999999999860e-01
5.000000000000000000e+10, 2.295999999999999878e-10, 2.269000000000000183e-03, 1.203000000000000002e-05, 2.853999999999999915e+01, 5.096000000000000529e-01
6.000000000000000000e+10, 1.594999999999999920e-10, 1.918000000000000000e-03, 1.002000000000000063e-05, 2.855000000000000071e+01, 5.099000000000000199e-01
8.000000000000000000e+10, 8.969999999999999785e-11, 1.469999999999999953e-03, 7.517000000000000197e-06, 2.855000000000000071e+01, 5.101999999999999869e-01
1.000000000000000000e+11, 5.740999999999999872e-11, 1.196000000000000014e-03, 6.014000000000000357e-06, 2.855999999999999872e+01, 5.103999999999999648e-01
