1.000000000000000000e+03, 8.508999999999999773e+02, 9.885000000000000453e-01, 4.496000000000000000e+05, 0.000000000000000000e+00, 0.000000000000000000e+00
1.500000000000000000e+03, 8.021000000000000227e+02, 1.631000000000000005e+00, 1.722000000000000000e+05, 0.000000000000000000e+00, 0.000000000000000000e+00
2.000000000000000000e+03, 7.516000000000000227e+02, 2.290999999999999925e+00, 4.832000000000000000e+05, 0.000000000000000000e+00, 0.000000000000000000e+00
3.000000000000000000e+03, 6.527000000000000455e+02, 3.580999999999999961e+00, 2.006000000000000000e+05, 0.000000000000000000e+00, 0.000000000000000000e+00
4.000000000000000000e+03, 5.656000000000000227e+02, 4.769000000000000128e+00, 9.520000000000000000e+04, 0.000000000000000000e+00, 0.000000000000000000e+00
5.000000000000000000e+03, 4.940000000000000000e+02, 5.834999999999999964e+00, 5.264000000000000000e+04, 0.000000000000000000e+00, 0.000000000000000000e+00
6.000000000000000000e+03, 4.355000000000000000e+02, 6.769999999999999574e+00, 3.220000000000000000e+04, 0.000000000000000000e+00, 0.000000000000000000e+00
8.000000000000000000e+03, 3.450000000000000000e+02, 8.330000000000000071e+00, 1.466000000000000000e+04, 0.000000000000000000e+00, 0.000000000000000000e+00
1.000000000000000000e+04, 2.773000000000000114e+02, 9.615000000000000213e+00, 7.897000000000000000e+03, 0.000000000000000000e+00, 0.000000000000000000e+00
1.500000000000000000e+04, 1.705999999999999943e+02, 1.207000000000000028e+01, 2.527000000000000000e+03, 0.000000000000000000e+00, 0.000000000000000000e+00
2.000000000000000000e+04, 1.160000000000000000e+02, 1.374000000000000021e+01, 8.357000000000000000e+03, 0.000000000000000000e+00, 0.000000000000000000e+00
3.000000000000000000e+04, 6.570999999999999375e+01, 1.566999999999999993e+01, 2.769000000000000000e+03, 0.000000000000000000e+00, 0.000000000000000000e+00
4.000000000000000000e+04, 4.228000000000000114e+01, 1.660000000000000142e+01, 1.234000000000000000e+03, 0.000000000000000000e+00, 0.000000000000000000e+00
5.000000000000000000e+04, 2.930000000000000071e+01, 1.703000000000000114e+01, 6.517000000000000455e+02, 0.000000000000000000e+00, 0.000000000000000000e+00
6.000000000000000000e+04, 2.153000000000000114e+01, 1.717999999999999972e+01, 3.840000000000000000e+02, 0.000000000000000000e+00, 0.000000000000000000e+00
8.000000000000000000e+04, 1.313000000000000078e+01, 1.705000000000000071e+01, 1.650000000000000000e+02, 0.000000000000000000e+00, 0.000000000000000000e+00
1.000000000000000000e+05, 8.884999999999999787e+00, 1.669000000000000128e+01, 8.512000000000000455e+01, 0.000000000000000000e+00, 0.000000000000000000e+00
1.500000000000000000e+05, 4.272000000000000242e+00, 1.557000000000000028e+01, 2.539999999999999858e+01, 0.000000000000000000e+00, 0.000000000000000000e+00
2.000000000000000000e+05, 2.494000000000000217e+00, 1.451999999999999957e+01, 1.081000000000000050e+01, 0.000000000000000000e+00, 0.000000000000000000e+00
3.000000000000000000e+05, 1.149000000000000021e+00, 1.283000000000000007e+01, 3.326999999999999957e+00, 0.000000000000000000e+00, 0.000000000000000000e+00
4.000000000000000000e+05, 6.579000000000000403e-01, 1.157000000000000028e+01, 1.495999999999999996e+00, 0.000000000000000000e+00, 0.000000000000000000e+00
5.000000000000000000e+05, 4.252000000000000224e-01, 1.060999999999999943e+01, 8.302000000000000490e-01, 0.000000000000000000e+00, 0.000000000000000000e+00
6.000000000000000000e+05, 2.969999999999999862e-01, 9.836000000000000298e+00, 5.262000000000000011e-01, 0.000000000000000000e+00, 0.000000000000000000e+00
8.000000000000000000e+05, 1.681999999999999884e-01, 8.662000000000000810e+00, 2.697999999999999843e-01, 0.000000000000000000e+00, 0.000000000000000000e+00
1.000000000000000000e+06, 1.079999999999999988e-01, 7.798000000000000043e+00, 1.680000000000000104e-01, 0.000000000000000000e+00, 0.000000000000000000e+00
1.022000000000000000e+06, 1.034000000000000058e-01, 7.716000000000000192e+00, 1.597999999999999976e-01, 0.000000000000000000e+00, 0.000000000000000000e+00
1.250000000000000000e+06, 6.925000000000000600e-02, 6.977999999999999758e+00, 1.078999999999999959e-01, 1.540000000000000049e-02, 0.000000000000000000e+00
1.500000000000000000e+06, 4.814000000000000223e-02, 6.346000000000000085e+00, 7.754999999999999394e-02, 7.478999999999999537e-02, 0.000000000000000000e+00
2.000000000000000000e+06, 2.710999999999999868e-02, 5.418000000000000149e+00, 4.750000000000000056e-02, 2.711999999999999966e-01, 0.000000000000000000e+00
2.044000000000000000e+06, 2.596000000000000044e-02, 5.352000000000000313e+00, 4.585999999999999799e-02, 2.908000000000000029e-01, 0.000000000000000000e+00
3.000000000000000000e+06, 1.205999999999999954e-02, 4.264999999999999680e+00, 2.549999999999999836e-02, 7.278000000000000025e-01, 1.492000000000000054e-03
4.000000000000000000e+06, 6.786000000000000365e-03, 3.557999999999999829e+00, 1.703999999999999959e-02, 1.145000000000000018e+00, 6.089999999999999927e-03
5.000000000000000000e+06, 4.343999999999999771e-03, 3.072999999999999954e+00, 1.268000000000000030e-02, 1.510999999999999899e+00, 1.213000000000000016e-02
6.000000000000000000e+06, 3.017000000000000150e-03, 2.716000000000000192e+00, 1.005999999999999950e-02, 1.832000000000000073e+00, 1.861000000000000154e-02
7.000000000000000000e+06, 2.216000000000000088e-03, 2.440999999999999837e+00, 8.314000000000000209e-03, 2.117999999999999883e+00, 2.508000000000000160e-02
8.000000000000000000e+06, 1.696999999999999941e-03, 2.221999999999999975e+00, 7.076999999999999957e-03, 2.375000000000000000e+00, 3.133999999999999980e-02
9.000000000000000000e+06, 1.340999999999999961e-03, 2.043000000000000149e+00, 6.154999999999999881e-03, 2.608999999999999986e+00, 3.733000000000000207e-02
1.000000000000000000e+07, 1.085999999999999943e-03, 1.893000000000000016e+00, 5.441999999999999789e-03, 2.822000000000000064e+00, 4.302999999999999881e-02
1.100000000000000000e+07, 8.976000000000000255e-04, 1.764999999999999902e+00, 4.876000000000000126e-03, 3.016999999999999904e+00, 4.843000000000000083e-02
1.200000000000000000e+07, 7.542000000000000093e-04, 1.655999999999999917e+00, 4.414999999999999654e-03, 3.194999999999999840e+00, 5.351999999999999813e-02
1.300000000000000000e+07, 6.426999999999999554e-04, 1.560000000000000053e+00, 4.033000000000000126e-03, 3.358999999999999986e+00, 5.831999999999999684e-02
1.400000000000000000e+07, 5.540999999999999702e-04, 1.475000000000000089e+00, 3.710999999999999889e-03, 3.511000000000000121e+00, 6.289000000000000146e-02
1.500000000000000000e+07, 4.827000000000000236e-04, 1.401000000000000023e+00, 3.435999999999999818e-03, 3.652000000000000135e+00, 6.722000000000000197e-02
1.600000000000000000e+07, 4.243000000000000135e-04, 1.334000000000000075e+00, 3.199000000000000021e-03, 3.785000000000000142e+00, 7.133000000000000451e-02
1.800000000000000000e+07, 3.352000000000000162e-04, 1.219000000000000083e+00, 2.811000000000000131e-03, 4.027000000000000135e+00, 7.896000000000000241e-02
2.000000000000000000e+07, 2.714999999999999857e-04, 1.124000000000000110e+00, 2.505999999999999981e-03, 4.245000000000000107e+00, 8.591000000000000025e-02
2.200000000000000000e+07, 2.244000000000000064e-04, 1.044000000000000039e+00, 2.260999999999999989e-03, 4.442000000000000171e+00, 9.228000000000000091e-02
2.400000000000000000e+07, 1.886000000000000035e-04, 9.758999999999999897e-01, 2.059000000000000066e-03, 4.621000000000000441e+00, 9.814000000000000501e-02
2.600000000000000000e+07, 1.607000000000000030e-04, 9.163999999999999924e-01, 1.889999999999999970e-03, 4.785000000000000142e+00, 1.035999999999999976e-01
2.800000000000000000e+07, 1.385000000000000055e-04, 8.643999999999999462e-01, 1.747000000000000072e-03, 4.934999999999999609e+00, 1.086000000000000021e-01
3.000000000000000000e+07, 1.207000000000000065e-04, 8.185000000000000053e-01, 1.624000000000000010e-03, 5.073000000000000398e+00, 1.132999999999999979e-01
4.000000000000000000e+07, 6.787999999999999384e-05, 6.504999999999999671e-01, 1.199999999999999895e-03, 5.636000000000000121e+00, 1.327000000000000124e-01
5.000000000000000000e+07, 4.344999999999999904e-05, 5.430000000000000382e-01, 9.518999999999999901e-04, 6.054000000000000270e+00, 1.474000000000000032e-01
6.000000000000000000e+07, 3.017000000000000083e-05, 4.677999999999999936e-01, 7.885999999999999781e-04, 6.379999999999999893e+00, 1.592000000000000082e-01
8.000000000000000000e+07, 1.696999999999999846e-05, 3.689000000000000057e-01, 5.871000000000000133e-04, 6.862000000000000099e+00, 1.769000000000000017e-01
1.000000000000000000e+08, 1.085999999999999936e-05, 3.062000000000000277e-01, 4.675999999999999818e-04, 7.203999999999999737e+00, 1.899000000000000132e-01
1.500000000000000000e+08, 4.826999999999999694e-06, 2.180999999999999883e-01, 3.098999999999999975e-04, 7.748000000000000220e+00, 2.114000000000000046e-01
2.000000000000000000e+08, 2.714999999999999840e-06, 1.710000000000000131e-01, 2.316999999999999941e-04, 8.073000000000000398e+00, 2.250000000000000056e-01
3.000000000000000000e+08, 1.207000000000000048e-06, 1.212000000000000022e-01, 1.540000000000000028e-04, 8.451999999999999957e+00, 2.416999999999999982e-01
4.000000000000000000e+08, 6.787999999999999638e-07, 9.490999999999999437e-02, 1.152999999999999972e-04, 8.669999999999999929e+00, 2.516999999999999793e-01
5.000000000000000000e+08, 4.344000000000000252e-07, 7.857000000000000095e-02, 9.218000000000000174e-05, 8.813000000000000611e+00, 2.585999999999999965e-01
6.000000000000000000e+08, 3.017000000000000083e-07, 6.726999999999999647e-02, 7.676999999999999851e-05, 8.916000000000000369e+00, 2.636999999999999900e-01
8.000000000000000000e+08, 1.696999999999999909e-07, 5.254000000000000337e-02, 5.752999999999999976e-05, 9.051999999999999602e+00, 2.706999999999999962e-01
1.000000000000000000e+09, 1.086000000000000063e-07, 4.322000000000000147e-02, 4.601000000000000163e-05, 9.141000000000000014e+00, 2.753999999999999782e-01
1.500000000000000000e+09, 4.827000000000000144e-08, 3.019000000000000156e-02, 3.064999999999999962e-05, 9.269000000000000128e+00, 2.823999999999999844e-01
2.000000000000000000e+09, 2.715000000000000158e-08, 2.335999999999999882e-02, 2.298000000000000021e-05, 9.339000000000000412e+00, 2.863999999999999879e-01
3.000000000000000000e+09, 1.206999999999999989e-08, 1.624000000000000096e-02, 1.531999999999999901e-05, 9.413999999999999702e+00, 2.908000000000000029e-01
4.000000000000000000e+09, 6.788000000000000134e-09, 1.254000000000000080e-02, 1.149000000000000010e-05, 9.455000000000000071e+00, 2.933999999999999941e-01
5.000000000000000000e+09, 4.343999999999999888e-09, 1.025000000000000043e-02, 9.188000000000000800e-06, 9.480000000000000426e+00, 2.949999999999999845e-01
6.000000000000000000e+09, 3.016999999999999818e-09, 8.694000000000000339e-03, 7.655999999999999205e-06, 9.497999999999999332e+00, 2.960999999999999743e-01
8.000000000000000000e+09, 1.697000000000000034e-09, 6.697999999999999961e-03, 5.742000000000000251e-06, 9.521000000000000796e+00, 2.975999999999999757e-01
1.000000000000000000e+10, 1.085999999999999972e-09, 5.468999999999999903e-03, 4.592999999999999901e-06, 9.535999999999999588e+00, 2.984999999999999876e-01
1.500000000000000000e+10, 4.826999999999999978e-10, 3.778999999999999807e-03, 3.062000000000000075e-06, 9.557000000000000384e+00, 2.998000000000000109e-01
2.000000000000000000e+10, 2.714999999999999930e-10, 2.906000000000000163e-03, 2.296000000000000125e-06, 9.567000000000000171e+00, 3.005999999999999783e-01
3.000000000000000000e+10, 1.207000000000000071e-10, 2.004000000000000139e-03, 1.531000000000000038e-06, 9.579000000000000625e+00, 3.013000000000000123e-01
4.000000000000000000e+10, 6.788000000000000237e-11, 1.538000000000000088e-03, 1.148000000000000062e-06, 9.585000000000000853e+00, 3.018000000000000127e-01
5.000000000000000000e+10, 4.344000000000000069e-11, 1.252999999999999991e-03, 9.184999999999999727e-07, 9.589000000000000412e+00, 3.019999999999999907e-01
6.000000000000000000e+10, 3.016999999999999766e-11, 1.059000000000000045e-03, 7.654000000000000113e-07, 9.590999999999999304e+00, 3.022000000000000242e-01
8.000000000000000000e+10, 1.697000000000000059e-11, 8.120000000000000048e-04, 5.740000000000000312e-07, 9.595000000000000639e+00, 3.024000000000000021e-01
1.000000000000000000e+11, 1.086000000000000017e-11, 6.606000000000000110e-04, 4.591999999999999826e-07, 9.596999999999999531e+00, 3.024999999999999911e-01
