1.000000000000000000e+03, 4.618000000000000000e+03, 1.197999999999999954e+00, 2.041000000000000000e+06, 0.000000000000000000e+00, 0.000000000000000000e+00
1.500000000000000000e+03, 4.422000000000000000e+03, 2.279999999999999805e+00, 9.478000000000000000e+05, 0.000000000000000000e+00, 0.000000000000000000e+00
2.000000000000000000e+03, 4.201000000000000000e+03, 3.408999999999999808e+00, 5.169000000000000000e+05, 0.000000000000000000e+00, 0.000000000000000000e+00
3.000000000000000000e+03, 3.759000000000000000e+03, 5.576999999999999957e+00, 7.806000000000000000e+05, 0.000000000000000000e+00, 0.000000000000000000e+00
4.000000000000000000e+03, 3.362000000000000000e+03, 7.503999999999999559e+00, 4.414000000000000000e+05, 0.000000000000000000e+00, 0.000000000000000000e+00
5.000000000000000000e+03, 3.015000000000000000e+03, 9.207000000000000739e+00, 2.847000000000000000e+05, 0.000000000000000000e+00, 0.000000000000000000e+00
6.000000000000000000e+03, 2.713000000000000000e+03, 1.076999999999999957e+01, 1.820000000000000000e+05, 0.000000000000000000e+00, 0.000000000000000000e+00
8.000000000000000000e+03, 2.220000000000000000e+03, 1.363000000000000078e+01, 8.846000000000000000e+04, 0.000000000000000000e+00, 0.000000000000000000e+00
1.000000000000000000e+04, 1.847000000000000000e+03, 1.617000000000000171e+01, 5.007000000000000000e+04, 0.000000000000000000e+00, 0.000000000000000000e+00
1.500000000000000000e+04, 1.236000000000000000e+03, 2.105000000000000071e+01, 4.332000000000000000e+04, 0.000000000000000000e+00, 0.000000000000000000e+00
2.000000000000000000e+04, 8.785000000000000000e+02, 2.446000000000000085e+01, 3.293000000000000000e+04, 0.000000000000000000e+00, 0.000000000000000000e+00
3.000000000000000000e+04, 5.167999999999999545e+02, 2.907999999999999829e+01, 1.146000000000000000e+04, 0.000000000000000000e+00, 0.000000000000000000e+00
4.000000000000000000e+04, 3.463999999999999773e+02, 3.189000000000000057e+01, 5.333000000000000000e+03, 0.000000000000000000e+00, 0.000000000000000000e+00
5.000000000000000000e+04, 2.475000000000000000e+02, 3.353999999999999915e+01, 2.925000000000000000e+03, 0.000000000000000000e+00, 0.000000000000000000e+00
6.000000000000000000e+04, 1.854000000000000057e+02, 3.447999999999999687e+01, 1.784000000000000000e+03, 0.000000000000000000e+00, 0.000000000000000000e+00
8.000000000000000000e+04, 1.164000000000000057e+02, 3.518999999999999773e+01, 8.137999999999999545e+02, 0.000000000000000000e+00, 0.000000000000000000e+00
1.000000000000000000e+05, 8.059999999999999432e+01, 3.510999999999999943e+01, 2.037000000000000000e+03, 0.000000000000000000e+00, 0.000000000000000000e+00
1.500000000000000000e+05, 3.989999999999999858e+01, 3.371000000000000085e+01, 7.106000000000000227e+02, 0.000000000000000000e+00, 0.000000000000000000e+00
2.000000000000000000e+05, 2.382999999999999829e+01, 3.189999999999999858e+01, 3.340000000000000000e+02, 0.000000000000000000e+00, 0.000000000000000000e+00
3.000000000000000000e+05, 1.139000000000000057e+01, 2.860999999999999943e+01, 1.165999999999999943e+02, 0.000000000000000000e+00, 0.000000000000000000e+00
4.000000000000000000e+05, 6.671999999999999709e+00, 2.603000000000000114e+01, 5.672999999999999687e+01, 0.000000000000000000e+00, 0.000000000000000000e+00
5.000000000000000000e+05, 4.375000000000000000e+00, 2.398999999999999844e+01, 3.318999999999999773e+01, 0.000000000000000000e+00, 0.000000000000000000e+00
6.000000000000000000e+05, 3.087000000000000188e+00, 2.232000000000000028e+01, 2.178999999999999915e+01, 0.000000000000000000e+00, 0.000000000000000000e+00
8.000000000000000000e+05, 1.772000000000000020e+00, 1.973000000000000043e+01, 1.160999999999999943e+01, 0.000000000000000000e+00, 0.000000000000000000e+00
1.000000000000000000e+06, 1.147999999999999909e+00, 1.780999999999999872e+01, 7.325000000000000178e+00, 0.000000000000000000e+00, 0.000000000000000000e+00
1.022000000000000000e+06, 1.100000000000000089e+00, 1.762000000000000099e+01, 7.011999999999999567e+00, 0.000000000000000000e+00, 0.000000000000000000e+00
1.250000000000000000e+06, 7.413999999999999480e-01, 1.596000000000000085e+01, 4.732000000000000206e+00, 1.431999999999999940e-01, 0.000000000000000000e+00
1.500000000000000000e+06, 5.178000000000000380e-01, 1.452999999999999936e+01, 3.369000000000000217e+00, 6.899999999999999467e-01, 0.000000000000000000e+00
2.000000000000000000e+06, 2.932000000000000162e-01, 1.241999999999999993e+01, 2.036999999999999922e+00, 2.061999999999999833e+00, 0.000000000000000000e+00
2.044000000000000000e+06, 2.807999999999999940e-01, 1.226999999999999957e+01, 1.963999999999999968e+00, 2.181000000000000050e+00, 0.000000000000000000e+00
3.000000000000000000e+06, 1.310000000000000053e-01, 9.785000000000000142e+00, 1.064000000000000057e+00, 4.443999999999999950e+00, 3.418000000000000031e-03
4.000000000000000000e+06, 7.385999999999999510e-02, 8.166999999999999815e+00, 6.956999999999999851e-01, 6.333999999999999631e+00, 1.392999999999999967e-02
5.000000000000000000e+06, 4.732000000000000095e-02, 7.054999999999999716e+00, 5.094999999999999529e-01, 7.915000000000000036e+00, 2.769999999999999893e-02
6.000000000000000000e+06, 3.287999999999999950e-02, 6.237000000000000099e+00, 3.990000000000000213e-01, 9.278000000000000469e+00, 4.245999999999999774e-02
7.000000000000000000e+06, 2.416000000000000092e-02, 5.605999999999999872e+00, 3.266000000000000014e-01, 1.048000000000000043e+01, 5.711999999999999716e-02
8.000000000000000000e+06, 1.849999999999999908e-02, 5.102999999999999758e+00, 2.757999999999999896e-01, 1.156000000000000050e+01, 7.129000000000000614e-02
9.000000000000000000e+06, 1.461999999999999932e-02, 4.690999999999999837e+00, 2.381999999999999951e-01, 1.253999999999999915e+01, 8.482000000000000650e-02
1.000000000000000000e+07, 1.184999999999999942e-02, 4.347000000000000419e+00, 2.094999999999999918e-01, 1.344999999999999929e+01, 9.764000000000000457e-02
1.100000000000000000e+07, 9.790999999999999356e-03, 4.054000000000000270e+00, 1.867999999999999938e-01, 1.428999999999999915e+01, 1.097000000000000058e-01
1.200000000000000000e+07, 8.227999999999999203e-03, 3.802000000000000046e+00, 1.685000000000000109e-01, 1.508000000000000007e+01, 1.210999999999999993e-01
1.300000000000000000e+07, 7.010999999999999871e-03, 3.581999999999999851e+00, 1.534000000000000086e-01, 1.581000000000000050e+01, 1.318999999999999895e-01
1.400000000000000000e+07, 6.045000000000000026e-03, 3.388999999999999790e+00, 1.406999999999999917e-01, 1.648999999999999844e+01, 1.419999999999999873e-01
1.500000000000000000e+07, 5.265999999999999848e-03, 3.217999999999999972e+00, 1.298999999999999877e-01, 1.712999999999999901e+01, 1.516000000000000125e-01
1.600000000000000000e+07, 4.629000000000000302e-03, 3.064000000000000057e+00, 1.207000000000000017e-01, 1.773000000000000043e+01, 1.607000000000000095e-01
1.800000000000000000e+07, 3.657000000000000094e-03, 2.801000000000000156e+00, 1.055999999999999994e-01, 1.880999999999999872e+01, 1.776000000000000079e-01
2.000000000000000000e+07, 2.962999999999999922e-03, 2.583000000000000185e+00, 9.382999999999999674e-02, 1.976999999999999957e+01, 1.927999999999999992e-01
2.200000000000000000e+07, 2.448000000000000089e-03, 2.399000000000000021e+00, 8.440000000000000280e-02, 2.064999999999999858e+01, 2.066999999999999948e-01
2.400000000000000000e+07, 2.056999999999999801e-03, 2.241999999999999993e+00, 7.668999999999999428e-02, 2.144000000000000128e+01, 2.195000000000000007e-01
2.600000000000000000e+07, 1.753000000000000001e-03, 2.104999999999999982e+00, 7.026000000000000301e-02, 2.217000000000000171e+01, 2.311999999999999889e-01
2.800000000000000000e+07, 1.512000000000000106e-03, 1.985999999999999988e+00, 6.482000000000000262e-02, 2.283999999999999986e+01, 2.421000000000000096e-01
3.000000000000000000e+07, 1.317000000000000028e-03, 1.879999999999999893e+00, 6.015000000000000208e-02, 2.346000000000000085e+01, 2.520999999999999908e-01
4.000000000000000000e+07, 7.406999999999999522e-04, 1.493999999999999995e+00, 4.422000000000000236e-02, 2.596999999999999886e+01, 2.934999999999999831e-01
5.000000000000000000e+07, 4.740999999999999772e-04, 1.247000000000000108e+00, 3.495000000000000190e-02, 2.783999999999999986e+01, 3.245000000000000107e-01
6.000000000000000000e+07, 3.291999999999999788e-04, 1.074999999999999956e+00, 2.887999999999999942e-02, 2.928000000000000114e+01, 3.488999999999999879e-01
8.000000000000000000e+07, 1.852000000000000022e-04, 8.476000000000000201e-01, 2.144000000000000072e-02, 3.141000000000000014e+01, 3.852999999999999758e-01
1.000000000000000000e+08, 1.184999999999999937e-04, 7.035000000000000142e-01, 1.703999999999999959e-02, 3.289999999999999858e+01, 4.116000000000000214e-01
1.500000000000000000e+08, 5.267999999999999707e-05, 5.010000000000000009e-01, 1.127000000000000050e-02, 3.527000000000000313e+01, 4.544000000000000261e-01
2.000000000000000000e+08, 2.962999999999999922e-05, 3.927999999999999825e-01, 8.415000000000000605e-03, 3.667000000000000171e+01, 4.809999999999999831e-01
3.000000000000000000e+08, 1.316999999999999927e-05, 2.783999999999999808e-01, 5.585999999999999820e-03, 3.831000000000000227e+01, 5.131000000000000005e-01
4.000000000000000000e+08, 7.407000000000000403e-06, 2.179999999999999993e-01, 4.180999999999999821e-03, 3.924000000000000199e+01, 5.322000000000000064e-01
5.000000000000000000e+08, 4.741000000000000009e-06, 1.804999999999999938e-01, 3.340000000000000087e-03, 3.985000000000000142e+01, 5.451000000000000290e-01
6.000000000000000000e+08, 3.291999999999999991e-06, 1.544999999999999984e-01, 2.781000000000000052e-03, 4.028999999999999915e+01, 5.545999999999999819e-01
8.000000000000000000e+08, 1.852000000000000014e-06, 1.207000000000000017e-01, 2.083999999999999915e-03, 4.086999999999999744e+01, 5.675000000000000044e-01
1.000000000000000000e+09, 1.185000000000000089e-06, 9.929999999999999938e-02, 1.665999999999999946e-03, 4.125000000000000000e+01, 5.760999999999999455e-01
1.500000000000000000e+09, 5.267999999999999791e-07, 6.934999999999999498e-02, 1.110000000000000092e-03, 4.178999999999999915e+01, 5.887999999999999901e-01
2.000000000000000000e+09, 2.963000000000000261e-07, 5.367000000000000243e-02, 8.319000000000000006e-04, 4.209000000000000341e+01, 5.958999999999999853e-01
3.000000000000000000e+09, 1.316999999999999948e-07, 3.731999999999999901e-02, 5.542999999999999750e-04, 4.240999999999999659e+01, 6.036000000000000254e-01
4.000000000000000000e+09, 7.407000000000000085e-08, 2.880999999999999880e-02, 4.157000000000000213e-04, 4.257999999999999829e+01, 6.081999999999999629e-01
5.000000000000000000e+09, 4.740999999999999903e-08, 2.355000000000000149e-02, 3.325000000000000048e-04, 4.268999999999999773e+01, 6.109999999999999876e-01
6.000000000000000000e+09, 3.291999999999999964e-08, 1.997000000000000164e-02, 2.770000000000000110e-04, 4.277000000000000313e+01, 6.129000000000000004e-01
8.000000000000000000e+09, 1.851999999999999974e-08, 1.538999999999999917e-02, 2.078000000000000094e-04, 4.286999999999999744e+01, 6.155000000000000471e-01
1.000000000000000000e+10, 1.185000000000000023e-08, 1.255999999999999998e-02, 1.662000000000000012e-04, 4.292999999999999972e+01, 6.170999999999999819e-01
1.500000000000000000e+10, 5.267999999999999593e-09, 8.682000000000000481e-03, 1.107999999999999963e-04, 4.302000000000000313e+01, 6.192999999999999616e-01
2.000000000000000000e+10, 2.962999999999999798e-09, 6.675000000000000377e-03, 8.309000000000000576e-05, 4.306000000000000227e+01, 6.206000000000000405e-01
3.000000000000000000e+10, 1.316999999999999898e-09, 4.603000000000000320e-03, 5.539000000000000331e-05, 4.310999999999999943e+01, 6.218000000000000194e-01
4.000000000000000000e+10, 7.407000000000000375e-10, 3.533999999999999815e-03, 4.153999999999999869e-05, 4.314000000000000057e+01, 6.226000000000000423e-01
5.000000000000000000e+10, 4.741000000000000482e-10, 2.877999999999999916e-03, 3.322999999999999863e-05, 4.314999999999999858e+01, 6.230999999999999872e-01
6.000000000000000000e+10, 3.292000000000000109e-10, 2.432999999999999833e-03, 2.769000000000000085e-05, 4.315999999999999659e+01, 6.232999999999999652e-01
8.000000000000000000e+10, 1.851999999999999912e-10, 1.864999999999999904e-03, 2.076999999999999935e-05, 4.317999999999999972e+01, 6.237000000000000322e-01
1.000000000000000000e+11, 1.185000000000000044e-10, 1.518000000000000035e-03, 1.662000000000000012e-05, 4.318999999999999773e+01, 6.239000000000000101e-01
