1.000000000000000000e+03, 4.206999999999999886e+02, 8.138999999999999568e-01, 8.421000000000000000e+05, 0.000000000000000000e+00, 0.000000000000000000e+00
1.500000000000000000e+03, 3.933000000000000114e+02, 1.419000000000000039e+00, 3.149000000000000000e+05, 0.000000000000000000e+00, 0.000000000000000000e+00
2.000000000000000000e+03, 3.646999999999999886e+02, 1.969999999999999973e+00, 1.505000000000000000e+05, 0.000000000000000000e+00, 0.000000000000000000e+00
3.000000000000000000e+03, 3.110000000000000000e+02, 2.972999999999999865e+00, 5.140000000000000000e+04, 0.000000000000000000e+00, 0.000000000000000000e+00
4.000000000000000000e+03, 2.641999999999999886e+02, 3.906000000000000139e+00, 2.354000000000000000e+04, 0.000000000000000000e+00, 0.000000000000000000e+00
5.000000000000000000e+03, 2.245000000000000000e+02, 4.759999999999999787e+00, 1.274000000000000000e+04, 0.000000000000000000e+00, 0.000000000000000000e+00
6.000000000000000000e+03, 1.915000000000000000e+02, 5.533000000000000362e+00, 7.671000000000000000e+03, 0.000000000000000000e+00, 0.000000000000000000e+00
8.000000000000000000e+03, 1.430000000000000000e+02, 6.857999999999999652e+00, 2.819000000000000000e+04, 0.000000000000000000e+00, 0.000000000000000000e+00
1.000000000000000000e+04, 1.114000000000000057e+02, 7.921000000000000263e+00, 1.571000000000000000e+04, 0.000000000000000000e+00, 0.000000000000000000e+00
1.500000000000000000e+04, 6.915999999999999659e+01, 9.708000000000000185e+00, 5.215000000000000000e+03, 0.000000000000000000e+00, 0.000000000000000000e+00
2.000000000000000000e+04, 4.793999999999999773e+01, 1.077999999999999936e+01, 2.323000000000000000e+03, 0.000000000000000000e+00, 0.000000000000000000e+00
3.000000000000000000e+04, 2.642000000000000171e+01, 1.192999999999999972e+01, 7.198999999999999773e+02, 0.000000000000000000e+00, 0.000000000000000000e+00
4.000000000000000000e+04, 1.664999999999999858e+01, 1.241000000000000014e+01, 3.075000000000000000e+02, 0.000000000000000000e+00, 0.000000000000000000e+00
5.000000000000000000e+04, 1.153999999999999915e+01, 1.257000000000000028e+01, 1.574000000000000057e+02, 0.000000000000000000e+00, 0.000000000000000000e+00
6.000000000000000000e+04, 8.510999999999999233e+00, 1.257000000000000028e+01, 9.065999999999999659e+01, 0.000000000000000000e+00, 0.000000000000000000e+00
8.000000000000000000e+04, 5.197000000000000064e+00, 1.234999999999999964e+01, 3.764999999999999858e+01, 0.000000000000000000e+00, 0.000000000000000000e+00
1.000000000000000000e+05, 3.494000000000000217e+00, 1.201999999999999957e+01, 1.896000000000000085e+01, 0.000000000000000000e+00, 0.000000000000000000e+00
1.500000000000000000e+05, 1.651999999999999913e+00, 1.113000000000000078e+01, 5.434999999999999609e+00, 0.000000000000000000e+00, 0.000000000000000000e+00
2.000000000000000000e+05, 9.579999999999999627e-01, 1.033000000000000007e+01, 2.255999999999999783e+00, 0.000000000000000000e+00, 0.000000000000000000e+00
3.000000000000000000e+05, 4.385000000000000009e-01, 9.076999999999999957e+00, 6.737999999999999545e-01, 0.000000000000000000e+00, 0.000000000000000000e+00
4.000000000000000000e+05, 2.497999999999999943e-01, 8.169999999999999929e+00, 2.975999999999999757e-01, 0.000000000000000000e+00, 0.000000000000000000e+00
5.000000000000000000e+05, 1.610000000000000042e-01, 7.479000000000000092e+00, 1.633999999999999897e-01, 0.000000000000000000e+00, 0.000000000000000000e+00
6.000000000000000000e+05, 1.121999999999999942e-01, 6.929000000000000270e+00, 1.029000000000000054e-01, 0.000000000000000000e+00, 0.000000000000000000e+00
8.000000000000000000e+05, 6.336999999999999578e-02, 6.097000000000000419e+00, 5.240000000000000213e-02, 0.000000000000000000e+00, 0.000000000000000000e+00
1.000000000000000000e+06, 4.062999999999999945e-02, 5.485999999999999766e+00, 3.259000000000000091e-02, 0.000000000000000000e+00, 0.000000000000000000e+00
1.022000000000000000e+06, 3.891000000000000014e-02, 5.427999999999999936e+00, 3.092999999999999916e-02, 0.000000000000000000e+00, 0.000000000000000000e+00
1.250000000000000000e+06, 2.604000000000000065e-02, 4.908000000000000362e+00, 2.092000000000000109e-02, 6.519999999999999754e-03, 0.000000000000000000e+00
1.500000000000000000e+06, 1.808999999999999844e-02, 4.461999999999999744e+00, 1.508999999999999925e-02, 3.320000000000000034e-02, 0.000000000000000000e+00
2.000000000000000000e+06, 1.018999999999999941e-02, 3.809000000000000163e+00, 9.306000000000000036e-03, 1.265000000000000013e-01, 0.000000000000000000e+00
2.044000000000000000e+06, 9.752000000000000252e-03, 3.762000000000000011e+00, 8.987999999999999462e-03, 1.360999999999999988e-01, 0.000000000000000000e+00
3.000000000000000000e+06, 4.529000000000000040e-03, 2.996999999999999886e+00, 5.052000000000000067e-03, 3.506000000000000227e-01, 1.049000000000000019e-03
4.000000000000000000e+06, 2.547999999999999918e-03, 2.500999999999999890e+00, 3.403000000000000209e-03, 5.600000000000000533e-01, 4.282000000000000216e-03
5.000000000000000000e+06, 1.631000000000000071e-03, 2.160000000000000142e+00, 2.546999999999999785e-03, 7.449000000000000066e-01, 8.529999999999999388e-03
6.000000000000000000e+06, 1.132999999999999893e-03, 1.909000000000000030e+00, 2.028999999999999988e-03, 9.096999999999999531e-01, 1.310000000000000053e-02
7.000000000000000000e+06, 8.321000000000000054e-04, 1.715999999999999970e+00, 1.683000000000000034e-03, 1.056000000000000050e+00, 1.764999999999999902e-02
8.000000000000000000e+06, 6.371000000000000361e-04, 1.562000000000000055e+00, 1.435999999999999993e-03, 1.187999999999999945e+00, 2.206999999999999934e-02
9.000000000000000000e+06, 5.033999999999999846e-04, 1.435000000000000053e+00, 1.252000000000000075e-03, 1.306999999999999940e+00, 2.630000000000000046e-02
1.000000000000000000e+07, 4.076999999999999895e-04, 1.330000000000000071e+00, 1.108999999999999960e-03, 1.415000000000000036e+00, 3.031999999999999973e-02
1.100000000000000000e+07, 3.370000000000000057e-04, 1.239999999999999991e+00, 9.947999999999998944e-04, 1.512999999999999901e+00, 3.413000000000000062e-02
1.200000000000000000e+07, 2.831999999999999990e-04, 1.163000000000000034e+00, 9.018999999999999673e-04, 1.602999999999999980e+00, 3.772999999999999965e-02
1.300000000000000000e+07, 2.413000000000000106e-04, 1.096000000000000085e+00, 8.247999999999999906e-04, 1.685000000000000053e+00, 4.112999999999999989e-02
1.400000000000000000e+07, 2.079999999999999872e-04, 1.036999999999999922e+00, 7.596999999999999803e-04, 1.762999999999999901e+00, 4.436999999999999972e-02
1.500000000000000000e+07, 1.812000000000000134e-04, 9.844000000000000528e-01, 7.041000000000000383e-04, 1.834999999999999964e+00, 4.742999999999999994e-02
1.600000000000000000e+07, 1.592999999999999961e-04, 9.374000000000000110e-01, 6.560000000000000076e-04, 1.903000000000000025e+00, 5.034999999999999892e-02
1.800000000000000000e+07, 1.258999999999999974e-04, 8.568000000000000060e-01, 5.770999999999999871e-04, 2.027000000000000135e+00, 5.577000000000000013e-02
2.000000000000000000e+07, 1.018999999999999968e-04, 7.901000000000000245e-01, 5.150999999999999980e-04, 2.137999999999999901e+00, 6.072000000000000314e-02
2.200000000000000000e+07, 8.425000000000000143e-05, 7.338999999999999968e-01, 4.650999999999999752e-04, 2.238999999999999879e+00, 6.525000000000000244e-02
2.400000000000000000e+07, 7.079000000000000494e-05, 6.857999999999999652e-01, 4.239000000000000038e-04, 2.330000000000000071e+00, 6.943000000000000560e-02
2.600000000000000000e+07, 6.031999999999999846e-05, 6.440000000000000169e-01, 3.893999999999999784e-04, 2.414000000000000146e+00, 7.330000000000000404e-02
2.800000000000000000e+07, 5.200999999999999840e-05, 6.075000000000000400e-01, 3.600000000000000227e-04, 2.490000000000000213e+00, 7.689999999999999614e-02
3.000000000000000000e+07, 4.530999999999999817e-05, 5.752000000000000446e-01, 3.348000000000000064e-04, 2.560999999999999943e+00, 8.025999999999999801e-02
4.000000000000000000e+07, 2.549000000000000159e-05, 4.571000000000000063e-01, 2.479000000000000084e-04, 2.847999999999999865e+00, 9.425000000000000044e-02
5.000000000000000000e+07, 1.631000000000000139e-05, 3.815000000000000058e-01, 1.968000000000000131e-04, 3.063000000000000167e+00, 1.049999999999999961e-01
6.000000000000000000e+07, 1.132999999999999994e-05, 3.286999999999999922e-01, 1.631000000000000071e-04, 3.230999999999999872e+00, 1.136000000000000065e-01
8.000000000000000000e+07, 6.370999999999999649e-06, 2.592999999999999750e-01, 1.216000000000000013e-04, 3.483000000000000096e+00, 1.265999999999999903e-01
1.000000000000000000e+08, 4.077000000000000098e-06, 2.152000000000000024e-01, 9.686999999999999918e-05, 3.662999999999999812e+00, 1.361999999999999877e-01
1.500000000000000000e+08, 1.811999999999999973e-06, 1.532000000000000028e-01, 6.423999999999999481e-05, 3.952999999999999847e+00, 1.524000000000000077e-01
2.000000000000000000e+08, 1.018999999999999900e-06, 1.202000000000000013e-01, 4.805000000000000243e-05, 4.128000000000000114e+00, 1.625999999999999945e-01
3.000000000000000000e+08, 4.529999999999999933e-07, 8.515999999999999959e-02, 3.194999999999999734e-05, 4.331999999999999851e+00, 1.753000000000000114e-01
4.000000000000000000e+08, 2.547999999999999787e-07, 6.669999999999999540e-02, 2.392999999999999958e-05, 4.450999999999999623e+00, 1.829999999999999960e-01
5.000000000000000000e+08, 1.630999999999999980e-07, 5.521000000000000213e-02, 1.913000000000000150e-05, 4.528999999999999915e+00, 1.882999999999999952e-01
6.000000000000000000e+08, 1.133000000000000021e-07, 4.726999999999999952e-02, 1.593000000000000164e-05, 4.584999999999999964e+00, 1.922000000000000097e-01
8.000000000000000000e+08, 6.371000000000000602e-08, 3.692000000000000143e-02, 1.193999999999999918e-05, 4.660000000000000142e+00, 1.975999999999999979e-01
1.000000000000000000e+09, 4.077000000000000045e-08, 3.037000000000000116e-02, 9.548999999999999546e-06, 4.708000000000000185e+00, 2.013000000000000067e-01
1.500000000000000000e+09, 1.811999999999999947e-08, 2.120999999999999969e-02, 6.362999999999999895e-06, 4.778999999999999915e+00, 2.066999999999999948e-01
2.000000000000000000e+09, 1.019000000000000059e-08, 1.642000000000000057e-02, 4.770999999999999722e-06, 4.817000000000000171e+00, 2.099000000000000032e-01
3.000000000000000000e+09, 4.529999999999999866e-09, 1.141999999999999960e-02, 3.180000000000000047e-06, 4.858999999999999986e+00, 2.132999999999999896e-01
4.000000000000000000e+09, 2.547999999999999887e-09, 8.810999999999999388e-03, 2.383999999999999960e-06, 4.881000000000000227e+00, 2.152999999999999914e-01
5.000000000000000000e+09, 1.631000000000000055e-09, 7.204000000000000334e-03, 1.906999999999999911e-06, 4.895999999999999908e+00, 2.164999999999999980e-01
6.000000000000000000e+09, 1.132999999999999913e-09, 6.108999999999999847e-03, 1.588999999999999948e-06, 4.905000000000000249e+00, 2.174000000000000099e-01
8.000000000000000000e+09, 6.371000000000000023e-10, 4.707000000000000246e-03, 1.191999999999999980e-06, 4.918000000000000149e+00, 2.185999999999999888e-01
1.000000000000000000e+10, 4.076999999999999983e-10, 3.843000000000000062e-03, 9.535999999999999628e-07, 4.926000000000000156e+00, 2.192999999999999949e-01
1.500000000000000000e+10, 1.812000000000000050e-10, 2.655999999999999941e-03, 6.357000000000000080e-07, 4.937999999999999723e+00, 2.202999999999999958e-01
2.000000000000000000e+10, 1.019000000000000048e-10, 2.041999999999999978e-03, 4.766999999999999739e-07, 4.943999999999999950e+00, 2.209000000000000130e-01
3.000000000000000000e+10, 4.530000000000000125e-11, 1.407999999999999963e-03, 3.178000000000000002e-07, 4.950000000000000178e+00, 2.215000000000000024e-01
4.000000000000000000e+10, 2.547999999999999887e-11, 1.080999999999999930e-03, 2.383999999999999907e-07, 4.953000000000000291e+00, 2.217999999999999972e-01
5.000000000000000000e+10, 1.630999999999999977e-11, 8.802999999999999844e-04, 1.907000000000000069e-07, 4.956000000000000405e+00, 2.220000000000000029e-01
6.000000000000000000e+10, 1.132999999999999958e-11, 7.441999999999999831e-04, 1.589000000000000001e-07, 4.956999999999999851e+00, 2.222000000000000086e-01
8.000000000000000000e+10, 6.371000000000000217e-12, 5.705999999999999918e-04, 1.191999999999999953e-07, 4.958999999999999631e+00, 2.222999999999999976e-01
1.000000000000000000e+11, 4.076999999999999692e-12, 4.642000000000000076e-04, 9.534000000000000536e-08, 4.959999999999999964e+00, 2.223999999999999866e-01
