1.000000000000000000e+03, 1.157000000000000000e+03, 1.141999999999999904e+00, 8.697000000000000000e+05, 0.000000000000000000e+00, 0.000000000000000000e+00
1.500000000000000000e+03, 1.088000000000000000e+03, 1.965999999999999970e+00, 3.390000000000000000e+05, 0.000000000000000000e+00, 0.000000000000000000e+00
2.000000000000000000e+03, 1.015000000000000000e+03, 2.721000000000000085e+00, 1.687000000000000000e+05, 0.000000000000000000e+00, 0.000000000000000000e+00
3.000000000000000000e+03, 8.780000000000000000e+02, 4.102999999999999758e+00, 3.019000000000000000e+05, 0.000000000000000000e+00, 0.000000000000000000e+00
4.000000000000000000e+03, 7.597999999999999545e+02, 5.360999999999999766e+00, 1.677000000000000000e+05, 0.000000000000000000e+00, 0.000000000000000000e+00
5.000000000000000000e+03, 6.617000000000000455e+02, 6.514999999999999680e+00, 9.421000000000000000e+04, 0.000000000000000000e+00, 0.000000000000000000e+00
6.000000000000000000e+03, 5.816000000000000227e+02, 7.581000000000000405e+00, 5.824000000000000000e+04, 0.000000000000000000e+00, 0.000000000000000000e+00
8.000000000000000000e+03, 4.623999999999999773e+02, 9.435000000000000497e+00, 2.689000000000000000e+04, 0.000000000000000000e+00, 0.000000000000000000e+00
1.000000000000000000e+04, 3.783000000000000114e+02, 1.092999999999999972e+01, 1.462000000000000000e+04, 0.000000000000000000e+00, 0.000000000000000000e+00
1.500000000000000000e+04, 2.433000000000000114e+02, 1.360999999999999943e+01, 4.745000000000000000e+03, 0.000000000000000000e+00, 0.000000000000000000e+00
2.000000000000000000e+04, 1.666999999999999886e+02, 1.543999999999999950e+01, 2.110000000000000000e+03, 0.000000000000000000e+00, 0.000000000000000000e+00
3.000000000000000000e+04, 9.396999999999999886e+01, 1.764999999999999858e+01, 4.754000000000000000e+03, 0.000000000000000000e+00, 0.000000000000000000e+00
4.000000000000000000e+04, 6.128999999999999915e+01, 1.876999999999999957e+01, 2.164000000000000000e+03, 0.000000000000000000e+00, 0.000000000000000000e+00
5.000000000000000000e+04, 4.295000000000000284e+01, 1.933999999999999986e+01, 1.161000000000000000e+03, 0.000000000000000000e+00, 0.000000000000000000e+00
6.000000000000000000e+04, 3.167000000000000171e+01, 1.957000000000000028e+01, 6.920000000000000000e+02, 0.000000000000000000e+00, 0.000000000000000000e+00
8.000000000000000000e+04, 1.930999999999999872e+01, 1.951999999999999957e+01, 3.023999999999999773e+02, 0.000000000000000000e+00, 0.000000000000000000e+00
1.000000000000000000e+05, 1.308000000000000007e+01, 1.916000000000000014e+01, 1.578000000000000114e+02, 0.000000000000000000e+00, 0.000000000000000000e+00
1.500000000000000000e+05, 6.330000000000000071e+00, 1.794999999999999929e+01, 4.806000000000000227e+01, 0.000000000000000000e+00, 0.000000000000000000e+00
2.000000000000000000e+05, 3.714999999999999858e+00, 1.676999999999999957e+01, 2.071000000000000085e+01, 0.000000000000000000e+00, 0.000000000000000000e+00
3.000000000000000000e+05, 1.719000000000000083e+00, 1.484999999999999964e+01, 6.477000000000000313e+00, 0.000000000000000000e+00, 0.000000000000000000e+00
4.000000000000000000e+05, 9.862999999999999545e-01, 1.341000000000000014e+01, 2.939999999999999947e+00, 0.000000000000000000e+00, 0.000000000000000000e+00
5.000000000000000000e+05, 6.384999999999999565e-01, 1.230000000000000071e+01, 1.641000000000000014e+00, 0.000000000000000000e+00, 0.000000000000000000e+00
6.000000000000000000e+05, 4.465999999999999970e-01, 1.141000000000000014e+01, 1.044000000000000039e+00, 0.000000000000000000e+00, 0.000000000000000000e+00
8.000000000000000000e+05, 2.531999999999999806e-01, 1.006000000000000050e+01, 5.373999999999999888e-01, 0.000000000000000000e+00, 0.000000000000000000e+00
1.000000000000000000e+06, 1.627000000000000113e-01, 9.055999999999999162e+00, 3.350000000000000200e-01, 0.000000000000000000e+00, 0.000000000000000000e+00
1.022000000000000000e+06, 1.557999999999999940e-01, 8.961000000000000298e+00, 3.187999999999999723e-01, 0.000000000000000000e+00, 0.000000000000000000e+00
1.250000000000000000e+06, 1.044000000000000067e-01, 8.105999999999999872e+00, 2.151000000000000134e-01, 2.270000000000000143e-02, 0.000000000000000000e+00
1.500000000000000000e+06, 7.259999999999999787e-02, 7.371999999999999886e+00, 1.544000000000000095e-01, 1.076000000000000012e-01, 0.000000000000000000e+00
2.000000000000000000e+06, 4.089999999999999886e-02, 6.294999999999999929e+00, 9.428000000000000269e-02, 3.799000000000000155e-01, 0.000000000000000000e+00
2.044000000000000000e+06, 3.917000000000000343e-02, 6.217999999999999972e+00, 9.099000000000000143e-02, 4.068999999999999839e-01, 0.000000000000000000e+00
3.000000000000000000e+06, 1.820000000000000090e-02, 4.955000000000000071e+00, 5.034999999999999892e-02, 9.989999999999999991e-01, 1.734000000000000081e-03
4.000000000000000000e+06, 1.024000000000000084e-02, 4.134999999999999787e+00, 3.352999999999999731e-02, 1.556999999999999940e+00, 7.074000000000000427e-03
5.000000000000000000e+06, 6.556000000000000195e-03, 3.571000000000000174e+00, 2.488999999999999893e-02, 2.044000000000000039e+00, 1.408000000000000050e-02
6.000000000000000000e+06, 4.552999999999999756e-03, 3.157000000000000028e+00, 1.969999999999999876e-02, 2.466000000000000192e+00, 2.161000000000000074e-02
7.000000000000000000e+06, 3.344999999999999883e-03, 2.837000000000000188e+00, 1.626000000000000015e-02, 2.843999999999999861e+00, 2.911000000000000046e-02
8.000000000000000000e+06, 2.560999999999999908e-03, 2.581999999999999851e+00, 1.382000000000000069e-02, 3.182999999999999829e+00, 3.638000000000000261e-02
9.000000000000000000e+06, 2.024000000000000191e-03, 2.374000000000000110e+00, 1.200999999999999984e-02, 3.491999999999999993e+00, 4.333000000000000046e-02
1.000000000000000000e+07, 1.639000000000000049e-03, 2.198999999999999844e+00, 1.060999999999999964e-02, 3.774000000000000021e+00, 4.993000000000000216e-02
1.100000000000000000e+07, 1.355000000000000085e-03, 2.051000000000000156e+00, 9.495999999999999233e-03, 4.033000000000000362e+00, 5.618000000000000077e-02
1.200000000000000000e+07, 1.137999999999999906e-03, 1.923999999999999932e+00, 8.593999999999999209e-03, 4.270999999999999908e+00, 6.208000000000000324e-02
1.300000000000000000e+07, 9.700000000000000505e-04, 1.812000000000000055e+00, 7.846000000000000543e-03, 4.490999999999999659e+00, 6.762999999999999567e-02
1.400000000000000000e+07, 8.363999999999999473e-04, 1.715000000000000080e+00, 7.216000000000000192e-03, 4.692999999999999616e+00, 7.291999999999999871e-02
1.500000000000000000e+07, 7.286000000000000375e-04, 1.627999999999999892e+00, 6.680000000000000174e-03, 4.879999999999999893e+00, 7.792999999999999927e-02
1.600000000000000000e+07, 6.403999999999999537e-04, 1.550000000000000044e+00, 6.217000000000000304e-03, 5.056000000000000050e+00, 8.268000000000000349e-02
1.800000000000000000e+07, 5.060000000000000478e-04, 1.417000000000000037e+00, 5.459000000000000311e-03, 5.376999999999999780e+00, 9.149999999999999800e-02
2.000000000000000000e+07, 4.097999999999999863e-04, 1.306999999999999940e+00, 4.865000000000000401e-03, 5.665000000000000036e+00, 9.951999999999999735e-02
2.200000000000000000e+07, 3.386999999999999928e-04, 1.213999999999999968e+00, 4.386000000000000142e-03, 5.926999999999999602e+00, 1.068999999999999950e-01
2.400000000000000000e+07, 2.845999999999999789e-04, 1.133999999999999897e+00, 3.994000000000000154e-03, 6.163999999999999702e+00, 1.136000000000000065e-01
2.600000000000000000e+07, 2.425000000000000126e-04, 1.064999999999999947e+00, 3.664999999999999855e-03, 6.381000000000000227e+00, 1.199000000000000066e-01
2.800000000000000000e+07, 2.090999999999999868e-04, 1.004999999999999893e+00, 3.386000000000000121e-03, 6.580000000000000071e+00, 1.255999999999999894e-01
3.000000000000000000e+07, 1.822000000000000106e-04, 9.513000000000000345e-01, 3.147000000000000058e-03, 6.762999999999999901e+00, 1.310000000000000053e-01
4.000000000000000000e+07, 1.024999999999999978e-04, 7.559000000000000163e-01, 2.324000000000000111e-03, 7.506000000000000227e+00, 1.532999999999999918e-01
5.000000000000000000e+07, 6.558000000000000569e-05, 6.310000000000000053e-01, 1.842000000000000104e-03, 8.057000000000000384e+00, 1.703000000000000069e-01
6.000000000000000000e+07, 4.554000000000000105e-05, 5.436999999999999611e-01, 1.526000000000000013e-03, 8.484999999999999432e+00, 1.837000000000000022e-01
8.000000000000000000e+07, 2.561000000000000044e-05, 4.288000000000000145e-01, 1.134999999999999941e-03, 9.118999999999999773e+00, 2.039999999999999869e-01
1.000000000000000000e+08, 1.639000000000000062e-05, 3.558999999999999941e-01, 9.039000000000000160e-04, 9.569000000000000838e+00, 2.187999999999999945e-01
1.500000000000000000e+08, 7.286000000000000206e-06, 2.534000000000000141e-01, 5.988000000000000267e-04, 1.028999999999999915e+01, 2.434000000000000052e-01
2.000000000000000000e+08, 4.098000000000000405e-06, 1.986999999999999877e-01, 4.476999999999999860e-04, 1.071000000000000085e+01, 2.589000000000000190e-01
3.000000000000000000e+08, 1.822000000000000089e-06, 1.408000000000000085e-01, 2.975000000000000214e-04, 1.121000000000000085e+01, 2.778999999999999804e-01
4.000000000000000000e+08, 1.024999999999999927e-06, 1.102999999999999953e-01, 2.227999999999999946e-04, 1.150000000000000000e+01, 2.893000000000000016e-01
5.000000000000000000e+08, 6.558000000000000358e-07, 9.131000000000000227e-02, 1.779999999999999898e-04, 1.168999999999999950e+01, 2.972000000000000197e-01
6.000000000000000000e+08, 4.554000000000000148e-07, 7.817999999999999949e-02, 1.482999999999999997e-04, 1.183000000000000007e+01, 3.029999999999999916e-01
8.000000000000000000e+08, 2.561999999999999780e-07, 6.106000000000000316e-02, 1.111000000000000035e-04, 1.200999999999999979e+01, 3.109999999999999987e-01
1.000000000000000000e+09, 1.639000000000000052e-07, 5.022999999999999687e-02, 8.885000000000000482e-05, 1.211999999999999922e+01, 3.163000000000000256e-01
1.500000000000000000e+09, 7.286000000000000524e-08, 3.508000000000000007e-02, 5.920000000000000240e-05, 1.228999999999999915e+01, 3.242999999999999772e-01
2.000000000000000000e+09, 4.098000000000000035e-08, 2.715000000000000052e-02, 4.437999999999999861e-05, 1.239000000000000057e+01, 3.289000000000000257e-01
3.000000000000000000e+09, 1.822000000000000036e-08, 1.888000000000000095e-02, 2.958000000000000139e-05, 1.249000000000000021e+01, 3.338999999999999746e-01
4.000000000000000000e+09, 1.025000000000000079e-08, 1.456999999999999962e-02, 2.218000000000000109e-05, 1.253999999999999915e+01, 3.367999999999999883e-01
5.000000000000000000e+09, 6.557999999999999894e-09, 1.191000000000000045e-02, 1.773999999999999956e-05, 1.257000000000000028e+01, 3.386000000000000121e-01
6.000000000000000000e+09, 4.553999999999999784e-09, 1.009999999999999960e-02, 1.478000000000000079e-05, 1.259999999999999964e+01, 3.398999999999999799e-01
8.000000000000000000e+09, 2.562000000000000045e-09, 7.784000000000000120e-03, 1.109000000000000055e-05, 1.263000000000000078e+01, 3.416000000000000147e-01
1.000000000000000000e+10, 1.639000000000000027e-09, 6.355999999999999671e-03, 8.869999999999999779e-06, 1.265000000000000036e+01, 3.427000000000000046e-01
1.500000000000000000e+10, 7.286000000000000482e-10, 4.392000000000000071e-03, 5.912999999999999969e-06, 1.266999999999999993e+01, 3.441000000000000170e-01
2.000000000000000000e+10, 4.098000000000000221e-10, 3.376999999999999794e-03, 4.434000000000000238e-06, 1.268999999999999950e+01, 3.449999999999999734e-01
3.000000000000000000e+10, 1.822000000000000015e-10, 2.328999999999999907e-03, 2.956000000000000158e-06, 1.269999999999999929e+01, 3.457999999999999963e-01
4.000000000000000000e+10, 1.024999999999999950e-10, 1.788000000000000093e-03, 2.217000000000000119e-06, 1.271000000000000085e+01, 3.462999999999999967e-01
5.000000000000000000e+10, 6.557999999999999481e-11, 1.456000000000000046e-03, 1.774000000000000083e-06, 1.272000000000000064e+01, 3.466000000000000192e-01
6.000000000000000000e+10, 4.553999999999999861e-11, 1.231000000000000106e-03, 1.478000000000000079e-06, 1.272000000000000064e+01, 3.467999999999999972e-01
8.000000000000000000e+10, 2.562000000000000110e-11, 9.437000000000000076e-04, 1.109000000000000097e-06, 1.272000000000000064e+01, 3.469999999999999751e-01
1.000000000000000000e+11, 1.639000000000000105e-11, 7.678000000000000146e-04, 8.868000000000000264e-07, 1.273000000000000043e+01, 3.472000000000000086e-01
