1.000000000000000000e+03, 8.207000000000000455e+02, 6.620000000000000329e-01, 3.963000000000000000e+05, 0.000000000000000000e+00, 0.000000000000000000e+00
1.500000000000000000e+03, 7.766000000000000227e+02, 1.304000000000000048e+00, 1.513000000000000000e+05, 0.000000000000000000e+00, 0.000000000000000000e+00
2.000000000000000000e+03, 7.260000000000000000e+02, 1.995000000000000107e+00, 5.002000000000000000e+05, 0.000000000000000000e+00, 0.000000000000000000e+00
3.000000000000000000e+03, 6.252999999999999545e+02, 3.334000000000000075e+00, 1.810000000000000000e+05, 0.000000000000000000e+00, 0.000000000000000000e+00
4.000000000000000000e+03, 5.398999999999999773e+02, 4.548000000000000043e+00, 8.555000000000000000e+04, 0.000000000000000000e+00, 0.000000000000000000e+00
5.000000000000000000e+03, 4.711999999999999886e+02, 5.610000000000000320e+00, 4.719000000000000000e+04, 0.000000000000000000e+00, 0.000000000000000000e+00
6.000000000000000000e+03, 4.150000000000000000e+02, 6.532000000000000028e+00, 2.882000000000000000e+04, 0.000000000000000000e+00, 0.000000000000000000e+00
8.000000000000000000e+03, 3.273000000000000114e+02, 8.077999999999999403e+00, 1.309000000000000000e+04, 0.000000000000000000e+00, 0.000000000000000000e+00
1.000000000000000000e+04, 2.615000000000000000e+02, 9.364000000000000767e+00, 7.044000000000000000e+03, 0.000000000000000000e+00, 0.000000000000000000e+00
1.500000000000000000e+04, 1.596999999999999886e+02, 1.181000000000000050e+01, 1.608000000000000000e+04, 0.000000000000000000e+00, 0.000000000000000000e+00
2.000000000000000000e+04, 1.087000000000000028e+02, 1.346000000000000085e+01, 7.598000000000000000e+03, 0.000000000000000000e+00, 0.000000000000000000e+00
3.000000000000000000e+04, 6.153999999999999915e+01, 1.533000000000000007e+01, 2.502000000000000000e+03, 0.000000000000000000e+00, 0.000000000000000000e+00
4.000000000000000000e+04, 3.946999999999999886e+01, 1.623000000000000043e+01, 1.112000000000000000e+03, 0.000000000000000000e+00, 0.000000000000000000e+00
5.000000000000000000e+04, 2.732000000000000028e+01, 1.664000000000000057e+01, 5.853999999999999773e+02, 0.000000000000000000e+00, 0.000000000000000000e+00
6.000000000000000000e+04, 2.005999999999999872e+01, 1.676999999999999957e+01, 3.443000000000000114e+02, 0.000000000000000000e+00, 0.000000000000000000e+00
8.000000000000000000e+04, 1.224000000000000021e+01, 1.662999999999999901e+01, 1.475000000000000000e+02, 0.000000000000000000e+00, 0.000000000000000000e+00
1.000000000000000000e+05, 8.281000000000000583e+00, 1.626999999999999957e+01, 7.593000000000000682e+01, 0.000000000000000000e+00, 0.000000000000000000e+00
1.500000000000000000e+05, 3.975000000000000089e+00, 1.516999999999999993e+01, 2.257999999999999829e+01, 0.000000000000000000e+00, 0.000000000000000000e+00
2.000000000000000000e+05, 2.318999999999999950e+00, 1.414000000000000057e+01, 9.585000000000000853e+00, 0.000000000000000000e+00, 0.000000000000000000e+00
3.000000000000000000e+05, 1.068000000000000060e+00, 1.249000000000000021e+01, 2.943999999999999950e+00, 0.000000000000000000e+00, 0.000000000000000000e+00
4.000000000000000000e+05, 6.110999999999999766e-01, 1.125999999999999979e+01, 1.320999999999999952e+00, 0.000000000000000000e+00, 0.000000000000000000e+00
5.000000000000000000e+05, 3.948999999999999733e-01, 1.032000000000000028e+01, 7.327000000000000179e-01, 0.000000000000000000e+00, 0.000000000000000000e+00
6.000000000000000000e+05, 2.757999999999999896e-01, 9.571999999999999176e+00, 4.641000000000000125e-01, 0.000000000000000000e+00, 0.000000000000000000e+00
8.000000000000000000e+05, 1.560999999999999888e-01, 8.429000000000000270e+00, 2.378000000000000114e-01, 0.000000000000000000e+00, 0.000000000000000000e+00
1.000000000000000000e+06, 1.001999999999999974e-01, 7.588000000000000078e+00, 1.479999999999999927e-01, 0.000000000000000000e+00, 0.000000000000000000e+00
1.022000000000000000e+06, 9.596000000000000363e-02, 7.508000000000000007e+00, 1.408000000000000085e-01, 0.000000000000000000e+00, 0.000000000000000000e+00
1.250000000000000000e+06, 6.425999999999999768e-02, 6.790000000000000036e+00, 9.507999999999999785e-02, 1.437000000000000083e-02, 0.000000000000000000e+00
1.500000000000000000e+06, 4.467000000000000137e-02, 6.174999999999999822e+00, 6.836000000000000409e-02, 7.008000000000000340e-02, 0.000000000000000000e+00
2.000000000000000000e+06, 2.515999999999999834e-02, 5.272000000000000242e+00, 4.188999999999999668e-02, 2.551999999999999824e-01, 0.000000000000000000e+00
2.044000000000000000e+06, 2.409000000000000030e-02, 5.206999999999999851e+00, 4.043999999999999678e-02, 2.736999999999999988e-01, 0.000000000000000000e+00
3.000000000000000000e+06, 1.119000000000000029e-02, 4.149000000000000021e+00, 2.250999999999999876e-02, 6.872000000000000330e-01, 1.451999999999999949e-03
4.000000000000000000e+06, 6.296000000000000381e-03, 3.462000000000000188e+00, 1.504999999999999914e-02, 1.082999999999999963e+00, 5.925999999999999844e-03
5.000000000000000000e+06, 4.029999999999999728e-03, 2.990000000000000213e+00, 1.120999999999999948e-02, 1.431000000000000050e+00, 1.179999999999999973e-02
6.000000000000000000e+06, 2.798999999999999839e-03, 2.642999999999999794e+00, 8.890999999999999598e-03, 1.735000000000000098e+00, 1.811000000000000110e-02
7.000000000000000000e+06, 2.056000000000000102e-03, 2.375000000000000000e+00, 7.352000000000000028e-03, 2.007000000000000117e+00, 2.440000000000000155e-02
8.000000000000000000e+06, 1.574000000000000095e-03, 2.161999999999999922e+00, 6.258999999999999807e-03, 2.250999999999999890e+00, 3.049999999999999933e-02
9.000000000000000000e+06, 1.244000000000000097e-03, 1.987000000000000099e+00, 5.444000000000000054e-03, 2.474000000000000199e+00, 3.633000000000000118e-02
1.000000000000000000e+07, 1.007999999999999998e-03, 1.840999999999999970e+00, 4.814999999999999836e-03, 2.676000000000000156e+00, 4.188000000000000056e-02
1.100000000000000000e+07, 8.327999999999999682e-04, 1.717999999999999972e+00, 4.314000000000000126e-03, 2.861000000000000210e+00, 4.712999999999999828e-02
1.200000000000000000e+07, 6.997999999999999880e-04, 1.610999999999999988e+00, 3.906999999999999883e-03, 3.029999999999999805e+00, 5.208999999999999742e-02
1.300000000000000000e+07, 5.963000000000000201e-04, 1.518000000000000016e+00, 3.569000000000000124e-03, 3.185000000000000053e+00, 5.675999999999999795e-02
1.400000000000000000e+07, 5.142000000000000303e-04, 1.435999999999999943e+00, 3.285000000000000159e-03, 3.329000000000000181e+00, 6.121000000000000052e-02
1.500000000000000000e+07, 4.478999999999999908e-04, 1.362999999999999989e+00, 3.041999999999999999e-03, 3.463000000000000078e+00, 6.542000000000000592e-02
1.600000000000000000e+07, 3.936999999999999745e-04, 1.298000000000000043e+00, 2.831999999999999882e-03, 3.588999999999999968e+00, 6.943000000000000560e-02
1.800000000000000000e+07, 3.110000000000000243e-04, 1.185999999999999943e+00, 2.488999999999999893e-03, 3.819999999999999840e+00, 7.686999999999999389e-02
2.000000000000000000e+07, 2.518999999999999972e-04, 1.094000000000000083e+00, 2.219000000000000052e-03, 4.025999999999999801e+00, 8.364000000000000601e-02
2.200000000000000000e+07, 2.081999999999999921e-04, 1.016000000000000014e+00, 2.001999999999999873e-03, 4.213000000000000078e+00, 8.984000000000000319e-02
2.400000000000000000e+07, 1.749999999999999982e-04, 9.495000000000000107e-01, 1.824000000000000100e-03, 4.384000000000000341e+00, 9.554999999999999605e-02
2.600000000000000000e+07, 1.490999999999999921e-04, 8.915999999999999481e-01, 1.673999999999999924e-03, 4.538999999999999702e+00, 1.008000000000000007e-01
2.800000000000000000e+07, 1.285000000000000064e-04, 8.410999999999999588e-01, 1.546999999999999981e-03, 4.681000000000000050e+00, 1.057000000000000023e-01
3.000000000000000000e+07, 1.119999999999999983e-04, 7.963999999999999968e-01, 1.438000000000000042e-03, 4.812999999999999723e+00, 1.102999999999999953e-01
4.000000000000000000e+07, 6.297999999999999671e-05, 6.329000000000000181e-01, 1.062999999999999926e-03, 5.347999999999999865e+00, 1.292000000000000093e-01
5.000000000000000000e+07, 4.030999999999999861e-05, 5.282999999999999918e-01, 8.432999999999999524e-04, 5.746000000000000441e+00, 1.436000000000000054e-01
6.000000000000000000e+07, 2.799000000000000137e-05, 4.551999999999999935e-01, 6.985999999999999589e-04, 6.056000000000000050e+00, 1.550999999999999879e-01
8.000000000000000000e+07, 1.574999999999999998e-05, 3.589999999999999858e-01, 5.201999999999999593e-04, 6.514000000000000234e+00, 1.723999999999999977e-01
1.000000000000000000e+08, 1.008000000000000005e-05, 2.979999999999999871e-01, 4.142999999999999873e-04, 6.839000000000000412e+00, 1.850999999999999868e-01
1.500000000000000000e+08, 4.478999999999999807e-06, 2.121999999999999997e-01, 2.746000000000000068e-04, 7.357000000000000206e+00, 2.061000000000000054e-01
2.000000000000000000e+08, 2.518999999999999938e-06, 1.663999999999999924e-01, 2.053000000000000029e-04, 7.666000000000000369e+00, 2.192999999999999949e-01
3.000000000000000000e+08, 1.120000000000000076e-06, 1.179000000000000048e-01, 1.365000000000000111e-04, 8.025999999999999801e+00, 2.356000000000000039e-01
4.000000000000000000e+08, 6.297999999999999882e-07, 9.235000000000000153e-02, 1.022000000000000041e-04, 8.233000000000000540e+00, 2.452999999999999903e-01
5.000000000000000000e+08, 4.031000000000000030e-07, 7.645000000000000406e-02, 8.168000000000000401e-05, 8.368999999999999773e+00, 2.520000000000000018e-01
6.000000000000000000e+08, 2.799000000000000116e-07, 6.544999999999999429e-02, 6.802999999999999748e-05, 8.467000000000000526e+00, 2.569000000000000172e-01
8.000000000000000000e+08, 1.575000000000000008e-07, 5.111999999999999877e-02, 5.098000000000000318e-05, 8.596999999999999531e+00, 2.636000000000000010e-01
1.000000000000000000e+09, 1.008000000000000026e-07, 4.206000000000000016e-02, 4.076999999999999759e-05, 8.680999999999999162e+00, 2.681000000000000050e-01
1.500000000000000000e+09, 4.478999999999999939e-08, 2.937000000000000027e-02, 2.716000000000000085e-05, 8.803000000000000824e+00, 2.746999999999999997e-01
2.000000000000000000e+09, 2.518999999999999925e-08, 2.273000000000000020e-02, 2.036999999999999979e-05, 8.868999999999999773e+00, 2.785000000000000253e-01
3.000000000000000000e+09, 1.119999999999999937e-08, 1.581000000000000114e-02, 1.357000000000000052e-05, 8.941000000000000725e+00, 2.824999999999999734e-01
4.000000000000000000e+09, 6.298000000000000379e-09, 1.220000000000000077e-02, 1.018000000000000079e-05, 8.978999999999999204e+00, 2.849999999999999756e-01
5.000000000000000000e+09, 4.030999999999999832e-09, 9.974999999999999492e-03, 8.141999999999999295e-06, 9.003999999999999559e+00, 2.863999999999999879e-01
6.000000000000000000e+09, 2.798999999999999950e-09, 8.458999999999999506e-03, 6.785000000000000259e-06, 9.021000000000000796e+00, 2.873999999999999888e-01
8.000000000000000000e+09, 1.575000000000000041e-09, 6.517000000000000223e-03, 5.088000000000000244e-06, 9.042999999999999261e+00, 2.888000000000000012e-01
1.000000000000000000e+10, 1.008000000000000035e-09, 5.321000000000000209e-03, 4.069999999999999996e-06, 9.057000000000000384e+00, 2.897000000000000131e-01
1.500000000000000000e+10, 4.479000000000000249e-10, 3.677000000000000147e-03, 2.713000000000000113e-06, 9.076000000000000512e+00, 2.908000000000000029e-01
2.000000000000000000e+10, 2.518999999999999780e-10, 2.827000000000000086e-03, 2.034999999999999998e-06, 9.086999999999999744e+00, 2.914999999999999813e-01
3.000000000000000000e+10, 1.120000000000000010e-10, 1.949999999999999910e-03, 1.357000000000000094e-06, 9.096999999999999531e+00, 2.922000000000000153e-01
4.000000000000000000e+10, 6.297999999999999862e-11, 1.497000000000000067e-03, 1.016999999999999961e-06, 9.102999999999999758e+00, 2.926000000000000267e-01
5.000000000000000000e+10, 4.031000000000000090e-11, 1.219000000000000031e-03, 8.138999999999999493e-07, 9.106999999999999318e+00, 2.928000000000000047e-01
6.000000000000000000e+10, 2.798999999999999847e-11, 1.030000000000000100e-03, 6.783000000000000321e-07, 9.108999999999999986e+00, 2.929999999999999827e-01
8.000000000000000000e+10, 1.575000000000000054e-11, 7.900999999999999603e-04, 5.086999999999999957e-07, 9.112000000000000099e+00, 2.931000000000000272e-01
1.000000000000000000e+11, 1.008000000000000067e-11, 6.428000000000000120e-04, 4.069999999999999784e-07, 9.114000000000000767e+00, 2.933000000000000052e-01
