1.000000000000000000e+03, 6.392000000000000000e+03, 1.669999999999999929e+00, 3.039000000000000000e+06, 0.000000000000000000e+00, 0.000000000000000000e+00
1.500000000000000000e+03, 6.139000000000000000e+03, 2.794000000000000039e+00, 1.838000000000000000e+06, 0.000000000000000000e+00, 0.000000000000000000e+00
2.000000000000000000e+03, 5.861000000000000000e+03, 3.935999999999999943e+00, 1.043000000000000000e+06, 0.000000000000000000e+00, 0.000000000000000000e+00
3.000000000000000000e+03, 5.290000000000000000e+03, 6.177999999999999936e+00, 4.279000000000000000e+05, 0.000000000000000000e+00, 0.000000000000000000e+00
4.000000000000000000e+03, 4.743000000000000000e+03, 8.275999999999999801e+00, 2.209000000000000000e+05, 0.000000000000000000e+00, 0.000000000000000000e+00
5.000000000000000000e+03, 4.249000000000000000e+03, 1.021000000000000085e+01, 4.128000000000000000e+05, 0.000000000000000000e+00, 0.000000000000000000e+00
6.000000000000000000e+03, 3.818000000000000000e+03, 1.197000000000000064e+01, 3.057000000000000000e+05, 0.000000000000000000e+00, 0.000000000000000000e+00
8.000000000000000000e+03, 3.128000000000000000e+03, 1.511999999999999922e+01, 1.631000000000000000e+05, 0.000000000000000000e+00, 0.000000000000000000e+00
1.000000000000000000e+04, 2.615000000000000000e+03, 1.789000000000000057e+01, 9.366000000000000000e+04, 0.000000000000000000e+00, 0.000000000000000000e+00
1.500000000000000000e+04, 1.788000000000000000e+03, 2.357000000000000028e+01, 3.367000000000000000e+04, 0.000000000000000000e+00, 0.000000000000000000e+00
2.000000000000000000e+04, 1.303000000000000000e+03, 2.764999999999999858e+01, 1.611000000000000000e+04, 0.000000000000000000e+00, 0.000000000000000000e+00
3.000000000000000000e+04, 7.725000000000000000e+02, 3.292000000000000171e+01, 2.128000000000000000e+04, 0.000000000000000000e+00, 0.000000000000000000e+00
4.000000000000000000e+04, 5.167999999999999545e+02, 3.609000000000000341e+01, 1.028000000000000000e+04, 0.000000000000000000e+00, 0.000000000000000000e+00
5.000000000000000000e+04, 3.761999999999999886e+02, 3.807000000000000028e+01, 5.775000000000000000e+03, 0.000000000000000000e+00, 0.000000000000000000e+00
6.000000000000000000e+04, 2.848999999999999773e+02, 3.928999999999999915e+01, 3.588000000000000000e+03, 0.000000000000000000e+00, 0.000000000000000000e+00
8.000000000000000000e+04, 1.791999999999999886e+02, 4.032000000000000028e+01, 1.682000000000000000e+03, 0.000000000000000000e+00, 0.000000000000000000e+00
1.000000000000000000e+05, 1.244000000000000057e+02, 4.036999999999999744e+01, 9.311000000000000227e+02, 0.000000000000000000e+00, 0.000000000000000000e+00
1.500000000000000000e+05, 6.285000000000000142e+01, 3.900000000000000000e+01, 1.240000000000000000e+03, 0.000000000000000000e+00, 0.000000000000000000e+00
2.000000000000000000e+05, 3.775999999999999801e+01, 3.706000000000000227e+01, 6.048999999999999773e+02, 0.000000000000000000e+00, 0.000000000000000000e+00
3.000000000000000000e+05, 1.819000000000000128e+01, 3.338000000000000256e+01, 2.215999999999999943e+02, 0.000000000000000000e+00, 0.000000000000000000e+00
4.000000000000000000e+05, 1.075999999999999979e+01, 3.044000000000000128e+01, 1.114000000000000057e+02, 0.000000000000000000e+00, 0.000000000000000000e+00
5.000000000000000000e+05, 7.108999999999999986e+00, 2.807999999999999829e+01, 6.668000000000000682e+01, 0.000000000000000000e+00, 0.000000000000000000e+00
6.000000000000000000e+05, 5.044999999999999929e+00, 2.614999999999999858e+01, 4.450000000000000000e+01, 0.000000000000000000e+00, 0.000000000000000000e+00
8.000000000000000000e+05, 2.918000000000000149e+00, 2.314999999999999858e+01, 2.414999999999999858e+01, 0.000000000000000000e+00, 0.000000000000000000e+00
1.000000000000000000e+06, 1.899999999999999911e+00, 2.089999999999999858e+01, 1.536999999999999922e+01, 0.000000000000000000e+00, 0.000000000000000000e+00
1.022000000000000000e+06, 1.822000000000000064e+00, 2.069000000000000128e+01, 1.472000000000000064e+01, 0.000000000000000000e+00, 0.000000000000000000e+00
1.250000000000000000e+06, 1.233000000000000096e+00, 1.875000000000000000e+01, 9.970000000000000639e+00, 2.152999999999999914e-01, 0.000000000000000000e+00
1.500000000000000000e+06, 8.641999999999999682e-01, 1.707000000000000028e+01, 7.084999999999999964e+00, 1.098999999999999977e+00, 0.000000000000000000e+00
2.000000000000000000e+06, 4.914999999999999925e-01, 1.459999999999999964e+01, 4.275999999999999801e+00, 3.157000000000000028e+00, 0.000000000000000000e+00
2.044000000000000000e+06, 4.708999999999999853e-01, 1.441999999999999993e+01, 4.121999999999999886e+00, 3.325000000000000178e+00, 0.000000000000000000e+00
3.000000000000000000e+06, 2.205999999999999905e-01, 1.150999999999999979e+01, 2.221999999999999975e+00, 6.339000000000000412e+00, 4.017999999999999870e-03
4.000000000000000000e+06, 1.246000000000000024e-01, 9.605000000000000426e+00, 1.447000000000000064e+00, 8.707000000000000739e+00, 1.635999999999999954e-02
5.000000000000000000e+06, 7.992000000000000492e-02, 8.298000000000000043e+00, 1.056000000000000050e+00, 1.067999999999999972e+01, 3.253000000000000336e-02
6.000000000000000000e+06, 5.557000000000000134e-02, 7.336000000000000298e+00, 8.245999999999999996e-01, 1.231000000000000050e+01, 4.984000000000000236e-02
7.000000000000000000e+06, 4.086000000000000049e-02, 6.594999999999999751e+00, 6.733999999999999986e-01, 1.382000000000000028e+01, 6.701999999999999624e-02
8.000000000000000000e+06, 3.130000000000000143e-02, 6.003000000000000114e+00, 5.675000000000000044e-01, 1.518999999999999950e+01, 8.361999999999999988e-02
9.000000000000000000e+06, 2.474000000000000157e-02, 5.519000000000000128e+00, 4.894999999999999907e-01, 1.644999999999999929e+01, 9.944999999999999674e-02
1.000000000000000000e+07, 2.003999999999999879e-02, 5.113000000000000433e+00, 4.299000000000000044e-01, 1.760999999999999943e+01, 1.144000000000000017e-01
1.100000000000000000e+07, 1.657000000000000139e-02, 4.769999999999999574e+00, 3.829000000000000181e-01, 1.869999999999999929e+01, 1.285999999999999921e-01
1.200000000000000000e+07, 1.392000000000000008e-02, 4.472999999999999865e+00, 3.449999999999999734e-01, 1.971000000000000085e+01, 1.418999999999999984e-01
1.300000000000000000e+07, 1.187000000000000034e-02, 4.214000000000000412e+00, 3.138000000000000234e-01, 2.064999999999999858e+01, 1.544000000000000095e-01
1.400000000000000000e+07, 1.022999999999999951e-02, 3.987000000000000099e+00, 2.876000000000000223e-01, 2.153999999999999915e+01, 1.661999999999999866e-01
1.500000000000000000e+07, 8.914999999999999314e-03, 3.785000000000000142e+00, 2.655000000000000138e-01, 2.237000000000000099e+01, 1.774000000000000021e-01
1.600000000000000000e+07, 7.835999999999999216e-03, 3.604999999999999982e+00, 2.464000000000000079e-01, 2.314999999999999858e+01, 1.880000000000000004e-01
1.800000000000000000e+07, 6.191999999999999588e-03, 3.294999999999999929e+00, 2.154000000000000081e-01, 2.457000000000000028e+01, 2.076000000000000068e-01
2.000000000000000000e+07, 5.015999999999999626e-03, 3.037999999999999812e+00, 1.912000000000000088e-01, 2.582999999999999829e+01, 2.253999999999999893e-01
2.200000000000000000e+07, 4.145000000000000247e-03, 2.822000000000000064e+00, 1.718999999999999972e-01, 2.698999999999999844e+01, 2.414999999999999925e-01
2.400000000000000000e+07, 3.482999999999999985e-03, 2.637000000000000011e+00, 1.560999999999999888e-01, 2.803999999999999915e+01, 2.562999999999999723e-01
2.600000000000000000e+07, 2.968000000000000152e-03, 2.475999999999999979e+00, 1.428999999999999992e-01, 2.901000000000000156e+01, 2.698999999999999733e-01
2.800000000000000000e+07, 2.559000000000000077e-03, 2.335999999999999854e+00, 1.318000000000000005e-01, 2.989999999999999858e+01, 2.824999999999999734e-01
3.000000000000000000e+07, 2.230000000000000211e-03, 2.212000000000000188e+00, 1.223000000000000059e-01, 3.071000000000000085e+01, 2.942000000000000171e-01
4.000000000000000000e+07, 1.253999999999999906e-03, 1.758000000000000007e+00, 8.974999999999999645e-02, 3.403999999999999915e+01, 3.420000000000000262e-01
5.000000000000000000e+07, 8.027000000000000498e-04, 1.467000000000000082e+00, 7.087000000000000244e-02, 3.652000000000000313e+01, 3.779000000000000137e-01
6.000000000000000000e+07, 5.575000000000000528e-04, 1.264000000000000012e+00, 5.854000000000000176e-02, 3.845000000000000284e+01, 4.060000000000000275e-01
8.000000000000000000e+07, 3.135999999999999790e-04, 9.970999999999999863e-01, 4.342000000000000026e-02, 4.128000000000000114e+01, 4.479000000000000203e-01
1.000000000000000000e+08, 2.006999999999999995e-04, 8.276000000000000023e-01, 3.450000000000000289e-02, 4.328000000000000114e+01, 4.779999999999999805e-01
1.500000000000000000e+08, 8.919000000000000495e-05, 5.894000000000000350e-01, 2.279000000000000123e-02, 4.639999999999999858e+01, 5.271000000000000130e-01
2.000000000000000000e+08, 5.017000000000000246e-05, 4.621000000000000107e-01, 1.702000000000000041e-02, 4.825999999999999801e+01, 5.574000000000000066e-01
3.000000000000000000e+08, 2.229999999999999994e-05, 3.275000000000000133e-01, 1.128999999999999969e-02, 5.042999999999999972e+01, 5.939999999999999725e-01
4.000000000000000000e+08, 1.254000000000000022e-05, 2.565000000000000058e-01, 8.451000000000000179e-03, 5.167000000000000171e+01, 6.157000000000000250e-01
5.000000000000000000e+08, 8.026999999999999549e-06, 2.122999999999999887e-01, 6.751000000000000056e-03, 5.247999999999999687e+01, 6.303999999999999604e-01
6.000000000000000000e+08, 5.574000000000000334e-06, 1.817999999999999894e-01, 5.621000000000000128e-03, 5.306000000000000227e+01, 6.411999999999999922e-01
8.000000000000000000e+08, 3.136000000000000129e-06, 1.419999999999999873e-01, 4.211000000000000333e-03, 5.382999999999999829e+01, 6.559000000000000385e-01
1.000000000000000000e+09, 2.007000000000000012e-06, 1.168000000000000010e-01, 3.366000000000000068e-03, 5.432999999999999829e+01, 6.656999999999999584e-01
1.500000000000000000e+09, 8.918999999999999860e-07, 8.158999999999999586e-02, 2.242000000000000069e-03, 5.503999999999999915e+01, 6.802000000000000268e-01
2.000000000000000000e+09, 5.016999999999999992e-07, 6.314000000000000168e-02, 1.680999999999999986e-03, 5.543999999999999773e+01, 6.884000000000000119e-01
3.000000000000000000e+09, 2.229999999999999984e-07, 4.390000000000000152e-02, 1.119999999999999902e-03, 5.584000000000000341e+01, 6.973000000000000309e-01
4.000000000000000000e+09, 1.253999999999999979e-07, 3.389000000000000346e-02, 8.398000000000000300e-04, 5.610000000000000142e+01, 7.026999999999999913e-01
5.000000000000000000e+09, 8.027000000000000343e-08, 2.770999999999999852e-02, 6.717999999999999580e-04, 5.625000000000000000e+01, 7.057999999999999829e-01
6.000000000000000000e+09, 5.574000000000000149e-08, 2.350000000000000006e-02, 5.597999999999999461e-04, 5.635000000000000142e+01, 7.080999999999999517e-01
8.000000000000000000e+09, 3.135999999999999759e-08, 1.810000000000000150e-02, 4.198000000000000126e-04, 5.647999999999999687e+01, 7.110999999999999543e-01
1.000000000000000000e+10, 2.007000000000000038e-08, 1.477999999999999974e-02, 3.357999999999999765e-04, 5.656000000000000227e+01, 7.129999999999999671e-01
1.500000000000000000e+10, 8.919000000000000323e-09, 1.021000000000000033e-02, 2.237999999999999918e-04, 5.667000000000000171e+01, 7.156000000000000139e-01
2.000000000000000000e+10, 5.017000000000000356e-09, 7.853000000000000605e-03, 1.678999999999999883e-04, 5.674000000000000199e+01, 7.170999999999999597e-01
3.000000000000000000e+10, 2.229999999999999951e-09, 5.415999999999999807e-03, 1.118999999999999959e-04, 5.678999999999999915e+01, 7.185000000000000275e-01
4.000000000000000000e+10, 1.254000000000000012e-09, 4.158000000000000237e-03, 8.393000000000000449e-05, 5.684000000000000341e+01, 7.194000000000000394e-01
5.000000000000000000e+10, 8.027000000000000302e-10, 3.386000000000000121e-03, 6.713999999999999753e-05, 5.685999999999999943e+01, 7.199999999999999734e-01
6.000000000000000000e+10, 5.573999999999999570e-10, 2.861999999999999961e-03, 5.594999999999999794e-05, 5.686999999999999744e+01, 7.203000000000000513e-01
8.000000000000000000e+10, 3.135999999999999821e-10, 2.194999999999999903e-03, 4.195999999999999806e-05, 5.688000000000000256e+01, 7.207000000000000073e-01
1.000000000000000000e+11, 2.006999999999999894e-10, 1.784999999999999911e-03, 3.356999999999999877e-05, 5.689999999999999858e+01, 7.209999999999999742e-01
