1.000000000000000000e+03, 4.510000000000000000e+03, 1.209999999999999964e+00, 1.982000000000000000e+06, 0.000000000000000000e+00, 0.000000000000000000e+00
1.500000000000000000e+03, 4.321000000000000000e+03, 2.274999999999999911e+00, 8.993000000000000000e+05, 0.000000000000000000e+00, 0.000000000000000000e+00
2.000000000000000000e+03, 4.108000000000000000e+03, 3.374000000000000110e+00, 4.898000000000000000e+05, 0.000000000000000000e+00, 0.000000000000000000e+00
3.000000000000000000e+03, 3.681000000000000000e+03, 5.469000000000000306e+00, 7.440000000000000000e+05, 0.000000000000000000e+00, 0.000000000000000000e+00
4.000000000000000000e+03, 3.293000000000000000e+03, 7.334999999999999964e+00, 4.475000000000000000e+05, 0.000000000000000000e+00, 0.000000000000000000e+00
5.000000000000000000e+03, 2.952000000000000000e+03, 9.013999999999999346e+00, 2.723000000000000000e+05, 0.000000000000000000e+00, 0.000000000000000000e+00
6.000000000000000000e+03, 2.653000000000000000e+03, 1.057000000000000028e+01, 1.738000000000000000e+05, 0.000000000000000000e+00, 0.000000000000000000e+00
8.000000000000000000e+03, 2.168000000000000000e+03, 1.343999999999999950e+01, 8.436000000000000000e+04, 0.000000000000000000e+00, 0.000000000000000000e+00
1.000000000000000000e+04, 1.802000000000000000e+03, 1.598000000000000043e+01, 4.770000000000000000e+04, 0.000000000000000000e+00, 0.000000000000000000e+00
1.500000000000000000e+04, 1.203000000000000000e+03, 2.082000000000000028e+01, 4.109000000000000000e+04, 0.000000000000000000e+00, 0.000000000000000000e+00
2.000000000000000000e+04, 8.535000000000000000e+02, 2.421000000000000085e+01, 3.158000000000000000e+04, 0.000000000000000000e+00, 0.000000000000000000e+00
3.000000000000000000e+04, 5.023000000000000114e+02, 2.882000000000000028e+01, 1.093000000000000000e+04, 0.000000000000000000e+00, 0.000000000000000000e+00
4.000000000000000000e+04, 3.363999999999999773e+02, 3.160000000000000142e+01, 5.078000000000000000e+03, 0.000000000000000000e+00, 0.000000000000000000e+00
5.000000000000000000e+04, 2.399000000000000057e+02, 3.322999999999999687e+01, 2.781000000000000000e+03, 0.000000000000000000e+00, 0.000000000000000000e+00
6.000000000000000000e+04, 1.796999999999999886e+02, 3.414999999999999858e+01, 1.694000000000000000e+03, 0.000000000000000000e+00, 0.000000000000000000e+00
8.000000000000000000e+04, 1.129000000000000057e+02, 3.484000000000000341e+01, 7.716000000000000227e+02, 0.000000000000000000e+00, 0.000000000000000000e+00
1.000000000000000000e+05, 7.809000000000000341e+01, 3.475000000000000000e+01, 1.966000000000000000e+03, 0.000000000000000000e+00, 0.000000000000000000e+00
1.500000000000000000e+05, 3.860999999999999943e+01, 3.335000000000000142e+01, 6.810000000000000000e+02, 0.000000000000000000e+00, 0.000000000000000000e+00
2.000000000000000000e+05, 2.303999999999999915e+01, 3.155000000000000071e+01, 3.193000000000000114e+02, 0.000000000000000000e+00, 0.000000000000000000e+00
3.000000000000000000e+05, 1.100999999999999979e+01, 2.828999999999999915e+01, 1.110999999999999943e+02, 0.000000000000000000e+00, 0.000000000000000000e+00
4.000000000000000000e+05, 6.445000000000000284e+00, 2.573999999999999844e+01, 5.396999999999999886e+01, 0.000000000000000000e+00, 0.000000000000000000e+00
5.000000000000000000e+05, 4.224000000000000199e+00, 2.371000000000000085e+01, 3.153000000000000114e+01, 0.000000000000000000e+00, 0.000000000000000000e+00
6.000000000000000000e+05, 2.979999999999999982e+00, 2.207000000000000028e+01, 2.069000000000000128e+01, 0.000000000000000000e+00, 0.000000000000000000e+00
8.000000000000000000e+05, 1.709000000000000075e+00, 1.951000000000000156e+01, 1.100000000000000000e+01, 0.000000000000000000e+00, 0.000000000000000000e+00
1.000000000000000000e+06, 1.106999999999999984e+00, 1.760000000000000142e+01, 6.942999999999999616e+00, 0.000000000000000000e+00, 0.000000000000000000e+00
1.022000000000000000e+06, 1.060999999999999943e+00, 1.742000000000000171e+01, 6.645999999999999908e+00, 0.000000000000000000e+00, 0.000000000000000000e+00
1.250000000000000000e+06, 7.148999999999999799e-01, 1.577999999999999936e+01, 4.483999999999999986e+00, 1.388000000000000067e-01, 0.000000000000000000e+00
1.500000000000000000e+06, 4.991999999999999771e-01, 1.435999999999999943e+01, 3.193000000000000060e+00, 6.666999999999999593e-01, 0.000000000000000000e+00
2.000000000000000000e+06, 2.826000000000000179e-01, 1.226999999999999957e+01, 1.931000000000000050e+00, 1.997999999999999998e+00, 0.000000000000000000e+00
2.044000000000000000e+06, 2.706999999999999962e-01, 1.211999999999999922e+01, 1.860999999999999988e+00, 2.113999999999999879e+00, 0.000000000000000000e+00
3.000000000000000000e+06, 1.262999999999999956e-01, 9.669999999999999929e+00, 1.008999999999999897e+00, 4.328999999999999737e+00, 3.377999999999999926e-03
4.000000000000000000e+06, 7.116999999999999715e-02, 8.070999999999999730e+00, 6.599000000000000421e-01, 6.184999999999999609e+00, 1.376999999999999925e-02
5.000000000000000000e+06, 4.558999999999999858e-02, 6.972000000000000419e+00, 4.833999999999999964e-01, 7.738000000000000433e+00, 2.738000000000000156e-02
6.000000000000000000e+06, 3.167999999999999983e-02, 6.163999999999999702e+00, 3.785999999999999921e-01, 9.077999999999999403e+00, 4.195999999999999730e-02
7.000000000000000000e+06, 2.327999999999999861e-02, 5.541000000000000369e+00, 3.099999999999999978e-01, 1.025999999999999979e+01, 5.646000000000000324e-02
8.000000000000000000e+06, 1.782999999999999863e-02, 5.043000000000000149e+00, 2.617999999999999772e-01, 1.132000000000000028e+01, 7.047000000000000486e-02
9.000000000000000000e+06, 1.409000000000000009e-02, 4.636000000000000121e+00, 2.262000000000000122e-01, 1.228999999999999915e+01, 8.383999999999999786e-02
1.000000000000000000e+07, 1.141000000000000000e-02, 4.296000000000000263e+00, 1.988999999999999935e-01, 1.317999999999999972e+01, 9.651999999999999469e-02
1.100000000000000000e+07, 9.433000000000000412e-03, 4.006999999999999673e+00, 1.774000000000000021e-01, 1.400000000000000000e+01, 1.084999999999999992e-01
1.200000000000000000e+07, 7.927000000000000018e-03, 3.758000000000000007e+00, 1.600000000000000033e-01, 1.476999999999999957e+01, 1.197000000000000008e-01
1.300000000000000000e+07, 6.754999999999999720e-03, 3.540000000000000036e+00, 1.456000000000000072e-01, 1.549000000000000021e+01, 1.302999999999999992e-01
1.400000000000000000e+07, 5.825000000000000316e-03, 3.349000000000000199e+00, 1.335999999999999965e-01, 1.616000000000000014e+01, 1.403999999999999970e-01
1.500000000000000000e+07, 5.074000000000000385e-03, 3.180000000000000160e+00, 1.233999999999999958e-01, 1.678999999999999915e+01, 1.499000000000000055e-01
1.600000000000000000e+07, 4.460000000000000422e-03, 3.028000000000000025e+00, 1.145999999999999935e-01, 1.737000000000000099e+01, 1.589000000000000135e-01
1.800000000000000000e+07, 3.523999999999999789e-03, 2.767999999999999794e+00, 1.003000000000000003e-01, 1.842999999999999972e+01, 1.756000000000000061e-01
2.000000000000000000e+07, 2.854000000000000200e-03, 2.552000000000000046e+00, 8.913000000000000089e-02, 1.937000000000000099e+01, 1.905999999999999917e-01
2.200000000000000000e+07, 2.358999999999999986e-03, 2.370999999999999996e+00, 8.018000000000000127e-02, 2.023000000000000043e+01, 2.043999999999999984e-01
2.400000000000000000e+07, 1.981999999999999821e-03, 2.214999999999999858e+00, 7.284999999999999809e-02, 2.101000000000000156e+01, 2.169999999999999984e-01
2.600000000000000000e+07, 1.688999999999999963e-03, 2.080000000000000071e+00, 6.675000000000000377e-02, 2.173000000000000043e+01, 2.285999999999999976e-01
2.800000000000000000e+07, 1.456000000000000046e-03, 1.961999999999999966e+00, 6.158000000000000279e-02, 2.237999999999999901e+01, 2.393000000000000127e-01
3.000000000000000000e+07, 1.268999999999999946e-03, 1.858000000000000096e+00, 5.714999999999999941e-02, 2.298999999999999844e+01, 2.492999999999999938e-01
4.000000000000000000e+07, 7.136999999999999464e-04, 1.477000000000000091e+00, 4.202000000000000179e-02, 2.544999999999999929e+01, 2.902000000000000135e-01
5.000000000000000000e+07, 4.566999999999999879e-04, 1.233000000000000096e+00, 3.321000000000000341e-02, 2.728000000000000114e+01, 3.209000000000000186e-01
6.000000000000000000e+07, 3.172000000000000123e-04, 1.062000000000000055e+00, 2.744999999999999871e-02, 2.869999999999999929e+01, 3.451000000000000179e-01
8.000000000000000000e+07, 1.783999999999999996e-04, 8.376000000000000112e-01, 2.036999999999999922e-02, 3.078000000000000114e+01, 3.810999999999999943e-01
1.000000000000000000e+08, 1.141999999999999976e-04, 6.952000000000000401e-01, 1.619999999999999912e-02, 3.224000000000000199e+01, 4.071000000000000174e-01
1.500000000000000000e+08, 5.075000000000000030e-05, 4.950999999999999845e-01, 1.071000000000000077e-02, 3.456000000000000227e+01, 4.495000000000000107e-01
2.000000000000000000e+08, 2.854000000000000119e-05, 3.881999999999999895e-01, 7.997999999999999901e-03, 3.593999999999999773e+01, 4.757000000000000117e-01
3.000000000000000000e+08, 1.269000000000000047e-05, 2.751000000000000112e-01, 5.309000000000000351e-03, 3.753999999999999915e+01, 5.074999999999999512e-01
4.000000000000000000e+08, 7.135999999999999948e-06, 2.154999999999999971e-01, 3.972999999999999969e-03, 3.845000000000000284e+01, 5.262999999999999901e-01
5.000000000000000000e+08, 4.566999999999999642e-06, 1.784000000000000030e-01, 3.174999999999999871e-03, 3.904999999999999716e+01, 5.391000000000000236e-01
6.000000000000000000e+08, 3.171999999999999869e-06, 1.527000000000000024e-01, 2.642999999999999950e-03, 3.947999999999999687e+01, 5.484999999999999876e-01
8.000000000000000000e+08, 1.783999999999999987e-06, 1.193000000000000033e-01, 1.979999999999999989e-03, 4.004999999999999716e+01, 5.613000000000000211e-01
1.000000000000000000e+09, 1.142000000000000035e-06, 9.812999999999999501e-02, 1.582999999999999989e-03, 4.042000000000000171e+01, 5.696999999999999842e-01
1.500000000000000000e+09, 5.075000000000000114e-07, 6.852999999999999370e-02, 1.054999999999999948e-03, 4.095000000000000284e+01, 5.822000000000000508e-01
2.000000000000000000e+09, 2.854000000000000013e-07, 5.303999999999999687e-02, 7.906999999999999749e-04, 4.124000000000000199e+01, 5.893000000000000460e-01
3.000000000000000000e+09, 1.269000000000000047e-07, 3.688000000000000306e-02, 5.268999999999999595e-04, 4.154999999999999716e+01, 5.968999999999999861e-01
4.000000000000000000e+09, 7.135999999999999842e-08, 2.846999999999999878e-02, 3.951000000000000085e-04, 4.171999999999999886e+01, 6.015000000000000346e-01
5.000000000000000000e+09, 4.566999999999999801e-08, 2.327999999999999861e-02, 3.159999999999999832e-04, 4.182999999999999829e+01, 6.041999999999999593e-01
6.000000000000000000e+09, 3.172000000000000213e-08, 1.974000000000000060e-02, 2.633000000000000032e-04, 4.189999999999999858e+01, 6.060999999999999721e-01
8.000000000000000000e+09, 1.783999999999999961e-08, 1.520999999999999956e-02, 1.975000000000000030e-04, 4.200000000000000000e+01, 6.086000000000000298e-01
1.000000000000000000e+10, 1.142000000000000068e-08, 1.242000000000000048e-02, 1.579999999999999916e-04, 4.206000000000000227e+01, 6.102999999999999536e-01
1.500000000000000000e+10, 5.074999999999999949e-09, 8.580000000000000820e-03, 1.052999999999999981e-04, 4.214000000000000057e+01, 6.124000000000000554e-01
2.000000000000000000e+10, 2.853999999999999864e-09, 6.597000000000000433e-03, 7.896999999999999777e-05, 4.218999999999999773e+01, 6.137000000000000233e-01
3.000000000000000000e+10, 1.269000000000000064e-09, 4.549000000000000092e-03, 5.264999999999999905e-05, 4.224000000000000199e+01, 6.149000000000000021e-01
4.000000000000000000e+10, 7.135999999999999966e-10, 3.493000000000000011e-03, 3.948000000000000147e-05, 4.225999999999999801e+01, 6.157000000000000250e-01
5.000000000000000000e+10, 4.566999999999999842e-10, 2.844000000000000174e-03, 3.159000000000000078e-05, 4.228000000000000114e+01, 6.161999999999999700e-01
6.000000000000000000e+10, 3.172000000000000006e-10, 2.403999999999999887e-03, 2.631999999999999872e-05, 4.228999999999999915e+01, 6.163999999999999480e-01
8.000000000000000000e+10, 1.783999999999999992e-10, 1.843000000000000020e-03, 1.974000000000000074e-05, 4.229999999999999716e+01, 6.167000000000000259e-01
1.000000000000000000e+11, 1.142000000000000037e-10, 1.500000000000000031e-03, 1.578999999999999959e-05, 4.231000000000000227e+01, 6.169999999999999929e-01
