1.000000000000000000e+03, 2.018000000000000114e+02, 4.696000000000000174e-01, 2.110000000000000000e+05, 0.000000000000000000e+00, 0.000000000000000000e+00
1.500000000000000000e+03, 1.871999999999999886e+02, 9.421000000000000485e-01, 7.309000000000000000e+04, 0.000000000000000000e+00, 0.000000000000000000e+00
2.000000000000000000e+03, 1.705000000000000000e+02, 1.461999999999999966e+00, 3.379000000000000000e+04, 0.000000000000000000e+00, 0.000000000000000000e+00
3.000000000000000000e+03, 1.381999999999999886e+02, 2.466000000000000192e+00, 1.116000000000000000e+04, 0.000000000000000000e+00, 0.000000000000000000e+00
4.000000000000000000e+03, 1.124000000000000057e+02, 3.331999999999999851e+00, 5.011000000000000000e+04, 0.000000000000000000e+00, 0.000000000000000000e+00
5.000000000000000000e+03, 9.345000000000000284e+01, 4.046000000000000263e+00, 2.793000000000000000e+04, 0.000000000000000000e+00, 0.000000000000000000e+00
6.000000000000000000e+03, 7.970000000000000284e+01, 4.623999999999999666e+00, 1.712000000000000000e+04, 0.000000000000000000e+00, 0.000000000000000000e+00
8.000000000000000000e+03, 6.132999999999999829e+01, 5.501000000000000334e+00, 7.760000000000000000e+03, 0.000000000000000000e+00, 0.000000000000000000e+00
1.000000000000000000e+04, 4.915999999999999659e+01, 6.160999999999999588e+00, 4.134000000000000000e+03, 0.000000000000000000e+00, 0.000000000000000000e+00
1.500000000000000000e+04, 3.021999999999999886e+01, 7.330000000000000071e+00, 1.278000000000000000e+03, 0.000000000000000000e+00, 0.000000000000000000e+00
2.000000000000000000e+04, 2.001000000000000156e+01, 8.048000000000000043e+00, 5.443999999999999773e+02, 0.000000000000000000e+00, 0.000000000000000000e+00
3.000000000000000000e+04, 1.072000000000000064e+01, 8.727000000000000313e+00, 1.594000000000000057e+02, 0.000000000000000000e+00, 0.000000000000000000e+00
4.000000000000000000e+04, 6.775999999999999801e+00, 8.961000000000000298e+00, 6.573000000000000398e+01, 0.000000000000000000e+00, 0.000000000000000000e+00
5.000000000000000000e+04, 4.690000000000000391e+00, 9.012999999999999901e+00, 3.281000000000000227e+01, 0.000000000000000000e+00, 0.000000000000000000e+00
6.000000000000000000e+04, 3.435000000000000053e+00, 8.974999999999999645e+00, 1.853000000000000114e+01, 0.000000000000000000e+00, 0.000000000000000000e+00
8.000000000000000000e+04, 2.060999999999999943e+00, 8.766999999999999460e+00, 7.479000000000000092e+00, 0.000000000000000000e+00, 0.000000000000000000e+00
1.000000000000000000e+05, 1.368999999999999995e+00, 8.493000000000000327e+00, 3.690999999999999837e+00, 0.000000000000000000e+00, 0.000000000000000000e+00
1.500000000000000000e+05, 6.390000000000000124e-01, 7.799999999999999822e+00, 1.024000000000000021e+00, 0.000000000000000000e+00, 0.000000000000000000e+00
2.000000000000000000e+05, 3.680999999999999828e-01, 7.208999999999999631e+00, 4.166000000000000258e-01, 0.000000000000000000e+00, 0.000000000000000000e+00
3.000000000000000000e+05, 1.670999999999999985e-01, 6.314000000000000057e+00, 1.214999999999999969e-01, 0.000000000000000000e+00, 0.000000000000000000e+00
4.000000000000000000e+05, 9.475000000000000089e-02, 5.674000000000000377e+00, 5.292999999999999788e-02, 0.000000000000000000e+00, 0.000000000000000000e+00
5.000000000000000000e+05, 6.088999999999999968e-02, 5.189000000000000057e+00, 2.881999999999999840e-02, 0.000000000000000000e+00, 0.000000000000000000e+00
6.000000000000000000e+05, 4.238000000000000100e-02, 4.804999999999999716e+00, 1.805000000000000007e-02, 0.000000000000000000e+00, 0.000000000000000000e+00
8.000000000000000000e+05, 2.389000000000000151e-02, 4.224999999999999645e+00, 9.157999999999999474e-03, 0.000000000000000000e+00, 0.000000000000000000e+00
1.000000000000000000e+06, 1.531000000000000069e-02, 3.801000000000000156e+00, 5.695999999999999674e-03, 0.000000000000000000e+00, 0.000000000000000000e+00
1.022000000000000000e+06, 1.465999999999999942e-02, 3.761000000000000121e+00, 5.388999999999999693e-03, 0.000000000000000000e+00, 0.000000000000000000e+00
1.250000000000000000e+06, 9.804000000000000214e-03, 3.399999999999999911e+00, 3.651000000000000165e-03, 2.825999999999999953e-03, 0.000000000000000000e+00
1.500000000000000000e+06, 6.811000000000000214e-03, 3.089999999999999858e+00, 2.638999999999999853e-03, 1.507000000000000006e-02, 0.000000000000000000e+00
2.000000000000000000e+06, 3.833000000000000036e-03, 2.637999999999999901e+00, 1.639000000000000049e-03, 5.879999999999999810e-02, 0.000000000000000000e+00
2.044000000000000000e+06, 3.668999999999999952e-03, 2.604999999999999982e+00, 1.583999999999999905e-03, 6.335999999999999965e-02, 0.000000000000000000e+00
3.000000000000000000e+06, 1.704000000000000003e-03, 2.076000000000000068e+00, 8.991000000000000077e-04, 1.658000000000000029e-01, 7.263000000000000358e-04
4.000000000000000000e+06, 9.585000000000000421e-04, 1.731000000000000094e+00, 6.101000000000000303e-04, 2.670000000000000151e-01, 2.965000000000000187e-03
5.000000000000000000e+06, 6.135000000000000045e-04, 1.495000000000000107e+00, 4.589999999999999896e-04, 3.568000000000000060e-01, 5.908000000000000057e-03
6.000000000000000000e+06, 4.260000000000000006e-04, 1.322000000000000064e+00, 3.668999999999999736e-04, 4.370999999999999885e-01, 9.072999999999999468e-03
7.000000000000000000e+06, 3.130000000000000187e-04, 1.187999999999999945e+00, 3.051999999999999917e-04, 5.086000000000000520e-01, 1.222999999999999955e-02
8.000000000000000000e+06, 2.396999999999999988e-04, 1.080999999999999961e+00, 2.610000000000000015e-04, 5.728999999999999648e-01, 1.529999999999999936e-02
9.000000000000000000e+06, 1.893999999999999959e-04, 9.938000000000000167e-01, 2.279000000000000101e-04, 6.310999999999999943e-01, 1.822999999999999968e-02
1.000000000000000000e+07, 1.533999999999999882e-04, 9.207999999999999519e-01, 2.022000000000000088e-04, 6.838999999999999524e-01, 2.103000000000000008e-02
1.100000000000000000e+07, 1.267999999999999921e-04, 8.588000000000000078e-01, 1.816999999999999984e-04, 7.318000000000000060e-01, 2.367999999999999966e-02
1.200000000000000000e+07, 1.065000000000000002e-04, 8.054000000000000048e-01, 1.648999999999999967e-04, 7.756999999999999451e-01, 2.617999999999999841e-02
1.300000000000000000e+07, 9.076000000000000517e-05, 7.588000000000000300e-01, 1.509000000000000087e-04, 8.164000000000000146e-01, 2.854999999999999899e-02
1.400000000000000000e+07, 7.825000000000000466e-05, 7.177999999999999936e-01, 1.390999999999999930e-04, 8.542999999999999483e-01, 3.080000000000000099e-02
1.500000000000000000e+07, 6.817000000000000631e-05, 6.814999999999999947e-01, 1.289999999999999914e-04, 8.897000000000000464e-01, 3.293999999999999706e-02
1.600000000000000000e+07, 5.991000000000000069e-05, 6.490000000000000213e-01, 1.202999999999999968e-04, 9.229000000000000536e-01, 3.497000000000000108e-02
1.800000000000000000e+07, 4.733999999999999737e-05, 5.931999999999999496e-01, 1.058999999999999991e-04, 9.836000000000000298e-01, 3.876000000000000278e-02
2.000000000000000000e+07, 3.834000000000000222e-05, 5.470000000000000417e-01, 9.462999999999999353e-05, 1.038000000000000034e+00, 4.220999999999999752e-02
2.200000000000000000e+07, 3.169000000000000321e-05, 5.080999999999999961e-01, 8.550000000000000471e-05, 1.086999999999999966e+00, 4.538999999999999979e-02
2.400000000000000000e+07, 2.663000000000000084e-05, 4.747999999999999998e-01, 7.797000000000000057e-05, 1.131999999999999895e+00, 4.832000000000000184e-02
2.600000000000000000e+07, 2.269000000000000129e-05, 4.457999999999999741e-01, 7.166000000000000169e-05, 1.171999999999999931e+00, 5.102999999999999897e-02
2.800000000000000000e+07, 1.955999999999999907e-05, 4.204999999999999849e-01, 6.629000000000000398e-05, 1.209999999999999964e+00, 5.356000000000000344e-02
3.000000000000000000e+07, 1.703999999999999948e-05, 3.981999999999999984e-01, 6.166999999999999739e-05, 1.245000000000000107e+00, 5.591000000000000136e-02
4.000000000000000000e+07, 9.585999999999999361e-06, 3.164000000000000146e-01, 4.572999999999999754e-05, 1.387999999999999901e+00, 6.576999999999999513e-02
5.000000000000000000e+07, 6.134999999999999706e-06, 2.641999999999999904e-01, 3.632999999999999945e-05, 1.495000000000000107e+00, 7.337000000000000466e-02
6.000000000000000000e+07, 4.259999999999999871e-06, 2.275999999999999968e-01, 3.013999999999999942e-05, 1.578000000000000069e+00, 7.946999999999999897e-02
8.000000000000000000e+07, 2.396000000000000014e-06, 1.794999999999999929e-01, 2.247000000000000001e-05, 1.701999999999999957e+00, 8.880000000000000393e-02
1.000000000000000000e+08, 1.534000000000000051e-06, 1.489999999999999936e-01, 1.790999999999999962e-05, 1.790999999999999925e+00, 9.572999999999999565e-02
1.500000000000000000e+08, 6.815999999999999624e-07, 1.060999999999999999e-01, 1.188999999999999966e-05, 1.935999999999999943e+00, 1.074999999999999983e-01
2.000000000000000000e+08, 3.834000000000000053e-07, 8.318000000000000393e-02, 8.893999999999999888e-06, 2.024000000000000021e+00, 1.150000000000000050e-01
3.000000000000000000e+08, 1.703999999999999906e-07, 5.895999999999999852e-02, 5.915000000000000119e-06, 2.129000000000000004e+00, 1.244999999999999996e-01
4.000000000000000000e+08, 9.585999999999999943e-08, 4.617000000000000270e-02, 4.430999999999999589e-06, 2.189999999999999947e+00, 1.302000000000000102e-01
5.000000000000000000e+08, 6.135000000000000342e-08, 3.821999999999999703e-02, 3.542000000000000138e-06, 2.229999999999999982e+00, 1.342000000000000137e-01
6.000000000000000000e+08, 4.259999999999999765e-08, 3.273000000000000215e-02, 2.951000000000000206e-06, 2.258999999999999897e+00, 1.371999999999999886e-01
8.000000000000000000e+08, 2.396000000000000081e-08, 2.555999999999999939e-02, 2.212000000000000167e-06, 2.298000000000000043e+00, 1.411999999999999922e-01
1.000000000000000000e+09, 1.534000000000000038e-08, 2.103000000000000008e-02, 1.768999999999999919e-06, 2.322999999999999954e+00, 1.439999999999999891e-01
1.500000000000000000e+09, 6.815999999999999624e-09, 1.468999999999999993e-02, 1.179000000000000062e-06, 2.359999999999999876e+00, 1.479999999999999927e-01
2.000000000000000000e+09, 3.833999999999999788e-09, 1.136999999999999990e-02, 8.837000000000000052e-07, 2.379999999999999893e+00, 1.502999999999999892e-01
3.000000000000000000e+09, 1.703999999999999906e-09, 7.903000000000000302e-03, 5.889999999999999935e-07, 2.402000000000000135e+00, 1.529000000000000081e-01
4.000000000000000000e+09, 9.585999999999999778e-10, 6.100000000000000387e-03, 4.416999999999999913e-07, 2.414000000000000146e+00, 1.544000000000000095e-01
5.000000000000000000e+09, 6.135000000000000011e-10, 4.988000000000000246e-03, 3.533000000000000203e-07, 2.420999999999999819e+00, 1.552999999999999936e-01
6.000000000000000000e+09, 4.259999999999999765e-10, 4.229000000000000120e-03, 2.943999999999999892e-07, 2.426000000000000156e+00, 1.559000000000000108e-01
8.000000000000000000e+09, 2.395999999999999791e-10, 3.259000000000000178e-03, 2.207999999999999919e-07, 2.432999999999999829e+00, 1.567999999999999949e-01
1.000000000000000000e+10, 1.534000000000000079e-10, 2.660000000000000038e-03, 1.766000000000000064e-07, 2.436999999999999833e+00, 1.572999999999999954e-01
1.500000000000000000e+10, 6.816000000000000037e-11, 1.838999999999999923e-03, 1.177999999999999960e-07, 2.443000000000000060e+00, 1.580000000000000016e-01
2.000000000000000000e+10, 3.834000000000000021e-11, 1.413999999999999892e-03, 8.831999999999999941e-08, 2.447000000000000064e+00, 1.585000000000000020e-01
3.000000000000000000e+10, 1.704000000000000009e-11, 9.747999999999999504e-04, 5.888000000000000181e-08, 2.450000000000000178e+00, 1.589000000000000135e-01
4.000000000000000000e+10, 9.586000000000000553e-12, 7.483999999999999767e-04, 4.415999999999999971e-08, 2.451999999999999957e+00, 1.590999999999999914e-01
5.000000000000000000e+10, 6.135000000000000011e-12, 6.095000000000000157e-04, 3.532999999999999939e-08, 2.452999999999999847e+00, 1.592999999999999972e-01
6.000000000000000000e+10, 4.260000000000000023e-12, 5.151999999999999462e-04, 2.944000000000000091e-08, 2.452999999999999847e+00, 1.593999999999999861e-01
8.000000000000000000e+10, 2.395999999999999888e-12, 3.950000000000000061e-04, 2.207999999999999985e-08, 2.454000000000000181e+00, 1.595000000000000029e-01
1.000000000000000000e+11, 1.533999999999999926e-12, 3.214000000000000060e-04, 1.766000000000000064e-08, 2.455000000000000071e+00, 1.595999999999999919e-01
