1.000000000000000000e+03, 2.667000000000000000e+03, 1.455000000000000071e+00, 6.297000000000000000e+05, 0.000000000000000000e+00, 0.000000000000000000e+00
1.500000000000000000e+03, 2.541000000000000000e+03, 2.406000000000000139e+00, 1.400000000000000000e+06, 0.000000000000000000e+00, 0.000000000000000000e+00
2.000000000000000000e+03, 2.409000000000000000e+03, 3.321000000000000174e+00, 9.232000000000000000e+05, 0.000000000000000000e+00, 0.000000000000000000e+00
3.000000000000000000e+03, 2.145000000000000000e+03, 5.102999999999999758e+00, 3.553000000000000000e+05, 0.000000000000000000e+00, 0.000000000000000000e+00
4.000000000000000000e+03, 1.896000000000000000e+03, 6.769000000000000128e+00, 1.748000000000000000e+05, 0.000000000000000000e+00, 0.000000000000000000e+00
5.000000000000000000e+03, 1.675000000000000000e+03, 8.303000000000000824e+00, 9.960000000000000000e+04, 0.000000000000000000e+00, 0.000000000000000000e+00
6.000000000000000000e+03, 1.486000000000000000e+03, 9.689999999999999503e+00, 6.246000000000000000e+04, 0.000000000000000000e+00, 0.000000000000000000e+00
8.000000000000000000e+03, 1.186000000000000000e+03, 1.206000000000000050e+01, 8.148000000000000000e+04, 0.000000000000000000e+00, 0.000000000000000000e+00
1.000000000000000000e+04, 9.657000000000000455e+02, 1.402999999999999936e+01, 7.331000000000000000e+04, 0.000000000000000000e+00, 0.000000000000000000e+00
1.500000000000000000e+04, 6.247999999999999545e+02, 1.794000000000000128e+01, 2.522000000000000000e+04, 0.000000000000000000e+00, 0.000000000000000000e+00
2.000000000000000000e+04, 4.458000000000000114e+02, 2.082000000000000028e+01, 1.164000000000000000e+04, 0.000000000000000000e+00, 0.000000000000000000e+00
3.000000000000000000e+04, 2.625000000000000000e+02, 2.437000000000000099e+01, 3.837000000000000000e+03, 0.000000000000000000e+00, 0.000000000000000000e+00
4.000000000000000000e+04, 1.710999999999999943e+02, 2.623999999999999844e+01, 1.726000000000000000e+03, 0.000000000000000000e+00, 0.000000000000000000e+00
5.000000000000000000e+04, 1.212000000000000028e+02, 2.726000000000000156e+01, 9.240000000000000000e+02, 0.000000000000000000e+00, 0.000000000000000000e+00
6.000000000000000000e+04, 9.106000000000000227e+01, 2.778999999999999915e+01, 3.109000000000000000e+03, 0.000000000000000000e+00, 0.000000000000000000e+00
8.000000000000000000e+04, 5.695000000000000284e+01, 2.807999999999999829e+01, 1.452000000000000000e+03, 0.000000000000000000e+00, 0.000000000000000000e+00
1.000000000000000000e+05, 3.882000000000000028e+01, 2.782999999999999829e+01, 7.917999999999999545e+02, 0.000000000000000000e+00, 0.000000000000000000e+00
1.500000000000000000e+05, 1.892000000000000171e+01, 2.639999999999999858e+01, 2.583000000000000114e+02, 0.000000000000000000e+00, 0.000000000000000000e+00
2.000000000000000000e+05, 1.125999999999999979e+01, 2.482000000000000028e+01, 1.162999999999999972e+02, 0.000000000000000000e+00, 0.000000000000000000e+00
3.000000000000000000e+05, 5.309000000000000163e+00, 2.214000000000000057e+01, 3.846999999999999886e+01, 0.000000000000000000e+00, 0.000000000000000000e+00
4.000000000000000000e+05, 3.072999999999999954e+00, 2.007999999999999829e+01, 1.807999999999999829e+01, 0.000000000000000000e+00, 0.000000000000000000e+00
5.000000000000000000e+05, 2.000000000000000000e+00, 1.846999999999999886e+01, 1.033000000000000007e+01, 0.000000000000000000e+00, 0.000000000000000000e+00
6.000000000000000000e+05, 1.405000000000000027e+00, 1.716000000000000014e+01, 6.668999999999999595e+00, 0.000000000000000000e+00, 0.000000000000000000e+00
8.000000000000000000e+05, 8.010000000000000453e-01, 1.515000000000000036e+01, 3.486000000000000210e+00, 0.000000000000000000e+00, 0.000000000000000000e+00
1.000000000000000000e+06, 5.164999999999999591e-01, 1.365000000000000036e+01, 2.184000000000000163e+00, 0.000000000000000000e+00, 0.000000000000000000e+00
1.022000000000000000e+06, 4.948000000000000176e-01, 1.350999999999999979e+01, 2.089999999999999858e+00, 0.000000000000000000e+00, 0.000000000000000000e+00
1.250000000000000000e+06, 3.323999999999999733e-01, 1.223000000000000043e+01, 1.409000000000000030e+00, 6.913999999999999313e-02, 0.000000000000000000e+00
1.500000000000000000e+06, 2.316000000000000003e-01, 1.113000000000000078e+01, 1.006000000000000005e+00, 3.199000000000000177e-01, 0.000000000000000000e+00
2.000000000000000000e+06, 1.307000000000000106e-01, 9.506999999999999673e+00, 6.102999999999999536e-01, 1.024999999999999911e+00, 0.000000000000000000e+00
2.044000000000000000e+06, 1.252000000000000057e-01, 9.390000000000000568e+00, 5.886000000000000121e-01, 1.090999999999999970e+00, 0.000000000000000000e+00
3.000000000000000000e+06, 5.824000000000000010e-02, 7.487000000000000099e+00, 3.215000000000000080e-01, 2.443000000000000060e+00, 2.616999999999999969e-03
4.000000000000000000e+06, 3.278999999999999970e-02, 6.248000000000000220e+00, 2.117999999999999883e-01, 3.650999999999999801e+00, 1.067000000000000066e-02
5.000000000000000000e+06, 2.100000000000000130e-02, 5.397000000000000242e+00, 1.559999999999999998e-01, 4.679999999999999716e+00, 2.122999999999999887e-02
6.000000000000000000e+06, 1.457999999999999921e-02, 4.770999999999999908e+00, 1.227000000000000035e-01, 5.564000000000000057e+00, 3.255999999999999867e-02
7.000000000000000000e+06, 1.072000000000000036e-02, 4.288000000000000256e+00, 1.008000000000000007e-01, 6.346000000000000085e+00, 4.383000000000000090e-02
8.000000000000000000e+06, 8.205999999999999753e-03, 3.903000000000000025e+00, 8.533000000000000307e-02, 7.048000000000000043e+00, 5.473999999999999699e-02
9.000000000000000000e+06, 6.484000000000000180e-03, 3.588000000000000078e+00, 7.388999999999999735e-02, 7.685999999999999943e+00, 6.515999999999999570e-02
1.000000000000000000e+07, 5.251999999999999724e-03, 3.323999999999999844e+00, 6.511000000000000121e-02, 8.271000000000000796e+00, 7.503999999999999559e-02
1.100000000000000000e+07, 4.341000000000000240e-03, 3.100999999999999979e+00, 5.816000000000000336e-02, 8.811999999999999389e+00, 8.439000000000000667e-02
1.200000000000000000e+07, 3.648000000000000201e-03, 2.907999999999999918e+00, 5.253000000000000030e-02, 9.314000000000000057e+00, 9.318999999999999506e-02
1.300000000000000000e+07, 3.108000000000000086e-03, 2.740000000000000213e+00, 4.787000000000000283e-02, 9.784000000000000696e+00, 1.015000000000000069e-01
1.400000000000000000e+07, 2.680000000000000090e-03, 2.592000000000000082e+00, 4.397000000000000214e-02, 1.022000000000000064e+01, 1.092999999999999944e-01
1.500000000000000000e+07, 2.334999999999999836e-03, 2.460999999999999854e+00, 4.064999999999999863e-02, 1.061999999999999922e+01, 1.168000000000000010e-01
1.600000000000000000e+07, 2.052000000000000005e-03, 2.342999999999999972e+00, 3.778000000000000108e-02, 1.100000000000000000e+01, 1.238999999999999962e-01
1.800000000000000000e+07, 1.621000000000000045e-03, 2.141999999999999904e+00, 3.311000000000000054e-02, 1.167999999999999972e+01, 1.368999999999999939e-01
2.000000000000000000e+07, 1.312999999999999931e-03, 1.975000000000000089e+00, 2.946000000000000008e-02, 1.227999999999999936e+01, 1.487999999999999878e-01
2.200000000000000000e+07, 1.085000000000000027e-03, 1.834999999999999964e+00, 2.653000000000000150e-02, 1.283000000000000007e+01, 1.597000000000000086e-01
2.400000000000000000e+07, 9.120000000000000502e-04, 1.713999999999999968e+00, 2.411999999999999908e-02, 1.333000000000000007e+01, 1.696000000000000008e-01
2.600000000000000000e+07, 7.770999999999999696e-04, 1.610000000000000098e+00, 2.212000000000000077e-02, 1.378999999999999915e+01, 1.787999999999999867e-01
2.800000000000000000e+07, 6.700999999999999708e-04, 1.518999999999999906e+00, 2.042000000000000065e-02, 1.421000000000000085e+01, 1.872999999999999943e-01
3.000000000000000000e+07, 5.837000000000000391e-04, 1.437999999999999945e+00, 1.896000000000000116e-02, 1.458999999999999986e+01, 1.952000000000000124e-01
4.000000000000000000e+07, 3.283000000000000111e-04, 1.143000000000000016e+00, 1.396999999999999978e-02, 1.617000000000000171e+01, 2.278000000000000025e-01
5.000000000000000000e+07, 2.101000000000000111e-04, 9.537999999999999812e-01, 1.105000000000000079e-02, 1.733999999999999986e+01, 2.524000000000000132e-01
6.000000000000000000e+07, 1.458999999999999956e-04, 8.217999999999999750e-01, 9.143000000000000085e-03, 1.823999999999999844e+01, 2.717999999999999861e-01
8.000000000000000000e+07, 8.208999999999999500e-05, 6.481000000000000094e-01, 6.793999999999999692e-03, 1.957999999999999829e+01, 3.009999999999999898e-01
1.000000000000000000e+08, 5.253000000000000020e-05, 5.380000000000000338e-01, 5.405000000000000082e-03, 2.053000000000000114e+01, 3.220999999999999974e-01
1.500000000000000000e+08, 2.334999999999999836e-05, 3.830999999999999961e-01, 3.576000000000000185e-03, 2.203000000000000114e+01, 3.568000000000000060e-01
2.000000000000000000e+08, 1.312999999999999965e-05, 3.004000000000000004e-01, 2.671999999999999896e-03, 2.292999999999999972e+01, 3.784000000000000141e-01
3.000000000000000000e+08, 5.837000000000000188e-06, 2.129000000000000059e-01, 1.775000000000000102e-03, 2.396999999999999886e+01, 4.047999999999999932e-01
4.000000000000000000e+08, 3.283000000000000162e-06, 1.666999999999999871e-01, 1.329000000000000103e-03, 2.455999999999999872e+01, 4.205999999999999739e-01
5.000000000000000000e+08, 2.100999999999999874e-06, 1.380000000000000115e-01, 1.062000000000000010e-03, 2.496000000000000085e+01, 4.314000000000000057e-01
6.000000000000000000e+08, 1.458999999999999922e-06, 1.181999999999999995e-01, 8.840000000000000201e-04, 2.523999999999999844e+01, 4.393000000000000238e-01
8.000000000000000000e+08, 8.208000000000000442e-07, 9.229999999999999316e-02, 6.623999999999999463e-04, 2.560999999999999943e+01, 4.501999999999999891e-01
1.000000000000000000e+09, 5.252999999999999723e-07, 7.592999999999999750e-02, 5.295999999999999710e-04, 2.585000000000000142e+01, 4.573999999999999733e-01
1.500000000000000000e+09, 2.334999999999999931e-07, 5.303000000000000075e-02, 3.528000000000000103e-04, 2.619999999999999929e+01, 4.682000000000000051e-01
2.000000000000000000e+09, 1.312999999999999912e-07, 4.104000000000000009e-02, 2.644999999999999782e-04, 2.639000000000000057e+01, 4.743999999999999884e-01
3.000000000000000000e+09, 5.836999999999999923e-08, 2.853999999999999940e-02, 1.763000000000000027e-04, 2.658999999999999986e+01, 4.811000000000000276e-01
4.000000000000000000e+09, 3.282999999999999685e-08, 2.203000000000000097e-02, 1.321999999999999879e-04, 2.669999999999999929e+01, 4.850999999999999757e-01
5.000000000000000000e+09, 2.101000000000000086e-08, 1.801000000000000170e-02, 1.056999999999999943e-04, 2.676999999999999957e+01, 4.874999999999999889e-01
6.000000000000000000e+09, 1.459000000000000028e-08, 1.527000000000000059e-02, 8.810000000000000014e-05, 2.682000000000000028e+01, 4.892000000000000237e-01
8.000000000000000000e+09, 8.207999999999999780e-09, 1.176999999999999921e-02, 6.606999999999999592e-05, 2.687999999999999901e+01, 4.914999999999999925e-01
1.000000000000000000e+10, 5.252999999999999955e-09, 9.606999999999999221e-03, 5.284999999999999713e-05, 2.692000000000000171e+01, 4.929000000000000048e-01
1.500000000000000000e+10, 2.334999999999999898e-09, 6.640000000000000069e-03, 3.522999999999999981e-05, 2.698000000000000043e+01, 4.949000000000000066e-01
2.000000000000000000e+10, 1.312999999999999912e-09, 5.104000000000000030e-03, 2.642000000000000115e-05, 2.701000000000000156e+01, 4.959999999999999964e-01
3.000000000000000000e+10, 5.836999999999999592e-10, 3.520000000000000125e-03, 1.760999999999999911e-05, 2.703999999999999915e+01, 4.970999999999999863e-01
4.000000000000000000e+10, 3.282999999999999933e-10, 2.703000000000000107e-03, 1.321000000000000058e-05, 2.705999999999999872e+01, 4.978000000000000203e-01
5.000000000000000000e+10, 2.101000000000000034e-10, 2.200999999999999832e-03, 1.057000000000000044e-05, 2.707000000000000028e+01, 4.983000000000000207e-01
6.000000000000000000e+10, 1.459000000000000080e-10, 1.860000000000000108e-03, 8.807000000000000551e-06, 2.707000000000000028e+01, 4.984999999999999987e-01
8.000000000000000000e+10, 8.208000000000000245e-11, 1.425999999999999967e-03, 6.605000000000000289e-06, 2.707999999999999829e+01, 4.988000000000000211e-01
1.000000000000000000e+11, 5.252999999999999851e-11, 1.160999999999999923e-03, 5.283999999999999723e-06, 2.708999999999999986e+01, 4.989999999999999991e-01
