1.000000000000000000e+03, 5.114000000000000000e+03, 1.852000000000000091e+00, 2.543000000000000000e+06, 0.000000000000000000e+00, 0.000000000000000000e+00
1.500000000000000000e+03, 4.866000000000000000e+03, 3.037999999999999812e+00, 1.213000000000000000e+06, 0.000000000000000000e+00, 0.000000000000000000e+00
2.000000000000000000e+03, 4.610000000000000000e+03, 4.184000000000000163e+00, 6.664000000000000000e+05, 0.000000000000000000e+00, 0.000000000000000000e+00
3.000000000000000000e+03, 4.125000000000000000e+03, 6.379999999999999893e+00, 2.725000000000000000e+05, 0.000000000000000000e+00, 0.000000000000000000e+00
4.000000000000000000e+03, 3.695000000000000000e+03, 8.420999999999999375e+00, 4.791000000000000000e+05, 0.000000000000000000e+00, 0.000000000000000000e+00
5.000000000000000000e+03, 3.323000000000000000e+03, 1.026999999999999957e+01, 3.387000000000000000e+05, 0.000000000000000000e+00, 0.000000000000000000e+00
6.000000000000000000e+03, 3.001000000000000000e+03, 1.190000000000000036e+01, 2.261000000000000000e+05, 0.000000000000000000e+00, 0.000000000000000000e+00
8.000000000000000000e+03, 2.476000000000000000e+03, 1.475999999999999979e+01, 1.107000000000000000e+05, 0.000000000000000000e+00, 0.000000000000000000e+00
1.000000000000000000e+04, 2.072000000000000000e+03, 1.726999999999999957e+01, 6.300000000000000000e+04, 0.000000000000000000e+00, 0.000000000000000000e+00
1.500000000000000000e+04, 1.402000000000000000e+03, 2.228000000000000114e+01, 2.224000000000000000e+04, 0.000000000000000000e+00, 0.000000000000000000e+00
2.000000000000000000e+04, 1.007000000000000000e+03, 2.578000000000000114e+01, 3.506000000000000000e+04, 0.000000000000000000e+00, 0.000000000000000000e+00
3.000000000000000000e+04, 5.928999999999999773e+02, 3.046000000000000085e+01, 1.437000000000000000e+04, 0.000000000000000000e+00, 0.000000000000000000e+00
4.000000000000000000e+04, 3.986000000000000227e+02, 3.335000000000000142e+01, 6.754000000000000000e+03, 0.000000000000000000e+00, 0.000000000000000000e+00
5.000000000000000000e+04, 2.866999999999999886e+02, 3.510999999999999943e+01, 3.731000000000000000e+03, 0.000000000000000000e+00, 0.000000000000000000e+00
6.000000000000000000e+04, 2.154000000000000057e+02, 3.614000000000000057e+01, 2.288000000000000000e+03, 0.000000000000000000e+00, 0.000000000000000000e+00
8.000000000000000000e+04, 1.353000000000000114e+02, 3.692999999999999972e+01, 1.052000000000000000e+03, 0.000000000000000000e+00, 0.000000000000000000e+00
1.000000000000000000e+05, 9.384000000000000341e+01, 3.689000000000000057e+01, 5.743999999999999773e+02, 0.000000000000000000e+00, 0.000000000000000000e+00
1.500000000000000000e+05, 4.678999999999999915e+01, 3.549000000000000199e+01, 8.702000000000000455e+02, 0.000000000000000000e+00, 0.000000000000000000e+00
2.000000000000000000e+05, 2.800000000000000000e+01, 3.363000000000000256e+01, 4.138000000000000114e+02, 0.000000000000000000e+00, 0.000000000000000000e+00
3.000000000000000000e+05, 1.341999999999999993e+01, 3.021000000000000085e+01, 1.466999999999999886e+02, 0.000000000000000000e+00, 0.000000000000000000e+00
4.000000000000000000e+05, 7.889000000000000234e+00, 2.751000000000000156e+01, 7.207999999999999829e+01, 0.000000000000000000e+00, 0.000000000000000000e+00
5.000000000000000000e+05, 5.185999999999999943e+00, 2.535999999999999943e+01, 4.246999999999999886e+01, 0.000000000000000000e+00, 0.000000000000000000e+00
6.000000000000000000e+05, 3.665999999999999925e+00, 2.360000000000000142e+01, 2.801999999999999957e+01, 0.000000000000000000e+00, 0.000000000000000000e+00
8.000000000000000000e+05, 2.108999999999999986e+00, 2.087999999999999901e+01, 1.500999999999999979e+01, 0.000000000000000000e+00, 0.000000000000000000e+00
1.000000000000000000e+06, 1.368000000000000105e+00, 1.883999999999999986e+01, 9.494999999999999218e+00, 0.000000000000000000e+00, 0.000000000000000000e+00
1.022000000000000000e+06, 1.310999999999999943e+00, 1.864000000000000057e+01, 9.092000000000000526e+00, 0.000000000000000000e+00, 0.000000000000000000e+00
1.250000000000000000e+06, 8.850999999999999979e-01, 1.689000000000000057e+01, 6.144000000000000128e+00, 1.665000000000000091e-01, 0.000000000000000000e+00
1.500000000000000000e+06, 6.188000000000000167e-01, 1.538000000000000078e+01, 4.368999999999999773e+00, 8.156999999999999806e-01, 0.000000000000000000e+00
2.000000000000000000e+06, 3.508000000000000007e-01, 1.315000000000000036e+01, 2.640000000000000124e+00, 2.402000000000000135e+00, 0.000000000000000000e+00
2.044000000000000000e+06, 3.361000000000000099e-01, 1.299000000000000021e+01, 2.544999999999999929e+00, 2.536999999999999922e+00, 0.000000000000000000e+00
3.000000000000000000e+06, 1.570000000000000007e-01, 1.035999999999999943e+01, 1.375999999999999890e+00, 5.043000000000000149e+00, 3.618000000000000122e-03
4.000000000000000000e+06, 8.852000000000000146e-02, 8.646000000000000796e+00, 8.985999999999999543e-01, 7.102000000000000313e+00, 1.473999999999999963e-02
5.000000000000000000e+06, 5.673000000000000265e-02, 7.469999999999999751e+00, 6.572000000000000064e-01, 8.820000000000000284e+00, 2.930999999999999925e-02
6.000000000000000000e+06, 3.941999999999999671e-02, 6.604000000000000092e+00, 5.141999999999999904e-01, 1.030000000000000071e+01, 4.492000000000000159e-02
7.000000000000000000e+06, 2.897999999999999882e-02, 5.935999999999999943e+00, 4.204999999999999849e-01, 1.159999999999999964e+01, 6.042999999999999761e-02
8.000000000000000000e+06, 2.219000000000000139e-02, 5.402999999999999581e+00, 3.548999999999999932e-01, 1.277999999999999936e+01, 7.541000000000000481e-02
9.000000000000000000e+06, 1.754000000000000004e-02, 4.966999999999999638e+00, 3.064000000000000057e-01, 1.385999999999999943e+01, 8.970999999999999808e-02
1.000000000000000000e+07, 1.421000000000000041e-02, 4.602000000000000313e+00, 2.692999999999999838e-01, 1.484999999999999964e+01, 1.033000000000000029e-01
1.100000000000000000e+07, 1.174000000000000044e-02, 4.293000000000000149e+00, 2.401000000000000079e-01, 1.576999999999999957e+01, 1.160000000000000059e-01
1.200000000000000000e+07, 9.868999999999999301e-03, 4.025999999999999801e+00, 2.164000000000000090e-01, 1.662999999999999901e+01, 1.280999999999999917e-01
1.300000000000000000e+07, 8.408999999999999808e-03, 3.793000000000000149e+00, 1.970000000000000084e-01, 1.742999999999999972e+01, 1.393999999999999961e-01
1.400000000000000000e+07, 7.250999999999999633e-03, 3.588000000000000078e+00, 1.806000000000000105e-01, 1.817999999999999972e+01, 1.501000000000000112e-01
1.500000000000000000e+07, 6.316999999999999699e-03, 3.407000000000000028e+00, 1.668000000000000038e-01, 1.887999999999999901e+01, 1.602999999999999980e-01
1.600000000000000000e+07, 5.551999999999999644e-03, 3.244000000000000217e+00, 1.549000000000000099e-01, 1.953999999999999915e+01, 1.698999999999999955e-01
1.800000000000000000e+07, 4.387000000000000274e-03, 2.964999999999999858e+00, 1.355000000000000093e-01, 2.071999999999999886e+01, 1.875999999999999890e-01
2.000000000000000000e+07, 3.553999999999999868e-03, 2.734999999999999876e+00, 1.203000000000000042e-01, 2.178000000000000114e+01, 2.036999999999999922e-01
2.200000000000000000e+07, 2.936999999999999941e-03, 2.540000000000000036e+00, 1.082000000000000045e-01, 2.275000000000000000e+01, 2.184000000000000108e-01
2.400000000000000000e+07, 2.468000000000000142e-03, 2.374000000000000110e+00, 9.832000000000000461e-02, 2.362999999999999901e+01, 2.318000000000000060e-01
2.600000000000000000e+07, 2.102999999999999835e-03, 2.229000000000000092e+00, 9.006000000000000116e-02, 2.442999999999999972e+01, 2.442000000000000004e-01
2.800000000000000000e+07, 1.812999999999999941e-03, 2.103000000000000203e+00, 8.307000000000000495e-02, 2.517000000000000171e+01, 2.555999999999999939e-01
3.000000000000000000e+07, 1.580000000000000024e-03, 1.991000000000000103e+00, 7.707999999999999574e-02, 2.585000000000000142e+01, 2.661999999999999922e-01
4.000000000000000000e+07, 8.884999999999999669e-04, 1.582000000000000073e+00, 5.664000000000000284e-02, 2.860999999999999943e+01, 3.096999999999999753e-01
5.000000000000000000e+07, 5.686999999999999998e-04, 1.320999999999999952e+00, 4.474000000000000199e-02, 3.067000000000000171e+01, 3.423999999999999821e-01
6.000000000000000000e+07, 3.949000000000000036e-04, 1.137999999999999901e+00, 3.697000000000000286e-02, 3.225999999999999801e+01, 3.680999999999999828e-01
8.000000000000000000e+07, 2.221000000000000047e-04, 8.973999999999999755e-01, 2.743999999999999911e-02, 3.460999999999999943e+01, 4.063999999999999835e-01
1.000000000000000000e+08, 1.421999999999999870e-04, 7.449000000000000066e-01, 2.180999999999999953e-02, 3.625999999999999801e+01, 4.340999999999999859e-01
1.500000000000000000e+08, 6.318999999999999639e-05, 5.304999999999999716e-01, 1.442000000000000053e-02, 3.886999999999999744e+01, 4.793000000000000038e-01
2.000000000000000000e+08, 3.554000000000000193e-05, 4.158999999999999919e-01, 1.076000000000000047e-02, 4.042000000000000171e+01, 5.073999999999999622e-01
3.000000000000000000e+08, 1.580000000000000119e-05, 2.948000000000000065e-01, 7.145000000000000309e-03, 4.222999999999999687e+01, 5.414999999999999813e-01
4.000000000000000000e+08, 8.885999999999999287e-06, 2.308999999999999941e-01, 5.347000000000000190e-03, 4.325999999999999801e+01, 5.617999999999999661e-01
5.000000000000000000e+08, 5.686999999999999930e-06, 1.910999999999999921e-01, 4.271999999999999756e-03, 4.393999999999999773e+01, 5.756999999999999895e-01
6.000000000000000000e+08, 3.948999999999999799e-06, 1.635999999999999954e-01, 3.556999999999999832e-03, 4.442999999999999972e+01, 5.857999999999999874e-01
8.000000000000000000e+08, 2.220999999999999996e-06, 1.277999999999999969e-01, 2.664999999999999834e-03, 4.507000000000000028e+01, 5.997999999999999998e-01
1.000000000000000000e+09, 1.421999999999999895e-06, 1.050999999999999990e-01, 2.129999999999999949e-03, 4.549000000000000199e+01, 6.090999999999999748e-01
1.500000000000000000e+09, 6.319000000000000401e-07, 7.342999999999999527e-02, 1.418999999999999906e-03, 4.610000000000000142e+01, 6.229999999999999982e-01
2.000000000000000000e+09, 3.554000000000000193e-07, 5.682999999999999857e-02, 1.064000000000000059e-03, 4.642999999999999972e+01, 6.308000000000000274e-01
3.000000000000000000e+09, 1.580000000000000119e-07, 3.951000000000000345e-02, 7.089000000000000466e-04, 4.678999999999999915e+01, 6.393999999999999684e-01
4.000000000000000000e+09, 8.886000000000000292e-08, 3.049999999999999933e-02, 5.316000000000000196e-04, 4.697999999999999687e+01, 6.444999999999999618e-01
5.000000000000000000e+09, 5.686999999999999904e-08, 2.494000000000000036e-02, 4.251999999999999812e-04, 4.710000000000000142e+01, 6.475999999999999535e-01
6.000000000000000000e+09, 3.948999999999999826e-08, 2.114999999999999866e-02, 3.542999999999999925e-04, 4.718999999999999773e+01, 6.498000000000000442e-01
8.000000000000000000e+09, 2.220999999999999837e-08, 1.628999999999999893e-02, 2.657000000000000074e-04, 4.729999999999999716e+01, 6.526999999999999469e-01
1.000000000000000000e+10, 1.421999999999999929e-08, 1.329999999999999932e-02, 2.124999999999999882e-04, 4.735999999999999943e+01, 6.545999999999999597e-01
1.500000000000000000e+10, 6.319000000000000203e-09, 9.192999999999999783e-03, 1.417000000000000020e-04, 4.746000000000000085e+01, 6.571000000000000174e-01
2.000000000000000000e+10, 3.553999999999999928e-09, 7.067999999999999630e-03, 1.062999999999999953e-04, 4.750999999999999801e+01, 6.585999999999999632e-01
3.000000000000000000e+10, 1.579999999999999921e-09, 4.873999999999999860e-03, 7.082999999999999778e-05, 4.757000000000000028e+01, 6.599000000000000421e-01
4.000000000000000000e+10, 8.886000000000000127e-10, 3.742000000000000100e-03, 5.311999999999999963e-05, 4.760000000000000142e+01, 6.609000000000000430e-01
5.000000000000000000e+10, 5.687000000000000110e-10, 3.046999999999999795e-03, 4.250000000000000305e-05, 4.761999999999999744e+01, 6.613999999999999879e-01
6.000000000000000000e+10, 3.949000000000000012e-10, 2.576000000000000165e-03, 3.542000000000000308e-05, 4.763000000000000256e+01, 6.616999999999999549e-01
8.000000000000000000e+10, 2.220999999999999878e-10, 1.975000000000000193e-03, 2.655999999999999981e-05, 4.764000000000000057e+01, 6.621000000000000218e-01
1.000000000000000000e+11, 1.422000000000000104e-10, 1.606999999999999922e-03, 2.125000000000000153e-05, 4.764999999999999858e+01, 6.623999999999999888e-01
