1.000000000000000000e+03, 1.844000000000000000e+03, 9.628999999999999782e-01, 2.050000000000000000e+06, 0.000000000000000000e+00, 0.000000000000000000e+00
1.500000000000000000e+03, 1.744000000000000000e+03, 1.858000000000000096e+00, 8.888000000000000000e+05, 0.000000000000000000e+00, 0.000000000000000000e+00
2.000000000000000000e+03, 1.631000000000000000e+03, 2.801000000000000156e+00, 4.535000000000000000e+05, 0.000000000000000000e+00, 0.000000000000000000e+00
3.000000000000000000e+03, 1.413000000000000000e+03, 4.628000000000000114e+00, 1.682000000000000000e+05, 0.000000000000000000e+00, 0.000000000000000000e+00
4.000000000000000000e+03, 1.229000000000000000e+03, 6.264999999999999680e+00, 8.132000000000000000e+04, 0.000000000000000000e+00, 0.000000000000000000e+00
5.000000000000000000e+03, 1.078000000000000000e+03, 7.663999999999999702e+00, 1.383000000000000000e+05, 0.000000000000000000e+00, 0.000000000000000000e+00
6.000000000000000000e+03, 9.522999999999999545e+02, 8.875999999999999446e+00, 1.380000000000000000e+05, 0.000000000000000000e+00, 0.000000000000000000e+00
8.000000000000000000e+03, 7.552999999999999545e+02, 1.096000000000000085e+01, 6.535000000000000000e+04, 0.000000000000000000e+00, 0.000000000000000000e+00
1.000000000000000000e+04, 6.136000000000000227e+02, 1.275000000000000000e+01, 3.623000000000000000e+04, 0.000000000000000000e+00, 0.000000000000000000e+00
1.500000000000000000e+04, 4.038000000000000114e+02, 1.621999999999999886e+01, 1.210000000000000000e+04, 0.000000000000000000e+00, 0.000000000000000000e+00
2.000000000000000000e+04, 2.883000000000000114e+02, 1.850000000000000000e+01, 5.473000000000000000e+03, 0.000000000000000000e+00, 0.000000000000000000e+00
3.000000000000000000e+04, 1.645000000000000000e+02, 2.121000000000000085e+01, 1.761000000000000000e+03, 0.000000000000000000e+00, 0.000000000000000000e+00
4.000000000000000000e+04, 1.070999999999999943e+02, 2.264000000000000057e+01, 4.820000000000000000e+03, 0.000000000000000000e+00, 0.000000000000000000e+00
5.000000000000000000e+04, 7.612999999999999545e+01, 2.339999999999999858e+01, 2.675000000000000000e+03, 0.000000000000000000e+00, 0.000000000000000000e+00
6.000000000000000000e+04, 5.689999999999999858e+01, 2.378000000000000114e+01, 1.625000000000000000e+03, 0.000000000000000000e+00, 0.000000000000000000e+00
8.000000000000000000e+04, 3.504999999999999716e+01, 2.389999999999999858e+01, 7.331000000000000227e+02, 0.000000000000000000e+00, 0.000000000000000000e+00
1.000000000000000000e+05, 2.373999999999999844e+01, 2.357000000000000028e+01, 3.910000000000000000e+02, 0.000000000000000000e+00, 0.000000000000000000e+00
1.500000000000000000e+05, 1.155000000000000071e+01, 2.221999999999999886e+01, 1.232000000000000028e+02, 0.000000000000000000e+00, 0.000000000000000000e+00
2.000000000000000000e+05, 6.836000000000000298e+00, 2.082999999999999829e+01, 5.428999999999999915e+01, 0.000000000000000000e+00, 0.000000000000000000e+00
3.000000000000000000e+05, 3.192000000000000171e+00, 1.851999999999999957e+01, 1.746000000000000085e+01, 0.000000000000000000e+00, 0.000000000000000000e+00
4.000000000000000000e+05, 1.838999999999999968e+00, 1.676000000000000156e+01, 8.064000000000000057e+00, 0.000000000000000000e+00, 0.000000000000000000e+00
5.000000000000000000e+05, 1.193000000000000060e+00, 1.540000000000000036e+01, 4.552999999999999936e+00, 0.000000000000000000e+00, 0.000000000000000000e+00
6.000000000000000000e+05, 8.365000000000000213e-01, 1.430000000000000071e+01, 2.918000000000000149e+00, 0.000000000000000000e+00, 0.000000000000000000e+00
8.000000000000000000e+05, 4.754999999999999782e-01, 1.260999999999999943e+01, 1.512999999999999901e+00, 0.000000000000000000e+00, 0.000000000000000000e+00
1.000000000000000000e+06, 3.060999999999999832e-01, 1.135999999999999943e+01, 9.451000000000000512e-01, 0.000000000000000000e+00, 0.000000000000000000e+00
1.022000000000000000e+06, 2.932000000000000162e-01, 1.124000000000000021e+01, 8.994999999999999662e-01, 0.000000000000000000e+00, 0.000000000000000000e+00
1.250000000000000000e+06, 1.967000000000000137e-01, 1.016999999999999993e+01, 6.066000000000000281e-01, 4.173000000000000320e-02, 0.000000000000000000e+00
1.500000000000000000e+06, 1.368999999999999939e-01, 9.252000000000000668e+00, 4.340999999999999859e-01, 1.930000000000000049e-01, 0.000000000000000000e+00
2.000000000000000000e+06, 7.717000000000000248e-02, 7.902000000000000135e+00, 2.641000000000000014e-01, 6.478000000000000425e-01, 0.000000000000000000e+00
2.044000000000000000e+06, 7.389999999999999347e-02, 7.804999999999999716e+00, 2.548000000000000265e-01, 6.917999999999999705e-01, 0.000000000000000000e+00
3.000000000000000000e+06, 3.436000000000000165e-02, 6.222000000000000419e+00, 1.400000000000000133e-01, 1.625999999999999890e+00, 2.175999999999999983e-03
4.000000000000000000e+06, 1.933999999999999955e-02, 5.190999999999999837e+00, 9.266000000000000625e-02, 2.487000000000000099e+00, 8.873999999999999944e-03
5.000000000000000000e+06, 1.238000000000000038e-02, 4.483999999999999986e+00, 6.848999999999999533e-02, 3.229000000000000092e+00, 1.765999999999999862e-02
6.000000000000000000e+06, 8.599000000000000740e-03, 3.963999999999999968e+00, 5.403000000000000164e-02, 3.867999999999999883e+00, 2.709999999999999909e-02
7.000000000000000000e+06, 6.317999999999999831e-03, 3.563000000000000167e+00, 4.447999999999999871e-02, 4.435999999999999943e+00, 3.649000000000000160e-02
8.000000000000000000e+06, 4.838000000000000286e-03, 3.242999999999999883e+00, 3.772999999999999965e-02, 4.947000000000000064e+00, 4.558000000000000246e-02
9.000000000000000000e+06, 3.823000000000000009e-03, 2.980999999999999872e+00, 3.273000000000000215e-02, 5.410999999999999588e+00, 5.426999999999999880e-02
1.000000000000000000e+07, 3.095999999999999794e-03, 2.762000000000000011e+00, 2.886999999999999983e-02, 5.836000000000000298e+00, 6.252000000000000612e-02
1.100000000000000000e+07, 2.559000000000000077e-03, 2.576000000000000068e+00, 2.581999999999999920e-02, 6.227999999999999758e+00, 7.033000000000000362e-02
1.200000000000000000e+07, 2.150000000000000001e-03, 2.415999999999999925e+00, 2.333999999999999964e-02, 6.589999999999999858e+00, 7.767999999999999905e-02
1.300000000000000000e+07, 1.832000000000000078e-03, 2.275999999999999801e+00, 2.128999999999999990e-02, 6.929000000000000270e+00, 8.461000000000000465e-02
1.400000000000000000e+07, 1.580000000000000024e-03, 2.153000000000000025e+00, 1.956000000000000100e-02, 7.240000000000000213e+00, 9.120000000000000329e-02
1.500000000000000000e+07, 1.376000000000000053e-03, 2.044000000000000039e+00, 1.810000000000000150e-02, 7.528999999999999915e+00, 9.743000000000000271e-02
1.600000000000000000e+07, 1.209999999999999921e-03, 1.947000000000000064e+00, 1.683000000000000121e-02, 7.796000000000000263e+00, 1.033000000000000029e-01
1.800000000000000000e+07, 9.558000000000000307e-04, 1.778999999999999915e+00, 1.476000000000000055e-02, 8.282999999999999474e+00, 1.142999999999999988e-01
2.000000000000000000e+07, 7.741999999999999533e-04, 1.641000000000000014e+00, 1.315000000000000023e-02, 8.718999999999999417e+00, 1.242999999999999938e-01
2.200000000000000000e+07, 6.398000000000000475e-04, 1.524000000000000021e+00, 1.184999999999999942e-02, 9.115000000000000213e+00, 1.333999999999999908e-01
2.400000000000000000e+07, 5.375999999999999486e-04, 1.423999999999999932e+00, 1.077999999999999965e-02, 9.474999999999999645e+00, 1.418000000000000094e-01
2.600000000000000000e+07, 4.581000000000000219e-04, 1.336999999999999966e+00, 9.886999999999999955e-03, 9.803000000000000824e+00, 1.494999999999999940e-01
2.800000000000000000e+07, 3.950000000000000061e-04, 1.262000000000000011e+00, 9.131000000000000227e-03, 1.009999999999999964e+01, 1.565999999999999892e-01
3.000000000000000000e+07, 3.441000000000000157e-04, 1.195000000000000062e+00, 8.481999999999999956e-03, 1.038000000000000078e+01, 1.633000000000000007e-01
4.000000000000000000e+07, 1.935999999999999895e-04, 9.493000000000000327e-01, 6.256000000000000276e-03, 1.150000000000000000e+01, 1.907999999999999974e-01
5.000000000000000000e+07, 1.239000000000000030e-04, 7.923999999999999932e-01, 4.954000000000000070e-03, 1.233999999999999986e+01, 2.116999999999999993e-01
6.000000000000000000e+07, 8.602000000000000650e-05, 6.827999999999999625e-01, 4.100000000000000346e-03, 1.299000000000000021e+01, 2.281999999999999862e-01
8.000000000000000000e+07, 4.839000000000000256e-05, 5.384999999999999787e-01, 3.049000000000000061e-03, 1.394999999999999929e+01, 2.530999999999999917e-01
1.000000000000000000e+08, 3.097000000000000333e-05, 4.469000000000000195e-01, 2.426999999999999904e-03, 1.463000000000000078e+01, 2.711999999999999966e-01
1.500000000000000000e+08, 1.376000000000000039e-05, 3.183000000000000274e-01, 1.606999999999999922e-03, 1.571000000000000085e+01, 3.010999999999999788e-01
2.000000000000000000e+08, 7.740999999999999238e-06, 2.494999999999999996e-01, 1.201000000000000028e-03, 1.635999999999999943e+01, 3.199000000000000177e-01
3.000000000000000000e+08, 3.441000000000000174e-06, 1.769000000000000017e-01, 7.977000000000000366e-04, 1.712000000000000099e+01, 3.427999999999999936e-01
4.000000000000000000e+08, 1.935000000000000108e-06, 1.385000000000000120e-01, 5.971999999999999878e-04, 1.755000000000000071e+01, 3.565999999999999726e-01
5.000000000000000000e+08, 1.238999999999999911e-06, 1.146999999999999964e-01, 4.773000000000000007e-04, 1.783999999999999986e+01, 3.659999999999999920e-01
6.000000000000000000e+08, 8.602000000000000396e-07, 9.818000000000000338e-02, 3.974000000000000102e-04, 1.803999999999999915e+01, 3.729000000000000092e-01
8.000000000000000000e+08, 4.838000000000000308e-07, 7.667999999999999816e-02, 2.977999999999999745e-04, 1.830999999999999872e+01, 3.824000000000000177e-01
1.000000000000000000e+09, 3.096999999999999740e-07, 6.307999999999999718e-02, 2.380999999999999870e-04, 1.848999999999999844e+01, 3.886999999999999900e-01
1.500000000000000000e+09, 1.375999999999999881e-07, 4.406000000000000194e-02, 1.586000000000000062e-04, 1.875000000000000000e+01, 3.980000000000000204e-01
2.000000000000000000e+09, 7.741000000000000297e-08, 3.409999999999999837e-02, 1.189000000000000034e-04, 1.889000000000000057e+01, 4.032999999999999918e-01
3.000000000000000000e+09, 3.441000000000000174e-08, 2.370999999999999844e-02, 7.925999999999999669e-05, 1.903999999999999915e+01, 4.091000000000000192e-01
4.000000000000000000e+09, 1.935000000000000122e-08, 1.830000000000000029e-02, 5.944000000000000011e-05, 1.912000000000000099e+01, 4.123999999999999888e-01
5.000000000000000000e+09, 1.239000000000000043e-08, 1.495999999999999934e-02, 4.754999999999999705e-05, 1.917000000000000171e+01, 4.144999999999999796e-01
6.000000000000000000e+09, 8.601999999999999867e-09, 1.268999999999999989e-02, 3.961999999999999675e-05, 1.921000000000000085e+01, 4.158999999999999919e-01
8.000000000000000000e+09, 4.838000000000000044e-09, 9.775999999999999968e-03, 2.970999999999999845e-05, 1.925000000000000000e+01, 4.178999999999999937e-01
1.000000000000000000e+10, 3.096999999999999955e-09, 7.981000000000000247e-03, 2.377000000000000112e-05, 1.928000000000000114e+01, 4.190999999999999726e-01
1.500000000000000000e+10, 1.376000000000000005e-09, 5.516000000000000070e-03, 1.584000000000000081e-05, 1.932000000000000028e+01, 4.207000000000000184e-01
2.000000000000000000e+10, 7.741000000000000462e-10, 4.240999999999999978e-03, 1.187999999999999976e-05, 1.933999999999999986e+01, 4.217000000000000193e-01
3.000000000000000000e+10, 3.440999999999999801e-10, 2.925000000000000083e-03, 7.920999999999999209e-06, 1.937000000000000099e+01, 4.225999999999999757e-01
4.000000000000000000e+10, 1.935000000000000039e-10, 2.245000000000000034e-03, 5.941000000000000378e-06, 1.937999999999999901e+01, 4.232000000000000206e-01
5.000000000000000000e+10, 1.239000000000000064e-10, 1.827999999999999981e-03, 4.753000000000000063e-06, 1.939000000000000057e+01, 4.234999999999999876e-01
6.000000000000000000e+10, 8.602000000000000384e-11, 1.546000000000000065e-03, 3.960999999999999854e-06, 1.939000000000000057e+01, 4.238000000000000100e-01
8.000000000000000000e+10, 4.837999999999999863e-11, 1.185000000000000072e-03, 2.969999999999999940e-06, 1.939999999999999858e+01, 4.239999999999999880e-01
1.000000000000000000e+11, 3.096999999999999748e-11, 9.642000000000000180e-04, 2.376000000000000206e-06, 1.939999999999999858e+01, 4.242000000000000215e-01
