1.000000000000000000e+03, 4.012000000000000000e+03, 1.068999999999999950e+00, 1.518000000000000000e+06, 0.000000000000000000e+00, 0.000000000000000000e+00
1.500000000000000000e+03, 3.862000000000000000e+03, 1.983999999999999986e+00, 6.793000000000000000e+05, 0.000000000000000000e+00, 0.000000000000000000e+00
2.000000000000000000e+03, 3.685000000000000000e+03, 2.928999999999999826e+00, 3.681000000000000000e+05, 0.000000000000000000e+00, 0.000000000000000000e+00
3.000000000000000000e+03, 3.307000000000000000e+03, 4.772000000000000242e+00, 6.670000000000000000e+05, 0.000000000000000000e+00, 0.000000000000000000e+00
4.000000000000000000e+03, 2.946000000000000000e+03, 6.511000000000000121e+00, 3.711000000000000000e+05, 0.000000000000000000e+00, 0.000000000000000000e+00
5.000000000000000000e+03, 2.627000000000000000e+03, 8.173999999999999488e+00, 2.152000000000000000e+05, 0.000000000000000000e+00, 0.000000000000000000e+00
6.000000000000000000e+03, 2.351000000000000000e+03, 9.769999999999999574e+00, 1.367000000000000000e+05, 0.000000000000000000e+00, 0.000000000000000000e+00
8.000000000000000000e+03, 1.912000000000000000e+03, 1.267999999999999972e+01, 6.584000000000000000e+04, 0.000000000000000000e+00, 0.000000000000000000e+00
1.000000000000000000e+04, 1.582000000000000000e+03, 1.514000000000000057e+01, 3.704000000000000000e+04, 0.000000000000000000e+00, 0.000000000000000000e+00
1.500000000000000000e+04, 1.040000000000000000e+03, 1.973999999999999844e+01, 5.249000000000000000e+04, 0.000000000000000000e+00, 0.000000000000000000e+00
2.000000000000000000e+04, 7.332000000000000455e+02, 2.307000000000000028e+01, 2.502000000000000000e+04, 0.000000000000000000e+00, 0.000000000000000000e+00
3.000000000000000000e+04, 4.326999999999999886e+02, 2.755999999999999872e+01, 8.541000000000000000e+03, 0.000000000000000000e+00, 0.000000000000000000e+00
4.000000000000000000e+04, 2.878000000000000114e+02, 3.017999999999999972e+01, 3.928000000000000000e+03, 0.000000000000000000e+00, 0.000000000000000000e+00
5.000000000000000000e+04, 2.040999999999999943e+02, 3.167000000000000171e+01, 2.138000000000000000e+03, 0.000000000000000000e+00, 0.000000000000000000e+00
6.000000000000000000e+04, 1.528000000000000114e+02, 3.250000000000000000e+01, 1.296000000000000000e+03, 0.000000000000000000e+00, 0.000000000000000000e+00
8.000000000000000000e+04, 9.601000000000000512e+01, 3.307999999999999829e+01, 5.856000000000000227e+02, 0.000000000000000000e+00, 0.000000000000000000e+00
1.000000000000000000e+05, 6.620000000000000284e+01, 3.296000000000000085e+01, 1.588000000000000000e+03, 0.000000000000000000e+00, 0.000000000000000000e+00
1.500000000000000000e+05, 3.253000000000000114e+01, 3.155000000000000071e+01, 5.441000000000000227e+02, 0.000000000000000000e+00, 0.000000000000000000e+00
2.000000000000000000e+05, 1.939999999999999858e+01, 2.980000000000000071e+01, 2.521999999999999886e+02, 0.000000000000000000e+00, 0.000000000000000000e+00
3.000000000000000000e+05, 9.240999999999999659e+00, 2.667999999999999972e+01, 8.654999999999999716e+01, 0.000000000000000000e+00, 0.000000000000000000e+00
4.000000000000000000e+05, 5.391000000000000014e+00, 2.426000000000000156e+01, 4.164000000000000057e+01, 0.000000000000000000e+00, 0.000000000000000000e+00
5.000000000000000000e+05, 3.524999999999999911e+00, 2.233999999999999986e+01, 2.417000000000000171e+01, 0.000000000000000000e+00, 0.000000000000000000e+00
6.000000000000000000e+05, 2.483000000000000096e+00, 2.078000000000000114e+01, 1.578999999999999915e+01, 0.000000000000000000e+00, 0.000000000000000000e+00
8.000000000000000000e+05, 1.421999999999999931e+00, 1.835999999999999943e+01, 8.356999999999999318e+00, 0.000000000000000000e+00, 0.000000000000000000e+00
1.000000000000000000e+06, 9.194999999999999840e-01, 1.655999999999999872e+01, 5.261000000000000121e+00, 0.000000000000000000e+00, 0.000000000000000000e+00
1.022000000000000000e+06, 8.810999999999999943e-01, 1.639000000000000057e+01, 5.035000000000000142e+00, 0.000000000000000000e+00, 0.000000000000000000e+00
1.250000000000000000e+06, 5.931999999999999496e-01, 1.483999999999999986e+01, 3.395999999999999908e+00, 1.175999999999999962e-01, 0.000000000000000000e+00
1.500000000000000000e+06, 4.138999999999999901e-01, 1.350999999999999979e+01, 2.419999999999999929e+00, 5.571000000000000396e-01, 0.000000000000000000e+00
2.000000000000000000e+06, 2.341000000000000025e-01, 1.155000000000000071e+01, 1.463999999999999968e+00, 1.697999999999999954e+00, 0.000000000000000000e+00
2.044000000000000000e+06, 2.242000000000000104e-01, 1.140000000000000036e+01, 1.411999999999999922e+00, 1.798999999999999932e+00, 0.000000000000000000e+00
3.000000000000000000e+06, 1.044999999999999957e-01, 9.096000000000000085e+00, 7.662999999999999812e-01, 3.771999999999999797e+00, 3.177999999999999835e-03
4.000000000000000000e+06, 5.886999999999999872e-02, 7.591000000000000192e+00, 5.021999999999999797e-01, 5.461999999999999744e+00, 1.294999999999999971e-02
5.000000000000000000e+06, 3.771000000000000046e-02, 6.557999999999999829e+00, 3.683000000000000163e-01, 6.876000000000000334e+00, 2.576000000000000165e-02
6.000000000000000000e+06, 2.620000000000000107e-02, 5.796999999999999709e+00, 2.888000000000000012e-01, 8.093999999999999417e+00, 3.948999999999999733e-02
7.000000000000000000e+06, 1.924999999999999975e-02, 5.211000000000000298e+00, 2.366000000000000048e-01, 9.166999999999999815e+00, 5.315000000000000280e-02
8.000000000000000000e+06, 1.473999999999999963e-02, 4.743000000000000327e+00, 2.000000000000000111e-01, 1.013000000000000078e+01, 6.633999999999999619e-02
9.000000000000000000e+06, 1.165000000000000063e-02, 4.360000000000000320e+00, 1.728999999999999981e-01, 1.100999999999999979e+01, 7.893999999999999628e-02
1.000000000000000000e+07, 9.436999999999999209e-03, 4.040000000000000036e+00, 1.521000000000000130e-01, 1.182000000000000028e+01, 9.088999999999999857e-02
1.100000000000000000e+07, 7.799999999999999642e-03, 3.767999999999999794e+00, 1.356999999999999873e-01, 1.256000000000000050e+01, 1.021999999999999992e-01
1.200000000000000000e+07, 6.555000000000000063e-03, 3.533999999999999808e+00, 1.223999999999999949e-01, 1.325999999999999979e+01, 1.127999999999999975e-01
1.300000000000000000e+07, 5.584999999999999687e-03, 3.329000000000000181e+00, 1.115000000000000019e-01, 1.391000000000000014e+01, 1.228000000000000064e-01
1.400000000000000000e+07, 4.815999999999999968e-03, 3.149999999999999911e+00, 1.023000000000000020e-01, 1.451999999999999957e+01, 1.323000000000000009e-01
1.500000000000000000e+07, 4.194999999999999944e-03, 2.991000000000000103e+00, 9.450999999999999679e-02, 1.508000000000000007e+01, 1.411999999999999922e-01
1.600000000000000000e+07, 3.687000000000000173e-03, 2.847999999999999865e+00, 8.780000000000000304e-02, 1.560999999999999943e+01, 1.496999999999999997e-01
1.800000000000000000e+07, 2.913999999999999924e-03, 2.603000000000000203e+00, 7.685999999999999777e-02, 1.657000000000000028e+01, 1.655000000000000082e-01
2.000000000000000000e+07, 2.360000000000000119e-03, 2.399999999999999911e+00, 6.833000000000000185e-02, 1.742000000000000171e+01, 1.796999999999999986e-01
2.200000000000000000e+07, 1.949999999999999910e-03, 2.229999999999999982e+00, 6.147999999999999993e-02, 1.819000000000000128e+01, 1.927000000000000102e-01
2.400000000000000000e+07, 1.639000000000000049e-03, 2.083000000000000185e+00, 5.587999999999999912e-02, 1.889000000000000057e+01, 2.046000000000000041e-01
2.600000000000000000e+07, 1.396000000000000105e-03, 1.955999999999999961e+00, 5.120000000000000245e-02, 1.953999999999999915e+01, 2.156000000000000139e-01
2.800000000000000000e+07, 1.203999999999999992e-03, 1.846000000000000085e+00, 4.723999999999999727e-02, 2.012000000000000099e+01, 2.258000000000000007e-01
3.000000000000000000e+07, 1.049000000000000019e-03, 1.747999999999999998e+00, 4.385000000000000009e-02, 2.067000000000000171e+01, 2.351999999999999924e-01
4.000000000000000000e+07, 5.900999999999999778e-04, 1.389000000000000012e+00, 3.225999999999999701e-02, 2.289000000000000057e+01, 2.738999999999999768e-01
5.000000000000000000e+07, 3.776000000000000168e-04, 1.159000000000000030e+00, 2.549999999999999836e-02, 2.453000000000000114e+01, 3.029999999999999916e-01
6.000000000000000000e+07, 2.621999999999999765e-04, 9.988000000000000211e-01, 2.108000000000000151e-02, 2.580999999999999872e+01, 3.259000000000000230e-01
8.000000000000000000e+07, 1.475000000000000074e-04, 7.876999999999999558e-01, 1.565000000000000072e-02, 2.767999999999999972e+01, 3.600999999999999757e-01
1.000000000000000000e+08, 9.440999999999999902e-05, 6.538000000000000478e-01, 1.244999999999999926e-02, 2.901000000000000156e+01, 3.846999999999999864e-01
1.500000000000000000e+08, 4.195999999999999806e-05, 4.656000000000000139e-01, 8.231000000000000469e-03, 3.108999999999999986e+01, 4.248000000000000109e-01
2.000000000000000000e+08, 2.360000000000000105e-05, 3.650999999999999801e-01, 6.147999999999999819e-03, 3.232999999999999829e+01, 4.496999999999999886e-01
3.000000000000000000e+08, 1.048999999999999951e-05, 2.587999999999999745e-01, 4.081999999999999691e-03, 3.377000000000000313e+01, 4.796000000000000263e-01
4.000000000000000000e+08, 5.900000000000000262e-06, 2.026999999999999913e-01, 3.054999999999999990e-03, 3.459000000000000341e+01, 4.974000000000000088e-01
5.000000000000000000e+08, 3.775999999999999931e-06, 1.678000000000000047e-01, 2.441000000000000027e-03, 3.511999999999999744e+01, 5.093999999999999639e-01
6.000000000000000000e+08, 2.622000000000000053e-06, 1.436000000000000054e-01, 2.031999999999999952e-03, 3.550999999999999801e+01, 5.181000000000000050e-01
8.000000000000000000e+08, 1.475000000000000066e-06, 1.121999999999999942e-01, 1.523000000000000048e-03, 3.602000000000000313e+01, 5.301000000000000156e-01
1.000000000000000000e+09, 9.440999999999999902e-07, 9.228999999999999704e-02, 1.216999999999999983e-03, 3.635000000000000142e+01, 5.380000000000000338e-01
1.500000000000000000e+09, 4.196000000000000251e-07, 6.444999999999999341e-02, 8.109000000000000322e-04, 3.682000000000000028e+01, 5.496999999999999664e-01
2.000000000000000000e+09, 2.359999999999999957e-07, 4.988000000000000073e-02, 6.080000000000000335e-04, 3.707999999999999829e+01, 5.563000000000000167e-01
3.000000000000000000e+09, 1.049000000000000063e-07, 3.468000000000000249e-02, 4.050999999999999805e-04, 3.735999999999999943e+01, 5.634000000000000119e-01
4.000000000000000000e+09, 5.899999999999999892e-08, 2.676999999999999866e-02, 3.038000000000000119e-04, 3.750999999999999801e+01, 5.675999999999999934e-01
5.000000000000000000e+09, 3.776000000000000195e-08, 2.188999999999999974e-02, 2.429999999999999977e-04, 3.760999999999999943e+01, 5.701000000000000512e-01
6.000000000000000000e+09, 2.621999999999999921e-08, 1.856000000000000011e-02, 2.024999999999999890e-04, 3.767999999999999972e+01, 5.718999999999999639e-01
8.000000000000000000e+09, 1.474999999999999973e-08, 1.430000000000000021e-02, 1.518000000000000035e-04, 3.775999999999999801e+01, 5.743000000000000327e-01
1.000000000000000000e+10, 9.440999999999999968e-09, 1.167999999999999941e-02, 1.214999999999999988e-04, 3.782000000000000028e+01, 5.757999999999999785e-01
1.500000000000000000e+10, 4.195999999999999986e-09, 8.070000000000000784e-03, 8.097000000000000573e-05, 3.789000000000000057e+01, 5.777999999999999803e-01
2.000000000000000000e+10, 2.360000000000000122e-09, 6.204000000000000313e-03, 6.073000000000000300e-05, 3.792999999999999972e+01, 5.789999999999999591e-01
3.000000000000000000e+10, 1.048999999999999996e-09, 4.278999999999999818e-03, 4.047999999999999868e-05, 3.796999999999999886e+01, 5.800999999999999490e-01
4.000000000000000000e+10, 5.900000000000000305e-10, 3.285000000000000159e-03, 3.036000000000000070e-05, 3.800000000000000000e+01, 5.807999999999999829e-01
5.000000000000000000e+10, 3.776000000000000195e-10, 2.674999999999999861e-03, 2.428999999999999953e-05, 3.800999999999999801e+01, 5.812000000000000499e-01
6.000000000000000000e+10, 2.621999999999999838e-10, 2.260999999999999989e-03, 2.023999999999999934e-05, 3.802000000000000313e+01, 5.815000000000000169e-01
8.000000000000000000e+10, 1.475000000000000076e-10, 1.734000000000000081e-03, 1.518000000000000035e-05, 3.803000000000000114e+01, 5.817999999999999838e-01
1.000000000000000000e+11, 9.441000000000000020e-11, 1.410999999999999928e-03, 1.214000000000000066e-05, 3.803999999999999915e+01, 5.819999999999999618e-01
