1.000000000000000000e+03, 1.221000000000000000e+03, 9.719999999999999751e-01, 9.584000000000000000e+05, 0.000000000000000000e+00, 0.000000000000000000e+00
1.500000000000000000e+03, 1.154000000000000000e+03, 1.745000000000000107e+00, 3.749000000000000000e+05, 0.000000000000000000e+00, 0.000000000000000000e+00
2.000000000000000000e+03, 1.081000000000000000e+03, 2.512000000000000011e+00, 1.868000000000000000e+05, 0.000000000000000000e+00, 0.000000000000000000e+00
3.000000000000000000e+03, 9.355000000000000000e+02, 3.960999999999999854e+00, 3.285000000000000000e+05, 0.000000000000000000e+00, 0.000000000000000000e+00
4.000000000000000000e+03, 8.070000000000000000e+02, 5.275000000000000355e+00, 1.829000000000000000e+05, 0.000000000000000000e+00, 0.000000000000000000e+00
5.000000000000000000e+03, 7.002999999999999545e+02, 6.475999999999999979e+00, 1.028000000000000000e+05, 0.000000000000000000e+00, 0.000000000000000000e+00
6.000000000000000000e+03, 6.137000000000000455e+02, 7.583999999999999631e+00, 6.368000000000000000e+04, 0.000000000000000000e+00, 0.000000000000000000e+00
8.000000000000000000e+03, 4.863999999999999773e+02, 9.516000000000000014e+00, 2.946000000000000000e+04, 0.000000000000000000e+00, 0.000000000000000000e+00
1.000000000000000000e+04, 3.978999999999999773e+02, 1.107000000000000028e+01, 1.604000000000000000e+04, 0.000000000000000000e+00, 0.000000000000000000e+00
1.500000000000000000e+04, 2.573000000000000114e+02, 1.383999999999999986e+01, 5.217000000000000000e+03, 0.000000000000000000e+00, 0.000000000000000000e+00
2.000000000000000000e+04, 1.766999999999999886e+02, 1.571000000000000085e+01, 2.324000000000000000e+03, 0.000000000000000000e+00, 0.000000000000000000e+00
3.000000000000000000e+04, 9.948999999999999488e+01, 1.796999999999999886e+01, 5.152000000000000000e+03, 0.000000000000000000e+00, 0.000000000000000000e+00
4.000000000000000000e+04, 6.492000000000000171e+01, 1.912999999999999901e+01, 2.352000000000000000e+03, 0.000000000000000000e+00, 0.000000000000000000e+00
5.000000000000000000e+04, 4.559000000000000341e+01, 1.971000000000000085e+01, 1.264000000000000000e+03, 0.000000000000000000e+00, 0.000000000000000000e+00
6.000000000000000000e+04, 3.364000000000000057e+01, 1.996000000000000085e+01, 7.557000000000000455e+02, 0.000000000000000000e+00, 0.000000000000000000e+00
8.000000000000000000e+04, 2.051999999999999957e+01, 1.992000000000000171e+01, 3.313000000000000114e+02, 0.000000000000000000e+00, 0.000000000000000000e+00
1.000000000000000000e+05, 1.389000000000000057e+01, 1.957000000000000028e+01, 1.733000000000000114e+02, 0.000000000000000000e+00, 0.000000000000000000e+00
1.500000000000000000e+05, 6.729000000000000092e+00, 1.833999999999999986e+01, 5.292000000000000171e+01, 0.000000000000000000e+00, 0.000000000000000000e+00
2.000000000000000000e+05, 3.951999999999999957e+00, 1.714000000000000057e+01, 2.285000000000000142e+01, 0.000000000000000000e+00, 0.000000000000000000e+00
3.000000000000000000e+05, 1.830000000000000071e+00, 1.517999999999999972e+01, 7.166000000000000369e+00, 0.000000000000000000e+00, 0.000000000000000000e+00
4.000000000000000000e+05, 1.050999999999999934e+00, 1.372000000000000064e+01, 3.258000000000000007e+00, 0.000000000000000000e+00, 0.000000000000000000e+00
5.000000000000000000e+05, 6.802000000000000268e-01, 1.258999999999999986e+01, 1.820999999999999952e+00, 0.000000000000000000e+00, 0.000000000000000000e+00
6.000000000000000000e+05, 4.758000000000000007e-01, 1.167999999999999972e+01, 1.159000000000000030e+00, 0.000000000000000000e+00, 0.000000000000000000e+00
8.000000000000000000e+05, 2.697999999999999843e-01, 1.028999999999999915e+01, 5.967999999999999972e-01, 0.000000000000000000e+00, 0.000000000000000000e+00
1.000000000000000000e+06, 1.733999999999999986e-01, 9.266000000000000014e+00, 3.721999999999999753e-01, 0.000000000000000000e+00, 0.000000000000000000e+00
1.022000000000000000e+06, 1.660999999999999976e-01, 9.167999999999999261e+00, 3.541000000000000258e-01, 0.000000000000000000e+00, 0.000000000000000000e+00
1.250000000000000000e+06, 1.112999999999999962e-01, 8.294000000000000483e+00, 2.389000000000000012e-01, 2.411999999999999908e-02, 0.000000000000000000e+00
1.500000000000000000e+06, 7.739999999999999658e-02, 7.543000000000000149e+00, 1.713999999999999968e-01, 1.137999999999999984e-01, 0.000000000000000000e+00
2.000000000000000000e+06, 4.361000000000000293e-02, 6.440999999999999837e+00, 1.045999999999999985e-01, 4.002000000000000002e-01, 0.000000000000000000e+00
2.044000000000000000e+06, 4.175999999999999851e-02, 6.362000000000000099e+00, 1.010000000000000064e-01, 4.284999999999999920e-01, 0.000000000000000000e+00
3.000000000000000000e+06, 1.940000000000000058e-02, 5.070999999999999730e+00, 5.584000000000000075e-02, 1.048999999999999932e+00, 1.773999999999999969e-03
4.000000000000000000e+06, 1.091999999999999915e-02, 4.230999999999999872e+00, 3.715999999999999859e-02, 1.633000000000000007e+00, 7.237999999999999642e-03
5.000000000000000000e+06, 6.989999999999999686e-03, 3.653999999999999915e+00, 2.757000000000000076e-02, 2.141000000000000014e+00, 1.440999999999999920e-02
6.000000000000000000e+06, 4.854999999999999941e-03, 3.229999999999999982e+00, 2.181999999999999912e-02, 2.580999999999999961e+00, 2.211000000000000118e-02
7.000000000000000000e+06, 3.566999999999999858e-03, 2.903000000000000025e+00, 1.799999999999999864e-02, 2.975000000000000089e+00, 2.978000000000000091e-02
8.000000000000000000e+06, 2.730999999999999921e-03, 2.641999999999999904e+00, 1.529999999999999936e-02, 3.329000000000000181e+00, 3.721000000000000002e-02
9.000000000000000000e+06, 2.158000000000000196e-03, 2.428999999999999826e+00, 1.328999999999999973e-02, 3.649999999999999911e+00, 4.431999999999999829e-02
1.000000000000000000e+07, 1.747999999999999988e-03, 2.250999999999999890e+00, 1.174000000000000044e-02, 3.944999999999999840e+00, 5.108000000000000040e-02
1.100000000000000000e+07, 1.445000000000000104e-03, 2.099000000000000199e+00, 1.051000000000000024e-02, 4.214999999999999858e+00, 5.747000000000000025e-02
1.200000000000000000e+07, 1.214000000000000018e-03, 1.969000000000000083e+00, 9.509000000000000091e-03, 4.464000000000000412e+00, 6.350000000000000089e-02
1.300000000000000000e+07, 1.033999999999999980e-03, 1.854999999999999982e+00, 8.680999999999999481e-03, 4.692999999999999616e+00, 6.918000000000000538e-02
1.400000000000000000e+07, 8.917999999999999929e-04, 1.754999999999999893e+00, 7.983999999999999778e-03, 4.903999999999999915e+00, 7.459000000000000352e-02
1.500000000000000000e+07, 7.768999999999999647e-04, 1.665999999999999925e+00, 7.389999999999999868e-03, 5.099999999999999645e+00, 7.971000000000000307e-02
1.600000000000000000e+07, 6.828000000000000085e-04, 1.586000000000000076e+00, 6.877000000000000300e-03, 5.283000000000000362e+00, 8.457000000000000628e-02
1.800000000000000000e+07, 5.395000000000000490e-04, 1.449999999999999956e+00, 6.037999999999999964e-03, 5.618999999999999773e+00, 9.357999999999999652e-02
2.000000000000000000e+07, 4.369999999999999970e-04, 1.336999999999999966e+00, 5.380000000000000233e-03, 5.918999999999999595e+00, 1.018000000000000016e-01
2.200000000000000000e+07, 3.611999999999999976e-04, 1.241999999999999993e+00, 4.851000000000000277e-03, 6.192000000000000171e+00, 1.092999999999999944e-01
2.400000000000000000e+07, 3.035000000000000046e-04, 1.161000000000000032e+00, 4.415999999999999787e-03, 6.440000000000000391e+00, 1.161999999999999977e-01
2.600000000000000000e+07, 2.585999999999999974e-04, 1.090000000000000080e+00, 4.053000000000000179e-03, 6.666999999999999815e+00, 1.226000000000000006e-01
2.800000000000000000e+07, 2.229999999999999994e-04, 1.028000000000000025e+00, 3.745000000000000065e-03, 6.873999999999999666e+00, 1.285000000000000031e-01
3.000000000000000000e+07, 1.942000000000000041e-04, 9.734000000000000430e-01, 3.480000000000000020e-03, 7.065000000000000391e+00, 1.340000000000000080e-01
4.000000000000000000e+07, 1.093000000000000005e-04, 7.734999999999999654e-01, 2.569999999999999802e-03, 7.839999999999999858e+00, 1.567999999999999949e-01
5.000000000000000000e+07, 6.991999999999999463e-05, 6.457000000000000517e-01, 2.037000000000000182e-03, 8.413999999999999702e+00, 1.741000000000000048e-01
6.000000000000000000e+07, 4.856000000000000263e-05, 5.563000000000000167e-01, 1.685999999999999999e-03, 8.862000000000000099e+00, 1.877999999999999947e-01
8.000000000000000000e+07, 2.731000000000000110e-05, 4.386999999999999789e-01, 1.255000000000000039e-03, 9.522000000000000242e+00, 2.084999999999999909e-01
1.000000000000000000e+08, 1.747999999999999866e-05, 3.642000000000000237e-01, 9.990999999999999447e-04, 9.992000000000000881e+00, 2.235999999999999932e-01
1.500000000000000000e+08, 7.768999999999999647e-06, 2.592999999999999750e-01, 6.618000000000000401e-04, 1.074000000000000021e+01, 2.487000000000000044e-01
2.000000000000000000e+08, 4.369999999999999665e-06, 2.033000000000000085e-01, 4.947999999999999924e-04, 1.118999999999999950e+01, 2.644000000000000239e-01
3.000000000000000000e+08, 1.942000000000000211e-06, 1.441000000000000059e-01, 3.288000000000000232e-04, 1.171000000000000085e+01, 2.837000000000000077e-01
4.000000000000000000e+08, 1.092000000000000090e-06, 1.129000000000000004e-01, 2.462000000000000213e-04, 1.200999999999999979e+01, 2.953000000000000069e-01
5.000000000000000000e+08, 6.992000000000000141e-07, 9.342999999999999916e-02, 1.968000000000000131e-04, 1.219999999999999929e+01, 3.033000000000000140e-01
6.000000000000000000e+08, 4.855999999999999543e-07, 8.000000000000000167e-02, 1.638999999999999995e-04, 1.234999999999999964e+01, 3.090999999999999859e-01
8.000000000000000000e+08, 2.730999999999999772e-07, 6.248000000000000081e-02, 1.228000000000000033e-04, 1.252999999999999936e+01, 3.170999999999999930e-01
1.000000000000000000e+09, 1.748000000000000035e-07, 5.140000000000000124e-02, 9.818999999999999332e-05, 1.266000000000000014e+01, 3.225000000000000089e-01
1.500000000000000000e+09, 7.769000000000000283e-08, 3.590000000000000135e-02, 6.541999999999999367e-05, 1.283000000000000007e+01, 3.304000000000000270e-01
2.000000000000000000e+09, 4.370000000000000088e-08, 2.777999999999999914e-02, 4.904999999999999963e-05, 1.292999999999999972e+01, 3.350000000000000200e-01
3.000000000000000000e+09, 1.942000000000000118e-08, 1.932000000000000037e-02, 3.269000000000000042e-05, 1.302999999999999936e+01, 3.398999999999999799e-01
4.000000000000000000e+09, 1.091999999999999951e-08, 1.490999999999999964e-02, 2.451000000000000081e-05, 1.308999999999999986e+01, 3.427999999999999936e-01
5.000000000000000000e+09, 6.991999999999999843e-09, 1.218999999999999945e-02, 1.961000000000000029e-05, 1.311999999999999922e+01, 3.446000000000000174e-01
6.000000000000000000e+09, 4.855999999999999775e-09, 1.034000000000000023e-02, 1.633999999999999941e-05, 1.315000000000000036e+01, 3.457999999999999963e-01
8.000000000000000000e+09, 2.731000000000000185e-09, 7.964999999999999858e-03, 1.224999999999999960e-05, 1.317999999999999972e+01, 3.474999999999999756e-01
1.000000000000000000e+10, 1.747999999999999961e-09, 6.503000000000000100e-03, 9.802000000000000342e-06, 1.319999999999999929e+01, 3.486000000000000210e-01
1.500000000000000000e+10, 7.768999999999999745e-10, 4.493999999999999731e-03, 6.533999999999999613e-06, 1.323000000000000043e+01, 3.499999999999999778e-01
2.000000000000000000e+10, 4.369999999999999902e-10, 3.455000000000000172e-03, 4.901000000000000171e-06, 1.324000000000000021e+01, 3.508000000000000007e-01
3.000000000000000000e+10, 1.942000000000000118e-10, 2.383000000000000135e-03, 3.266999999999999807e-06, 1.325999999999999979e+01, 3.516000000000000236e-01
4.000000000000000000e+10, 1.091999999999999951e-10, 1.828999999999999897e-03, 2.449999999999999836e-06, 1.326999999999999957e+01, 3.521000000000000241e-01
5.000000000000000000e+10, 6.992000000000000257e-11, 1.490000000000000005e-03, 1.959999999999999869e-06, 1.326999999999999957e+01, 3.523999999999999910e-01
6.000000000000000000e+10, 4.855999999999999826e-11, 1.258999999999999920e-03, 1.633000000000000078e-06, 1.327999999999999936e+01, 3.526000000000000245e-01
8.000000000000000000e+10, 2.731000000000000056e-11, 9.656000000000000520e-04, 1.224999999999999918e-06, 1.327999999999999936e+01, 3.528000000000000025e-01
1.000000000000000000e+11, 1.748000000000000064e-11, 7.856000000000000136e-04, 9.800999999999999420e-07, 1.327999999999999936e+01, 3.529999999999999805e-01
