1.000000000000000000e+03, 5.363000000000000000e+03, 1.788999999999999924e+00, 2.614000000000000000e+06, 0.000000000000000000e+00, 0.000000000000000000e+00
1.500000000000000000e+03, 5.118000000000000000e+03, 2.946000000000000174e+00, 1.331000000000000000e+06, 0.000000000000000000e+00, 0.000000000000000000e+00
2.000000000000000000e+03, 4.860000000000000000e+03, 4.088000000000000078e+00, 7.323000000000000000e+05, 0.000000000000000000e+00, 0.000000000000000000e+00
3.000000000000000000e+03, 4.355000000000000000e+03, 6.304999999999999716e+00, 2.997000000000000000e+05, 0.000000000000000000e+00, 0.000000000000000000e+00
4.000000000000000000e+03, 3.895000000000000000e+03, 8.362999999999999545e+00, 5.213000000000000000e+05, 0.000000000000000000e+00, 0.000000000000000000e+00
5.000000000000000000e+03, 3.494000000000000000e+03, 1.023000000000000043e+01, 3.479000000000000000e+05, 0.000000000000000000e+00, 0.000000000000000000e+00
6.000000000000000000e+03, 3.150000000000000000e+03, 1.189000000000000057e+01, 2.452000000000000000e+05, 0.000000000000000000e+00, 0.000000000000000000e+00
8.000000000000000000e+03, 2.596000000000000000e+03, 1.481000000000000050e+01, 1.202000000000000000e+05, 0.000000000000000000e+00, 0.000000000000000000e+00
1.000000000000000000e+04, 2.173000000000000000e+03, 1.737999999999999901e+01, 6.860000000000000000e+04, 0.000000000000000000e+00, 0.000000000000000000e+00
1.500000000000000000e+04, 1.476000000000000000e+03, 2.255000000000000071e+01, 2.430000000000000000e+04, 0.000000000000000000e+00, 0.000000000000000000e+00
2.000000000000000000e+04, 1.063000000000000000e+03, 2.619000000000000128e+01, 2.700000000000000000e+04, 0.000000000000000000e+00, 0.000000000000000000e+00
3.000000000000000000e+04, 6.263999999999999773e+02, 3.096000000000000085e+01, 1.566000000000000000e+04, 0.000000000000000000e+00, 0.000000000000000000e+00
4.000000000000000000e+04, 4.211000000000000227e+02, 3.389999999999999858e+01, 7.383000000000000000e+03, 0.000000000000000000e+00, 0.000000000000000000e+00
5.000000000000000000e+04, 3.036000000000000227e+02, 3.571000000000000085e+01, 4.092000000000000000e+03, 0.000000000000000000e+00, 0.000000000000000000e+00
6.000000000000000000e+04, 2.285000000000000000e+02, 3.678000000000000114e+01, 2.515000000000000000e+03, 0.000000000000000000e+00, 0.000000000000000000e+00
8.000000000000000000e+04, 1.435000000000000000e+02, 3.761999999999999744e+01, 1.161000000000000000e+03, 0.000000000000000000e+00, 0.000000000000000000e+00
1.000000000000000000e+05, 9.956999999999999318e+01, 3.759000000000000341e+01, 6.353999999999999773e+02, 0.000000000000000000e+00, 0.000000000000000000e+00
1.500000000000000000e+05, 4.978999999999999915e+01, 3.620000000000000284e+01, 9.381000000000000227e+02, 0.000000000000000000e+00, 0.000000000000000000e+00
2.000000000000000000e+05, 2.982000000000000028e+01, 3.432000000000000028e+01, 4.488999999999999773e+02, 0.000000000000000000e+00, 0.000000000000000000e+00
3.000000000000000000e+05, 1.431000000000000050e+01, 3.085000000000000142e+01, 1.600999999999999943e+02, 0.000000000000000000e+00, 0.000000000000000000e+00
4.000000000000000000e+05, 8.422000000000000597e+00, 2.808999999999999986e+01, 7.898999999999999488e+01, 0.000000000000000000e+00, 0.000000000000000000e+00
5.000000000000000000e+05, 5.541999999999999815e+00, 2.589999999999999858e+01, 4.667000000000000171e+01, 0.000000000000000000e+00, 0.000000000000000000e+00
6.000000000000000000e+05, 3.920999999999999819e+00, 2.410999999999999943e+01, 3.085999999999999943e+01, 0.000000000000000000e+00, 0.000000000000000000e+00
8.000000000000000000e+05, 2.258000000000000007e+00, 2.132999999999999829e+01, 1.657000000000000028e+01, 0.000000000000000000e+00, 0.000000000000000000e+00
1.000000000000000000e+06, 1.465999999999999970e+00, 1.925000000000000000e+01, 1.049000000000000021e+01, 0.000000000000000000e+00, 0.000000000000000000e+00
1.022000000000000000e+06, 1.405000000000000027e+00, 1.905000000000000071e+01, 1.005000000000000071e+01, 0.000000000000000000e+00, 0.000000000000000000e+00
1.250000000000000000e+06, 9.486999999999999877e-01, 1.726000000000000156e+01, 6.791999999999999815e+00, 1.761000000000000065e-01, 0.000000000000000000e+00
1.500000000000000000e+06, 6.634999999999999787e-01, 1.572000000000000064e+01, 4.830000000000000071e+00, 8.690999999999999837e-01, 0.000000000000000000e+00
2.000000000000000000e+06, 3.764000000000000123e-01, 1.343999999999999950e+01, 2.916999999999999815e+00, 2.545999999999999819e+00, 0.000000000000000000e+00
2.044000000000000000e+06, 3.605999999999999761e-01, 1.326999999999999957e+01, 2.811999999999999833e+00, 2.688000000000000167e+00, 0.000000000000000000e+00
3.000000000000000000e+06, 1.685000000000000109e-01, 1.058999999999999986e+01, 1.520000000000000018e+00, 5.293999999999999595e+00, 3.697999999999999898e-03
4.000000000000000000e+06, 9.504999999999999560e-02, 8.837999999999999190e+00, 9.918000000000000149e-01, 7.418999999999999595e+00, 1.507000000000000006e-02
5.000000000000000000e+06, 6.092000000000000193e-02, 7.634999999999999787e+00, 7.250999999999999668e-01, 9.191000000000000725e+00, 2.996000000000000052e-02
6.000000000000000000e+06, 4.234000000000000263e-02, 6.750000000000000000e+00, 5.671000000000000485e-01, 1.071000000000000085e+01, 4.590000000000000330e-02
7.000000000000000000e+06, 3.111999999999999836e-02, 6.067999999999999616e+00, 4.637000000000000011e-01, 1.206000000000000050e+01, 6.174999999999999933e-02
8.000000000000000000e+06, 2.383000000000000049e-02, 5.522999999999999687e+00, 3.911000000000000032e-01, 1.326999999999999957e+01, 7.704999999999999349e-02
9.000000000000000000e+06, 1.883999999999999911e-02, 5.076999999999999957e+00, 3.377000000000000002e-01, 1.439000000000000057e+01, 9.166000000000000536e-02
1.000000000000000000e+07, 1.525999999999999926e-02, 4.705000000000000071e+00, 2.968000000000000083e-01, 1.541000000000000014e+01, 1.054999999999999966e-01
1.100000000000000000e+07, 1.260999999999999968e-02, 4.387999999999999901e+00, 2.645000000000000129e-01, 1.637000000000000099e+01, 1.185999999999999971e-01
1.200000000000000000e+07, 1.060000000000000005e-02, 4.115999999999999659e+00, 2.384000000000000008e-01, 1.725000000000000000e+01, 1.307999999999999996e-01
1.300000000000000000e+07, 9.032999999999999363e-03, 3.876999999999999780e+00, 2.169000000000000095e-01, 1.807999999999999829e+01, 1.423999999999999988e-01
1.400000000000000000e+07, 7.788999999999999917e-03, 3.668000000000000149e+00, 1.988999999999999935e-01, 1.885999999999999943e+01, 1.532999999999999918e-01
1.500000000000000000e+07, 6.785000000000000232e-03, 3.482000000000000206e+00, 1.837000000000000022e-01, 1.958999999999999986e+01, 1.637000000000000122e-01
1.600000000000000000e+07, 5.963999999999999684e-03, 3.315999999999999837e+00, 1.705000000000000127e-01, 2.026999999999999957e+01, 1.734999999999999876e-01
1.800000000000000000e+07, 4.713000000000000175e-03, 3.031000000000000139e+00, 1.491000000000000103e-01, 2.150000000000000000e+01, 1.915999999999999925e-01
2.000000000000000000e+07, 3.817000000000000080e-03, 2.794999999999999929e+00, 1.325000000000000067e-01, 2.260000000000000142e+01, 2.081000000000000072e-01
2.200000000000000000e+07, 3.154999999999999818e-03, 2.596000000000000085e+00, 1.190999999999999975e-01, 2.360000000000000142e+01, 2.230000000000000038e-01
2.400000000000000000e+07, 2.651000000000000145e-03, 2.426000000000000156e+00, 1.082000000000000045e-01, 2.451000000000000156e+01, 2.366999999999999937e-01
2.600000000000000000e+07, 2.259000000000000157e-03, 2.278000000000000025e+00, 9.911000000000000365e-02, 2.535000000000000142e+01, 2.492999999999999938e-01
2.800000000000000000e+07, 1.948000000000000079e-03, 2.149000000000000021e+00, 9.141000000000000514e-02, 2.610999999999999943e+01, 2.610000000000000098e-01
3.000000000000000000e+07, 1.696999999999999941e-03, 2.035000000000000142e+00, 8.482000000000000650e-02, 2.682000000000000028e+01, 2.717999999999999861e-01
4.000000000000000000e+07, 9.545000000000000533e-04, 1.616999999999999993e+00, 6.230999999999999733e-02, 2.969000000000000128e+01, 3.161999999999999811e-01
5.000000000000000000e+07, 6.109000000000000498e-04, 1.350000000000000089e+00, 4.921999999999999986e-02, 3.182000000000000028e+01, 3.494999999999999774e-01
6.000000000000000000e+07, 4.242000000000000111e-04, 1.163000000000000034e+00, 4.066999999999999782e-02, 3.347999999999999687e+01, 3.756999999999999784e-01
8.000000000000000000e+07, 2.385999999999999992e-04, 9.173999999999999932e-01, 3.017999999999999849e-02, 3.590999999999999659e+01, 4.148000000000000020e-01
1.000000000000000000e+08, 1.526999999999999983e-04, 7.613999999999999657e-01, 2.399000000000000091e-02, 3.763000000000000256e+01, 4.429000000000000159e-01
1.500000000000000000e+08, 6.787999999999999384e-05, 5.422000000000000153e-01, 1.584999999999999951e-02, 4.034000000000000341e+01, 4.889000000000000012e-01
2.000000000000000000e+08, 3.817999999999999698e-05, 4.250999999999999779e-01, 1.183999999999999983e-02, 4.195000000000000284e+01, 5.174999999999999600e-01
3.000000000000000000e+08, 1.696999999999999846e-05, 3.013000000000000123e-01, 7.856999999999999401e-03, 4.382999999999999829e+01, 5.520000000000000462e-01
4.000000000000000000e+08, 9.544999999999999245e-06, 2.359999999999999876e-01, 5.879999999999999810e-03, 4.490999999999999659e+01, 5.725999999999999979e-01
5.000000000000000000e+08, 6.109000000000000294e-06, 1.953999999999999904e-01, 4.696999999999999786e-03, 4.561999999999999744e+01, 5.866999999999999993e-01
6.000000000000000000e+08, 4.242000000000000212e-06, 1.673000000000000043e-01, 3.911000000000000414e-03, 4.611999999999999744e+01, 5.968999999999999861e-01
8.000000000000000000e+08, 2.386000000000000110e-06, 1.305999999999999939e-01, 2.929999999999999879e-03, 4.678999999999999915e+01, 6.109999999999999876e-01
1.000000000000000000e+09, 1.526999999999999949e-06, 1.074999999999999983e-01, 2.341999999999999898e-03, 4.722999999999999687e+01, 6.203999999999999515e-01
1.500000000000000000e+09, 6.787999999999999638e-07, 7.506000000000000172e-02, 1.559999999999999972e-03, 4.785999999999999943e+01, 6.343999999999999639e-01
2.000000000000000000e+09, 3.817999999999999910e-07, 5.809000000000000274e-02, 1.170000000000000033e-03, 4.820000000000000284e+01, 6.422999999999999821e-01
3.000000000000000000e+09, 1.696999999999999909e-07, 4.039000000000000229e-02, 7.793999999999999713e-04, 4.857000000000000028e+01, 6.509000000000000341e-01
4.000000000000000000e+09, 9.544999999999999775e-08, 3.117999999999999938e-02, 5.844999999999999502e-04, 4.878000000000000114e+01, 6.561000000000000165e-01
5.000000000000000000e+09, 6.108999999999999977e-08, 2.548999999999999877e-02, 4.674999999999999794e-04, 4.889999999999999858e+01, 6.592000000000000082e-01
6.000000000000000000e+09, 4.241999999999999868e-08, 2.162000000000000033e-02, 3.894999999999999808e-04, 4.899000000000000199e+01, 6.613999999999999879e-01
8.000000000000000000e+09, 2.385999999999999991e-08, 1.665000000000000160e-02, 2.920999999999999985e-04, 4.910999999999999943e+01, 6.643000000000000016e-01
1.000000000000000000e+10, 1.527000000000000042e-08, 1.359999999999999924e-02, 2.336999999999999885e-04, 4.917999999999999972e+01, 6.662000000000000144e-01
1.500000000000000000e+10, 6.788000000000000134e-09, 9.397000000000000838e-03, 1.557999999999999923e-04, 4.928000000000000114e+01, 6.685999999999999721e-01
2.000000000000000000e+10, 3.817999999999999844e-09, 7.224999999999999652e-03, 1.168000000000000066e-04, 4.932999999999999829e+01, 6.701000000000000290e-01
3.000000000000000000e+10, 1.697000000000000034e-09, 4.982999999999999582e-03, 7.788000000000000651e-05, 4.939000000000000057e+01, 6.714999999999999858e-01
4.000000000000000000e+10, 9.544999999999999609e-10, 3.824999999999999841e-03, 5.840999999999999811e-05, 4.942000000000000171e+01, 6.723999999999999977e-01
5.000000000000000000e+10, 6.109000000000000307e-10, 3.115000000000000147e-03, 4.673000000000000152e-05, 4.943999999999999773e+01, 6.730000000000000426e-01
6.000000000000000000e+10, 4.241999999999999930e-10, 2.632999999999999924e-03, 3.894000000000000326e-05, 4.945000000000000284e+01, 6.733000000000000096e-01
8.000000000000000000e+10, 2.385999999999999826e-10, 2.018999999999999961e-03, 2.920000000000000164e-05, 4.946999999999999886e+01, 6.736999999999999655e-01
1.000000000000000000e+11, 1.527000000000000000e-10, 1.642999999999999929e-03, 2.335999999999999996e-05, 4.947999999999999687e+01, 6.740000000000000435e-01
