1.000000000000000000e+03, 1.461000000000000000e+03, 1.004000000000000004e+00, 1.371000000000000000e+06, 0.000000000000000000e+00, 0.000000000000000000e+00
1.500000000000000000e+03, 1.388000000000000000e+03, 1.808000000000000052e+00, 5.457000000000000000e+05, 0.000000000000000000e+00, 0.000000000000000000e+00
2.000000000000000000e+03, 1.306000000000000000e+03, 2.584999999999999964e+00, 2.737000000000000000e+05, 0.000000000000000000e+00, 0.000000000000000000e+00
3.000000000000000000e+03, 1.140000000000000000e+03, 4.043999999999999595e+00, 9.990000000000000000e+04, 0.000000000000000000e+00, 0.000000000000000000e+00
4.000000000000000000e+03, 9.880000000000000000e+02, 5.394999999999999574e+00, 2.173000000000000000e+05, 0.000000000000000000e+00, 0.000000000000000000e+00
5.000000000000000000e+03, 8.577000000000000455e+02, 6.634999999999999787e+00, 1.426000000000000000e+05, 0.000000000000000000e+00, 0.000000000000000000e+00
6.000000000000000000e+03, 7.493999999999999773e+02, 7.783000000000000362e+00, 8.871000000000000000e+04, 0.000000000000000000e+00, 0.000000000000000000e+00
8.000000000000000000e+03, 5.887999999999999545e+02, 9.849000000000000199e+00, 4.147000000000000000e+04, 0.000000000000000000e+00, 0.000000000000000000e+00
1.000000000000000000e+04, 4.796000000000000227e+02, 1.159999999999999964e+01, 2.273000000000000000e+04, 0.000000000000000000e+00, 0.000000000000000000e+00
1.500000000000000000e+04, 3.148999999999999773e+02, 1.475000000000000000e+01, 7.469000000000000000e+03, 0.000000000000000000e+00, 0.000000000000000000e+00
2.000000000000000000e+04, 2.195000000000000000e+02, 1.678999999999999915e+01, 3.348000000000000000e+03, 0.000000000000000000e+00, 0.000000000000000000e+00
3.000000000000000000e+04, 1.234000000000000057e+02, 1.923999999999999844e+01, 6.885000000000000000e+03, 0.000000000000000000e+00, 0.000000000000000000e+00
4.000000000000000000e+04, 8.059999999999999432e+01, 2.051999999999999957e+01, 3.217000000000000000e+03, 0.000000000000000000e+00, 0.000000000000000000e+00
5.000000000000000000e+04, 5.696999999999999886e+01, 2.119000000000000128e+01, 1.747000000000000000e+03, 0.000000000000000000e+00, 0.000000000000000000e+00
6.000000000000000000e+04, 4.225000000000000000e+01, 2.150000000000000000e+01, 1.052000000000000000e+03, 0.000000000000000000e+00, 0.000000000000000000e+00
8.000000000000000000e+04, 2.582000000000000028e+01, 2.153000000000000114e+01, 4.661999999999999886e+02, 0.000000000000000000e+00, 0.000000000000000000e+00
1.000000000000000000e+05, 1.748000000000000043e+01, 2.117999999999999972e+01, 2.458000000000000114e+02, 0.000000000000000000e+00, 0.000000000000000000e+00
1.500000000000000000e+05, 8.483999999999999986e+00, 1.989999999999999858e+01, 7.601999999999999602e+01, 0.000000000000000000e+00, 0.000000000000000000e+00
2.000000000000000000e+05, 4.998999999999999666e+00, 1.862000000000000099e+01, 3.310000000000000142e+01, 0.000000000000000000e+00, 0.000000000000000000e+00
3.000000000000000000e+05, 2.322000000000000064e+00, 1.651999999999999957e+01, 1.048000000000000043e+01, 0.000000000000000000e+00, 0.000000000000000000e+00
4.000000000000000000e+05, 1.334999999999999964e+00, 1.493999999999999950e+01, 4.796000000000000263e+00, 0.000000000000000000e+00, 0.000000000000000000e+00
5.000000000000000000e+05, 8.649999999999999911e-01, 1.371000000000000085e+01, 2.690999999999999837e+00, 0.000000000000000000e+00, 0.000000000000000000e+00
6.000000000000000000e+05, 6.055000000000000382e-01, 1.273000000000000043e+01, 1.717999999999999972e+00, 0.000000000000000000e+00, 0.000000000000000000e+00
8.000000000000000000e+05, 3.437000000000000055e-01, 1.122000000000000064e+01, 8.870000000000000107e-01, 0.000000000000000000e+00, 0.000000000000000000e+00
1.000000000000000000e+06, 2.210000000000000020e-01, 1.009999999999999964e+01, 5.534999999999999920e-01, 0.000000000000000000e+00, 0.000000000000000000e+00
1.022000000000000000e+06, 2.116999999999999993e-01, 9.996999999999999886e+00, 5.266999999999999460e-01, 0.000000000000000000e+00, 0.000000000000000000e+00
1.250000000000000000e+06, 1.418999999999999984e-01, 9.044999999999999929e+00, 3.553000000000000047e-01, 3.038000000000000075e-02, 0.000000000000000000e+00
1.500000000000000000e+06, 9.872000000000000219e-02, 8.227000000000000313e+00, 2.545999999999999930e-01, 1.418000000000000094e-01, 0.000000000000000000e+00
2.000000000000000000e+06, 5.564000000000000196e-02, 7.025999999999999801e+00, 1.552000000000000046e-01, 4.894000000000000017e-01, 0.000000000000000000e+00
2.044000000000000000e+06, 5.326999999999999791e-02, 6.940000000000000391e+00, 1.497999999999999887e-01, 5.235999999999999543e-01, 0.000000000000000000e+00
3.000000000000000000e+06, 2.476000000000000076e-02, 5.530999999999999694e+00, 8.258999999999999675e-02, 1.262999999999999901e+00, 1.935000000000000088e-03
4.000000000000000000e+06, 1.393999999999999927e-02, 4.615000000000000213e+00, 5.483999999999999986e-02, 1.951999999999999957e+00, 7.893000000000000710e-03
5.000000000000000000e+06, 8.920000000000000845e-03, 3.986000000000000210e+00, 4.062000000000000333e-02, 2.549999999999999822e+00, 1.570999999999999827e-02
6.000000000000000000e+06, 6.194999999999999986e-03, 3.523000000000000131e+00, 3.209999999999999659e-02, 3.065999999999999837e+00, 2.410999999999999949e-02
7.000000000000000000e+06, 4.551999999999999623e-03, 3.166999999999999815e+00, 2.646000000000000088e-02, 3.525999999999999801e+00, 3.246999999999999886e-02
8.000000000000000000e+06, 3.484999999999999817e-03, 2.882000000000000117e+00, 2.247000000000000039e-02, 3.940999999999999837e+00, 4.055999999999999883e-02
9.000000000000000000e+06, 2.753999999999999938e-03, 2.649999999999999911e+00, 1.950999999999999956e-02, 4.317000000000000171e+00, 4.830999999999999878e-02
1.000000000000000000e+07, 2.230999999999999910e-03, 2.455000000000000071e+00, 1.722999999999999879e-02, 4.661999999999999922e+00, 5.566000000000000114e-02
1.100000000000000000e+07, 1.843999999999999936e-03, 2.290000000000000036e+00, 1.541000000000000009e-02, 4.979000000000000092e+00, 6.261999999999999511e-02
1.200000000000000000e+07, 1.549000000000000030e-03, 2.148000000000000131e+00, 1.393999999999999927e-02, 5.272000000000000242e+00, 6.918000000000000538e-02
1.300000000000000000e+07, 1.319999999999999993e-03, 2.023000000000000131e+00, 1.272000000000000040e-02, 5.543000000000000149e+00, 7.537000000000000643e-02
1.400000000000000000e+07, 1.137999999999999906e-03, 1.913999999999999924e+00, 1.170000000000000033e-02, 5.791999999999999815e+00, 8.125000000000000278e-02
1.500000000000000000e+07, 9.914999999999999768e-04, 1.816999999999999948e+00, 1.081999999999999976e-02, 6.022999999999999687e+00, 8.680999999999999828e-02
1.600000000000000000e+07, 8.714000000000000391e-04, 1.731000000000000094e+00, 1.007000000000000083e-02, 6.238000000000000433e+00, 9.210000000000000131e-02
1.800000000000000000e+07, 6.884999999999999844e-04, 1.582000000000000073e+00, 8.838000000000000370e-03, 6.631999999999999673e+00, 1.019000000000000045e-01
2.000000000000000000e+07, 5.576999999999999492e-04, 1.459000000000000075e+00, 7.872999999999999790e-03, 6.985000000000000320e+00, 1.107999999999999957e-01
2.200000000000000000e+07, 4.608999999999999816e-04, 1.354999999999999982e+00, 7.097000000000000010e-03, 7.304999999999999716e+00, 1.189999999999999947e-01
2.400000000000000000e+07, 3.872999999999999815e-04, 1.266000000000000014e+00, 6.459000000000000331e-03, 7.596000000000000085e+00, 1.264000000000000123e-01
2.600000000000000000e+07, 3.299999999999999982e-04, 1.189000000000000057e+00, 5.926999999999999977e-03, 7.860999999999999766e+00, 1.333999999999999908e-01
2.800000000000000000e+07, 2.845999999999999789e-04, 1.120999999999999996e+00, 5.474999999999999832e-03, 8.102999999999999758e+00, 1.398000000000000076e-01
3.000000000000000000e+07, 2.479000000000000084e-04, 1.062000000000000055e+00, 5.087000000000000376e-03, 8.326999999999999957e+00, 1.456999999999999962e-01
4.000000000000000000e+07, 1.394000000000000003e-04, 8.437999999999999945e-01, 3.755000000000000091e-03, 9.236000000000000654e+00, 1.703999999999999959e-01
5.000000000000000000e+07, 8.924000000000000617e-05, 7.044000000000000261e-01, 2.975000000000000214e-03, 9.909000000000000696e+00, 1.892000000000000071e-01
6.000000000000000000e+07, 6.197000000000000468e-05, 6.068999999999999950e-01, 2.462999999999999912e-03, 1.042999999999999972e+01, 2.039999999999999869e-01
8.000000000000000000e+07, 3.486000000000000166e-05, 4.786000000000000254e-01, 1.832000000000000078e-03, 1.121000000000000085e+01, 2.263999999999999901e-01
1.000000000000000000e+08, 2.231000000000000154e-05, 3.972999999999999865e-01, 1.458000000000000095e-03, 1.175999999999999979e+01, 2.426999999999999991e-01
1.500000000000000000e+08, 9.915000000000000785e-06, 2.828999999999999848e-01, 9.659000000000000051e-04, 1.263000000000000078e+01, 2.696000000000000063e-01
2.000000000000000000e+08, 5.577000000000000136e-06, 2.217999999999999972e-01, 7.219999999999999855e-04, 1.316000000000000014e+01, 2.864999999999999769e-01
3.000000000000000000e+08, 2.478999999999999897e-06, 1.572000000000000064e-01, 4.797000000000000049e-04, 1.375999999999999979e+01, 3.070999999999999841e-01
4.000000000000000000e+08, 1.393999999999999909e-06, 1.231000000000000011e-01, 3.592000000000000032e-04, 1.410999999999999943e+01, 3.194000000000000172e-01
5.000000000000000000e+08, 8.924000000000000236e-07, 1.019000000000000045e-01, 2.870999999999999854e-04, 1.433999999999999986e+01, 3.279000000000000248e-01
6.000000000000000000e+08, 6.196999999999999706e-07, 8.727000000000000035e-02, 2.391000000000000113e-04, 1.450999999999999979e+01, 3.341000000000000081e-01
8.000000000000000000e+08, 3.485999999999999849e-07, 6.815999999999999837e-02, 1.790999999999999895e-04, 1.473000000000000043e+01, 3.426000000000000156e-01
1.000000000000000000e+09, 2.231000000000000059e-07, 5.607000000000000178e-02, 1.432000000000000113e-04, 1.486999999999999922e+01, 3.482000000000000095e-01
1.500000000000000000e+09, 9.914999999999999779e-08, 3.916000000000000036e-02, 9.542999999999999942e-05, 1.507000000000000028e+01, 3.567000000000000171e-01
2.000000000000000000e+09, 5.577000000000000242e-08, 3.031000000000000014e-02, 7.155000000000000444e-05, 1.518999999999999950e+01, 3.614999999999999880e-01
3.000000000000000000e+09, 2.478999999999999897e-08, 2.106999999999999845e-02, 4.767999999999999750e-05, 1.531000000000000050e+01, 3.667000000000000259e-01
4.000000000000000000e+09, 1.393999999999999942e-08, 1.626999999999999974e-02, 3.576000000000000321e-05, 1.536999999999999922e+01, 3.696999999999999731e-01
5.000000000000000000e+09, 8.923999999999999375e-09, 1.329999999999999932e-02, 2.860000000000000061e-05, 1.541000000000000014e+01, 3.715999999999999859e-01
6.000000000000000000e+09, 6.197000000000000004e-09, 1.128000000000000010e-02, 2.383000000000000054e-05, 1.543999999999999950e+01, 3.729000000000000092e-01
8.000000000000000000e+09, 3.486000000000000163e-09, 8.689000000000000543e-03, 1.787000000000000001e-05, 1.548000000000000043e+01, 3.746999999999999775e-01
1.000000000000000000e+10, 2.230999999999999844e-09, 7.094999999999999744e-03, 1.430000000000000031e-05, 1.550000000000000000e+01, 3.758000000000000229e-01
1.500000000000000000e+10, 9.914999999999999365e-10, 4.903000000000000240e-03, 9.531999999999999539e-06, 1.552999999999999936e+01, 3.773000000000000242e-01
2.000000000000000000e+10, 5.577000000000000490e-10, 3.769000000000000215e-03, 7.148000000000000003e-06, 1.555000000000000071e+01, 3.781999999999999806e-01
3.000000000000000000e+10, 2.478999999999999918e-10, 2.599999999999999881e-03, 4.765000000000000118e-06, 1.557000000000000028e+01, 3.790000000000000036e-01
4.000000000000000000e+10, 1.394000000000000046e-10, 1.995999999999999944e-03, 3.574000000000000001e-06, 1.558000000000000007e+01, 3.795999999999999930e-01
5.000000000000000000e+10, 8.923999999999999375e-11, 1.624999999999999925e-03, 2.859000000000000071e-06, 1.558000000000000007e+01, 3.799000000000000155e-01
6.000000000000000000e+10, 6.196999999999999383e-11, 1.374000000000000004e-03, 2.382999999999999885e-06, 1.558999999999999986e+01, 3.800999999999999934e-01
8.000000000000000000e+10, 3.486000000000000292e-11, 1.052999999999999900e-03, 1.787000000000000001e-06, 1.558999999999999986e+01, 3.803000000000000269e-01
1.000000000000000000e+11, 2.230999999999999844e-11, 8.570000000000000144e-04, 1.430000000000000073e-06, 1.559999999999999964e+01, 3.805000000000000049e-01
