1.000000000000000000e+03, 2.933000000000000000e+03, 1.393000000000000016e+00, 7.602000000000000000e+05, 0.000000000000000000e+00, 0.000000000000000000e+00
1.500000000000000000e+03, 2.804000000000000000e+03, 2.303999999999999826e+00, 1.683000000000000000e+06, 0.000000000000000000e+00, 0.000000000000000000e+00
2.000000000000000000e+03, 2.668000000000000000e+03, 3.201999999999999957e+00, 9.758000000000000000e+05, 0.000000000000000000e+00, 0.000000000000000000e+00
3.000000000000000000e+03, 2.392000000000000000e+03, 4.983999999999999986e+00, 4.215000000000000000e+05, 0.000000000000000000e+00, 0.000000000000000000e+00
4.000000000000000000e+03, 2.127000000000000000e+03, 6.660000000000000142e+00, 2.086000000000000000e+05, 0.000000000000000000e+00, 0.000000000000000000e+00
5.000000000000000000e+03, 1.886000000000000000e+03, 8.205999999999999517e+00, 1.192000000000000000e+05, 0.000000000000000000e+00, 0.000000000000000000e+00
6.000000000000000000e+03, 1.677000000000000000e+03, 9.611000000000000654e+00, 7.489000000000000000e+04, 0.000000000000000000e+00, 0.000000000000000000e+00
8.000000000000000000e+03, 1.342000000000000000e+03, 1.203999999999999915e+01, 3.559000000000000000e+04, 0.000000000000000000e+00, 0.000000000000000000e+00
1.000000000000000000e+04, 1.093000000000000000e+03, 1.408999999999999986e+01, 8.580000000000000000e+04, 0.000000000000000000e+00, 0.000000000000000000e+00
1.500000000000000000e+04, 7.052000000000000455e+02, 1.816000000000000014e+01, 3.000000000000000000e+04, 0.000000000000000000e+00, 0.000000000000000000e+00
2.000000000000000000e+04, 5.006999999999999886e+02, 2.119999999999999929e+01, 1.393000000000000000e+04, 0.000000000000000000e+00, 0.000000000000000000e+00
3.000000000000000000e+04, 2.956000000000000227e+02, 2.505000000000000071e+01, 4.623000000000000000e+03, 0.000000000000000000e+00, 0.000000000000000000e+00
4.000000000000000000e+04, 1.933000000000000114e+02, 2.710000000000000142e+01, 2.089000000000000000e+03, 0.000000000000000000e+00, 0.000000000000000000e+00
5.000000000000000000e+04, 1.366999999999999886e+02, 2.821999999999999886e+01, 1.122000000000000000e+03, 0.000000000000000000e+00, 0.000000000000000000e+00
6.000000000000000000e+04, 1.025999999999999943e+02, 2.882000000000000028e+01, 3.651000000000000000e+03, 0.000000000000000000e+00, 0.000000000000000000e+00
8.000000000000000000e+04, 6.431999999999999318e+01, 2.917000000000000171e+01, 1.706000000000000000e+03, 0.000000000000000000e+00, 0.000000000000000000e+00
1.000000000000000000e+05, 4.393999999999999773e+01, 2.894999999999999929e+01, 9.347999999999999545e+02, 0.000000000000000000e+00, 0.000000000000000000e+00
1.500000000000000000e+05, 2.142999999999999972e+01, 2.751999999999999957e+01, 3.080000000000000000e+02, 0.000000000000000000e+00, 0.000000000000000000e+00
2.000000000000000000e+05, 1.275999999999999979e+01, 2.589999999999999858e+01, 1.395000000000000000e+02, 0.000000000000000000e+00, 0.000000000000000000e+00
3.000000000000000000e+05, 6.032000000000000028e+00, 2.312000000000000099e+01, 4.650000000000000000e+01, 0.000000000000000000e+00, 0.000000000000000000e+00
4.000000000000000000e+05, 3.496999999999999886e+00, 2.098000000000000043e+01, 2.194999999999999929e+01, 0.000000000000000000e+00, 0.000000000000000000e+00
5.000000000000000000e+05, 2.278000000000000025e+00, 1.930000000000000071e+01, 1.258000000000000007e+01, 0.000000000000000000e+00, 0.000000000000000000e+00
6.000000000000000000e+05, 1.600999999999999979e+00, 1.794000000000000128e+01, 8.144000000000000128e+00, 0.000000000000000000e+00, 0.000000000000000000e+00
8.000000000000000000e+05, 9.133999999999999897e-01, 1.583999999999999986e+01, 4.267999999999999794e+00, 0.000000000000000000e+00, 0.000000000000000000e+00
1.000000000000000000e+06, 5.894000000000000350e-01, 1.427999999999999936e+01, 2.677000000000000046e+00, 0.000000000000000000e+00, 0.000000000000000000e+00
1.022000000000000000e+06, 5.646999999999999797e-01, 1.413000000000000078e+01, 2.561999999999999833e+00, 0.000000000000000000e+00, 0.000000000000000000e+00
1.250000000000000000e+06, 3.795000000000000040e-01, 1.278999999999999915e+01, 1.727000000000000091e+00, 7.821999999999999786e-02, 0.000000000000000000e+00
1.500000000000000000e+06, 2.644000000000000239e-01, 1.164000000000000057e+01, 1.231999999999999984e+00, 3.628000000000000114e-01, 0.000000000000000000e+00
2.000000000000000000e+06, 1.492999999999999883e-01, 9.944000000000000838e+00, 7.470999999999999863e-01, 1.149000000000000021e+00, 0.000000000000000000e+00
2.044000000000000000e+06, 1.429999999999999882e-01, 9.821999999999999176e+00, 7.205000000000000293e-01, 1.221999999999999975e+00, 0.000000000000000000e+00
3.000000000000000000e+06, 6.654999999999999805e-02, 7.831999999999999851e+00, 3.929000000000000270e-01, 2.700000000000000178e+00, 2.736999999999999850e-03
4.000000000000000000e+06, 3.747999999999999943e-02, 6.535999999999999588e+00, 2.585999999999999965e-01, 4.009000000000000341e+00, 1.115999999999999978e-02
5.000000000000000000e+06, 2.400000000000000050e-02, 5.644999999999999574e+00, 1.902000000000000079e-01, 5.118999999999999773e+00, 2.220000000000000098e-02
6.000000000000000000e+06, 1.667000000000000079e-02, 4.990999999999999659e+00, 1.494999999999999940e-01, 6.073999999999999844e+00, 3.404999999999999694e-02
7.000000000000000000e+06, 1.225000000000000047e-02, 4.485999999999999766e+00, 1.228000000000000064e-01, 6.916999999999999815e+00, 4.583000000000000268e-02
8.000000000000000000e+06, 9.379000000000000184e-03, 4.083000000000000185e+00, 1.039000000000000062e-01, 7.674000000000000377e+00, 5.723000000000000309e-02
9.000000000000000000e+06, 7.411000000000000053e-03, 3.753000000000000114e+00, 8.994000000000000605e-02, 8.362000000000000099e+00, 6.812000000000000000e-02
1.000000000000000000e+07, 6.002999999999999656e-03, 3.478000000000000203e+00, 7.921999999999999875e-02, 8.993000000000000327e+00, 7.845000000000000584e-02
1.100000000000000000e+07, 4.962000000000000265e-03, 3.244000000000000217e+00, 7.074999999999999345e-02, 9.576999999999999957e+00, 8.820999999999999674e-02
1.200000000000000000e+07, 4.168999999999999963e-03, 3.041999999999999815e+00, 6.388000000000000622e-02, 1.011999999999999922e+01, 9.740000000000000047e-02
1.300000000000000000e+07, 3.553000000000000169e-03, 2.866000000000000103e+00, 5.820999999999999786e-02, 1.063000000000000078e+01, 1.060999999999999999e-01
1.400000000000000000e+07, 3.063000000000000184e-03, 2.710999999999999854e+00, 5.344999999999999751e-02, 1.109999999999999964e+01, 1.142999999999999988e-01
1.500000000000000000e+07, 2.667999999999999799e-03, 2.573999999999999844e+00, 4.939999999999999947e-02, 1.152999999999999936e+01, 1.221000000000000002e-01
1.600000000000000000e+07, 2.344999999999999862e-03, 2.451000000000000068e+00, 4.592000000000000248e-02, 1.193999999999999950e+01, 1.293999999999999873e-01
1.800000000000000000e+07, 1.853000000000000046e-03, 2.241000000000000103e+00, 4.023000000000000187e-02, 1.267999999999999972e+01, 1.431000000000000050e-01
2.000000000000000000e+07, 1.500999999999999947e-03, 2.065999999999999837e+00, 3.579000000000000237e-02, 1.333000000000000007e+01, 1.554999999999999993e-01
2.200000000000000000e+07, 1.240999999999999916e-03, 1.919000000000000039e+00, 3.221999999999999864e-02, 1.392999999999999972e+01, 1.668000000000000038e-01
2.400000000000000000e+07, 1.041999999999999958e-03, 1.792999999999999927e+00, 2.929999999999999966e-02, 1.447000000000000064e+01, 1.771999999999999964e-01
2.600000000000000000e+07, 8.882000000000000138e-04, 1.683999999999999941e+00, 2.685999999999999846e-02, 1.496000000000000085e+01, 1.867999999999999938e-01
2.800000000000000000e+07, 7.659000000000000226e-04, 1.588999999999999968e+00, 2.478999999999999954e-02, 1.541999999999999993e+01, 1.955999999999999961e-01
3.000000000000000000e+07, 6.671999999999999546e-04, 1.504000000000000004e+00, 2.301999999999999880e-02, 1.583999999999999986e+01, 2.038999999999999979e-01
4.000000000000000000e+07, 3.753000000000000151e-04, 1.195000000000000062e+00, 1.694999999999999979e-02, 1.753999999999999915e+01, 2.378000000000000114e-01
5.000000000000000000e+07, 2.402000000000000109e-04, 9.979000000000000092e-01, 1.341000000000000004e-02, 1.880999999999999872e+01, 2.632999999999999785e-01
6.000000000000000000e+07, 1.667999999999999886e-04, 8.598000000000000087e-01, 1.108999999999999916e-02, 1.978999999999999915e+01, 2.834999999999999742e-01
8.000000000000000000e+07, 9.382000000000000636e-05, 6.781000000000000361e-01, 8.241000000000000061e-03, 2.123999999999999844e+01, 3.136999999999999789e-01
1.000000000000000000e+08, 6.004000000000000114e-05, 5.627999999999999670e-01, 6.555000000000000063e-03, 2.226999999999999957e+01, 3.355000000000000204e-01
1.500000000000000000e+08, 2.669000000000000026e-05, 4.007999999999999896e-01, 4.336999999999999710e-03, 2.389000000000000057e+01, 3.713000000000000189e-01
2.000000000000000000e+08, 1.501000000000000028e-05, 3.141999999999999793e-01, 3.239999999999999825e-03, 2.485000000000000142e+01, 3.936000000000000054e-01
3.000000000000000000e+08, 6.671000000000000165e-06, 2.227000000000000091e-01, 2.151999999999999833e-03, 2.596999999999999886e+01, 4.205999999999999739e-01
4.000000000000000000e+08, 3.752999999999999897e-06, 1.743999999999999995e-01, 1.611000000000000019e-03, 2.660999999999999943e+01, 4.368000000000000216e-01
5.000000000000000000e+08, 2.402000000000000042e-06, 1.444000000000000006e-01, 1.286999999999999950e-03, 2.703000000000000114e+01, 4.477999999999999758e-01
6.000000000000000000e+08, 1.667999999999999954e-06, 1.236000000000000015e-01, 1.072000000000000036e-03, 2.732999999999999829e+01, 4.557999999999999829e-01
8.000000000000000000e+08, 9.381999999999999705e-07, 9.656000000000000694e-02, 8.030000000000000028e-04, 2.773000000000000043e+01, 4.668999999999999817e-01
1.000000000000000000e+09, 6.004000000000000029e-07, 7.943999999999999673e-02, 6.421000000000000492e-04, 2.798000000000000043e+01, 4.742999999999999994e-01
1.500000000000000000e+09, 2.668999999999999878e-07, 5.548000000000000154e-02, 4.276999999999999877e-04, 2.835999999999999943e+01, 4.852000000000000202e-01
2.000000000000000000e+09, 1.501000000000000007e-07, 4.293999999999999900e-02, 3.206999999999999890e-04, 2.855999999999999872e+01, 4.914999999999999925e-01
3.000000000000000000e+09, 6.671000000000000642e-08, 2.986000000000000112e-02, 2.136999999999999902e-04, 2.878000000000000114e+01, 4.981999999999999762e-01
4.000000000000000000e+09, 3.752999999999999923e-08, 2.305000000000000104e-02, 1.601999999999999908e-04, 2.889999999999999858e+01, 5.022999999999999687e-01
5.000000000000000000e+09, 2.401999999999999936e-08, 1.883999999999999911e-02, 1.281999999999999991e-04, 2.896999999999999886e+01, 5.047000000000000375e-01
6.000000000000000000e+09, 1.668000000000000113e-08, 1.598000000000000115e-02, 1.067999999999999939e-04, 2.901999999999999957e+01, 5.063999999999999613e-01
8.000000000000000000e+09, 9.381999999999999241e-09, 1.230999999999999976e-02, 8.009000000000000060e-05, 2.908999999999999986e+01, 5.087000000000000410e-01
1.000000000000000000e+10, 6.004000000000000360e-09, 1.004999999999999991e-02, 6.407000000000000152e-05, 2.912999999999999901e+01, 5.101999999999999869e-01
1.500000000000000000e+10, 2.669000000000000192e-09, 6.945999999999999917e-03, 4.271000000000000274e-05, 2.919000000000000128e+01, 5.120999999999999996e-01
2.000000000000000000e+10, 1.501000000000000090e-09, 5.340000000000000129e-03, 3.203000000000000335e-05, 2.921999999999999886e+01, 5.132999999999999785e-01
3.000000000000000000e+10, 6.671000000000000021e-10, 3.683000000000000076e-03, 2.135000000000000057e-05, 2.926000000000000156e+01, 5.143999999999999684e-01
4.000000000000000000e+10, 3.752999999999999861e-10, 2.827000000000000086e-03, 1.601999999999999908e-05, 2.926999999999999957e+01, 5.151000000000000023e-01
5.000000000000000000e+10, 2.402000000000000081e-10, 2.301999999999999793e-03, 1.280999999999999933e-05, 2.928000000000000114e+01, 5.154999999999999583e-01
6.000000000000000000e+10, 1.668000000000000082e-10, 1.946000000000000030e-03, 1.067999999999999939e-05, 2.928999999999999915e+01, 5.158000000000000362e-01
8.000000000000000000e+10, 9.382000000000000534e-11, 1.492000000000000054e-03, 8.006999999999999740e-06, 2.930000000000000071e+01, 5.161000000000000032e-01
1.000000000000000000e+11, 6.003999999999999378e-11, 1.214000000000000018e-03, 6.406000000000000161e-06, 2.930999999999999872e+01, 5.162999999999999812e-01
