1.000000000000000000e+03, 9.397000000000000455e+02, 1.239999999999999991e+00, 5.695000000000000000e+05, 0.000000000000000000e+00, 0.000000000000000000e+00
1.500000000000000000e+03, 8.788999999999999773e+02, 2.008000000000000007e+00, 2.196000000000000000e+05, 0.000000000000000000e+00, 0.000000000000000000e+00
2.000000000000000000e+03, 8.192999999999999545e+02, 2.700000000000000178e+00, 1.087000000000000000e+05, 0.000000000000000000e+00, 0.000000000000000000e+00
3.000000000000000000e+03, 7.120000000000000000e+02, 3.992999999999999883e+00, 2.435000000000000000e+05, 0.000000000000000000e+00, 0.000000000000000000e+00
4.000000000000000000e+03, 6.196000000000000227e+02, 5.171000000000000263e+00, 1.165000000000000000e+05, 0.000000000000000000e+00, 0.000000000000000000e+00
5.000000000000000000e+03, 5.422000000000000455e+02, 6.245000000000000107e+00, 6.477000000000000000e+04, 0.000000000000000000e+00, 0.000000000000000000e+00
6.000000000000000000e+03, 4.783999999999999773e+02, 7.211000000000000298e+00, 3.975000000000000000e+04, 0.000000000000000000e+00, 0.000000000000000000e+00
8.000000000000000000e+03, 3.808999999999999773e+02, 8.829000000000000625e+00, 1.818000000000000000e+04, 0.000000000000000000e+00, 0.000000000000000000e+00
1.000000000000000000e+04, 3.090000000000000000e+02, 1.013000000000000078e+01, 9.825000000000000000e+03, 0.000000000000000000e+00, 0.000000000000000000e+00
1.500000000000000000e+04, 1.930999999999999943e+02, 1.260999999999999943e+01, 3.158000000000000000e+03, 0.000000000000000000e+00, 0.000000000000000000e+00
2.000000000000000000e+04, 1.314000000000000057e+02, 1.432000000000000028e+01, 9.975000000000000000e+03, 0.000000000000000000e+00, 0.000000000000000000e+00
3.000000000000000000e+04, 7.437000000000000455e+01, 1.633999999999999986e+01, 3.350000000000000000e+03, 0.000000000000000000e+00, 0.000000000000000000e+00
4.000000000000000000e+04, 4.814000000000000057e+01, 1.733999999999999986e+01, 1.506000000000000000e+03, 0.000000000000000000e+00, 0.000000000000000000e+00
5.000000000000000000e+04, 3.349000000000000199e+01, 1.780999999999999872e+01, 7.996000000000000227e+02, 0.000000000000000000e+00, 0.000000000000000000e+00
6.000000000000000000e+04, 2.462000000000000099e+01, 1.798999999999999844e+01, 4.730000000000000000e+02, 0.000000000000000000e+00, 0.000000000000000000e+00
8.000000000000000000e+04, 1.500999999999999979e+01, 1.787999999999999901e+01, 2.044000000000000057e+02, 0.000000000000000000e+00, 0.000000000000000000e+00
1.000000000000000000e+05, 1.016000000000000014e+01, 1.751999999999999957e+01, 1.059000000000000057e+02, 0.000000000000000000e+00, 0.000000000000000000e+00
1.500000000000000000e+05, 4.899000000000000021e+00, 1.637000000000000099e+01, 3.180999999999999872e+01, 0.000000000000000000e+00, 0.000000000000000000e+00
2.000000000000000000e+05, 2.866000000000000103e+00, 1.526999999999999957e+01, 1.358999999999999986e+01, 0.000000000000000000e+00, 0.000000000000000000e+00
3.000000000000000000e+05, 1.322000000000000064e+00, 1.350000000000000000e+01, 4.206000000000000405e+00, 0.000000000000000000e+00, 0.000000000000000000e+00
4.000000000000000000e+05, 7.576000000000000512e-01, 1.218999999999999950e+01, 1.897000000000000020e+00, 0.000000000000000000e+00, 0.000000000000000000e+00
5.000000000000000000e+05, 4.899000000000000021e-01, 1.116999999999999993e+01, 1.054999999999999938e+00, 0.000000000000000000e+00, 0.000000000000000000e+00
6.000000000000000000e+05, 3.423999999999999821e-01, 1.035999999999999943e+01, 6.696999999999999620e-01, 0.000000000000000000e+00, 0.000000000000000000e+00
8.000000000000000000e+05, 1.938999999999999890e-01, 9.127000000000000668e+00, 3.437000000000000055e-01, 0.000000000000000000e+00, 0.000000000000000000e+00
1.000000000000000000e+06, 1.244999999999999996e-01, 8.217000000000000526e+00, 2.142000000000000015e-01, 0.000000000000000000e+00, 0.000000000000000000e+00
1.022000000000000000e+06, 1.193000000000000033e-01, 8.131000000000000227e+00, 2.036999999999999922e-01, 0.000000000000000000e+00, 0.000000000000000000e+00
1.250000000000000000e+06, 7.989000000000000268e-02, 7.354000000000000092e+00, 1.375000000000000111e-01, 1.762000000000000025e-02, 0.000000000000000000e+00
1.500000000000000000e+06, 5.553999999999999909e-02, 6.687999999999999723e+00, 9.878000000000000669e-02, 8.483999999999999875e-02, 0.000000000000000000e+00
2.000000000000000000e+06, 3.128000000000000225e-02, 5.711000000000000298e+00, 6.044000000000000067e-02, 3.049000000000000044e-01, 0.000000000000000000e+00
2.044000000000000000e+06, 2.995000000000000093e-02, 5.639999999999999680e+00, 5.834000000000000297e-02, 3.267999999999999794e-01, 0.000000000000000000e+00
3.000000000000000000e+06, 1.392000000000000008e-02, 4.495000000000000107e+00, 3.239000000000000212e-02, 8.127999999999999670e-01, 1.572999999999999962e-03
4.000000000000000000e+06, 7.830999999999999420e-03, 3.750000000000000000e+00, 2.162000000000000033e-02, 1.274999999999999911e+00, 6.418000000000000094e-03
5.000000000000000000e+06, 5.013000000000000095e-03, 3.238999999999999879e+00, 1.607000000000000095e-02, 1.679999999999999938e+00, 1.277999999999999969e-02
6.000000000000000000e+06, 3.481000000000000153e-03, 2.862999999999999989e+00, 1.273999999999999959e-02, 2.032999999999999918e+00, 1.960999999999999896e-02
7.000000000000000000e+06, 2.557999999999999944e-03, 2.572999999999999954e+00, 1.051999999999999984e-02, 2.347999999999999865e+00, 2.641999999999999904e-02
8.000000000000000000e+06, 1.958000000000000105e-03, 2.342000000000000082e+00, 8.954000000000000153e-03, 2.632000000000000117e+00, 3.302000000000000074e-02
9.000000000000000000e+06, 1.546999999999999981e-03, 2.153000000000000025e+00, 7.785000000000000253e-03, 2.890000000000000124e+00, 3.932999999999999691e-02
1.000000000000000000e+07, 1.252999999999999991e-03, 1.995000000000000107e+00, 6.882000000000000096e-03, 3.125000000000000000e+00, 4.533000000000000224e-02
1.100000000000000000e+07, 1.036000000000000029e-03, 1.860999999999999988e+00, 6.164000000000000208e-03, 3.341000000000000192e+00, 5.100999999999999979e-02
1.200000000000000000e+07, 8.704000000000000148e-04, 1.745000000000000107e+00, 5.579999999999999891e-03, 3.537999999999999812e+00, 5.637000000000000344e-02
1.300000000000000000e+07, 7.416999999999999765e-04, 1.643999999999999906e+00, 5.095999999999999835e-03, 3.720000000000000195e+00, 6.142999999999999849e-02
1.400000000000000000e+07, 6.394999999999999860e-04, 1.554999999999999938e+00, 4.688999999999999592e-03, 3.887000000000000011e+00, 6.623999999999999333e-02
1.500000000000000000e+07, 5.571000000000000431e-04, 1.477000000000000091e+00, 4.341000000000000240e-03, 4.043000000000000149e+00, 7.079000000000000570e-02
1.600000000000000000e+07, 4.895999999999999745e-04, 1.405999999999999917e+00, 4.041000000000000321e-03, 4.189000000000000057e+00, 7.512000000000000621e-02
1.800000000000000000e+07, 3.869000000000000260e-04, 1.284999999999999920e+00, 3.550000000000000204e-03, 4.456999999999999851e+00, 8.315000000000000169e-02
2.000000000000000000e+07, 3.133999999999999742e-04, 1.185000000000000053e+00, 3.164999999999999845e-03, 4.698000000000000398e+00, 9.045999999999999874e-02
2.200000000000000000e+07, 2.590000000000000071e-04, 1.100999999999999979e+00, 2.854000000000000200e-03, 4.916000000000000369e+00, 9.715000000000000024e-02
2.400000000000000000e+07, 2.176000000000000037e-04, 1.028999999999999915e+00, 2.599000000000000182e-03, 5.113999999999999879e+00, 1.033000000000000029e-01
2.600000000000000000e+07, 1.854000000000000071e-04, 9.658999999999999808e-01, 2.386000000000000100e-03, 5.294999999999999929e+00, 1.089999999999999997e-01
2.800000000000000000e+07, 1.599000000000000107e-04, 9.112000000000000099e-01, 2.204999999999999929e-03, 5.459999999999999964e+00, 1.142999999999999988e-01
3.000000000000000000e+07, 1.392999999999999978e-04, 8.628000000000000114e-01, 2.049000000000000040e-03, 5.613000000000000433e+00, 1.192000000000000004e-01
4.000000000000000000e+07, 7.833999999999999872e-05, 6.855999999999999872e-01, 1.513999999999999938e-03, 6.233999999999999986e+00, 1.396000000000000019e-01
5.000000000000000000e+07, 5.013999999999999767e-05, 5.723000000000000309e-01, 1.201000000000000028e-03, 6.693999999999999950e+00, 1.550999999999999879e-01
6.000000000000000000e+07, 3.482000000000000205e-05, 4.930999999999999828e-01, 9.947000000000000546e-04, 7.052999999999999936e+00, 1.673999999999999932e-01
8.000000000000000000e+07, 1.957999999999999888e-05, 3.889000000000000234e-01, 7.403999999999999991e-04, 7.583000000000000185e+00, 1.859999999999999987e-01
1.000000000000000000e+08, 1.253000000000000031e-05, 3.227999999999999758e-01, 5.896000000000000199e-04, 7.958999999999999631e+00, 1.995999999999999996e-01
1.500000000000000000e+08, 5.570999999999999685e-06, 2.298999999999999932e-01, 3.907000000000000100e-04, 8.557999999999999829e+00, 2.222000000000000086e-01
2.000000000000000000e+08, 3.132999999999999904e-06, 1.801999999999999991e-01, 2.920999999999999985e-04, 8.916000000000000369e+00, 2.363999999999999990e-01
3.000000000000000000e+08, 1.393000000000000046e-06, 1.277000000000000079e-01, 1.941000000000000017e-04, 9.333000000000000185e+00, 2.540000000000000036e-01
4.000000000000000000e+08, 7.833999999999999872e-07, 1.000000000000000056e-01, 1.454000000000000106e-04, 9.573999999999999844e+00, 2.646000000000000019e-01
5.000000000000000000e+08, 5.013999999999999767e-07, 8.282000000000000473e-02, 1.162000000000000055e-04, 9.731999999999999318e+00, 2.718999999999999750e-01
6.000000000000000000e+08, 3.482000000000000077e-07, 7.091000000000000081e-02, 9.676999999999999675e-05, 9.845000000000000639e+00, 2.772999999999999909e-01
8.000000000000000000e+08, 1.957999999999999930e-07, 5.537999999999999867e-02, 7.252000000000000362e-05, 9.996000000000000441e+00, 2.847999999999999976e-01
1.000000000000000000e+09, 1.252999999999999904e-07, 4.556000000000000327e-02, 5.798999999999999874e-05, 1.008999999999999986e+01, 2.898000000000000020e-01
1.500000000000000000e+09, 5.571000000000000056e-08, 3.182000000000000106e-02, 3.864000000000000274e-05, 1.023000000000000043e+01, 2.973000000000000087e-01
2.000000000000000000e+09, 3.133000000000000327e-08, 2.462999999999999912e-02, 2.896999999999999876e-05, 1.031000000000000050e+01, 3.015999999999999792e-01
3.000000000000000000e+09, 1.392999999999999967e-08, 1.711999999999999980e-02, 1.930999999999999977e-05, 1.040000000000000036e+01, 3.064000000000000057e-01
4.000000000000000000e+09, 7.833999999999999210e-09, 1.322000000000000085e-02, 1.448000000000000028e-05, 1.043999999999999950e+01, 3.091999999999999749e-01
5.000000000000000000e+09, 5.014000000000000263e-09, 1.081000000000000016e-02, 1.157999999999999924e-05, 1.047000000000000064e+01, 3.109000000000000097e-01
6.000000000000000000e+09, 3.482000000000000177e-09, 9.164000000000000271e-03, 9.650000000000000781e-06, 1.049000000000000021e+01, 3.120999999999999885e-01
8.000000000000000000e+09, 1.958000000000000063e-09, 7.060000000000000303e-03, 7.237000000000000336e-06, 1.050999999999999979e+01, 3.136999999999999789e-01
1.000000000000000000e+10, 1.252999999999999912e-09, 5.764000000000000026e-03, 5.789999999999999622e-06, 1.052999999999999936e+01, 3.148000000000000242e-01
1.500000000000000000e+10, 5.570999999999999684e-10, 3.983999999999999694e-03, 3.858999999999999814e-06, 1.055000000000000071e+01, 3.161999999999999811e-01
2.000000000000000000e+10, 3.132999999999999934e-10, 3.063000000000000184e-03, 2.894999999999999811e-06, 1.056000000000000050e+01, 3.170000000000000040e-01
3.000000000000000000e+10, 1.392999999999999998e-10, 2.112000000000000162e-03, 1.930000000000000156e-06, 1.058000000000000007e+01, 3.178000000000000269e-01
4.000000000000000000e+10, 7.833999999999999779e-11, 1.621999999999999961e-03, 1.447000000000000080e-06, 1.058000000000000007e+01, 3.183000000000000274e-01
5.000000000000000000e+10, 5.014000000000000082e-11, 1.319999999999999993e-03, 1.157999999999999967e-06, 1.058999999999999986e+01, 3.185999999999999943e-01
6.000000000000000000e+10, 3.482000000000000228e-11, 1.116000000000000021e-03, 9.648000000000000631e-07, 1.058999999999999986e+01, 3.187999999999999723e-01
8.000000000000000000e+10, 1.957999999999999856e-11, 8.559000000000000418e-04, 7.236000000000000473e-07, 1.058999999999999986e+01, 3.190000000000000058e-01
1.000000000000000000e+11, 1.252999999999999932e-11, 6.962999999999999572e-04, 5.788999999999999758e-07, 1.059999999999999964e+01, 3.191999999999999837e-01
