1.000000000000000000e+03, 3.907000000000000000e+03, 1.090999999999999970e+00, 1.432000000000000000e+06, 0.000000000000000000e+00, 0.000000000000000000e+00
1.500000000000000000e+03, 3.758000000000000000e+03, 2.012000000000000011e+00, 6.397000000000000000e+05, 0.000000000000000000e+00, 0.000000000000000000e+00
2.000000000000000000e+03, 3.583000000000000000e+03, 2.956999999999999851e+00, 3.464000000000000000e+05, 0.000000000000000000e+00, 0.000000000000000000e+00
3.000000000000000000e+03, 3.214000000000000000e+03, 4.796000000000000263e+00, 6.334000000000000000e+05, 0.000000000000000000e+00, 0.000000000000000000e+00
4.000000000000000000e+03, 2.864000000000000000e+03, 6.533999999999999808e+00, 3.535000000000000000e+05, 0.000000000000000000e+00, 0.000000000000000000e+00
5.000000000000000000e+03, 2.555000000000000000e+03, 8.195000000000000284e+00, 2.048000000000000000e+05, 0.000000000000000000e+00, 0.000000000000000000e+00
6.000000000000000000e+03, 2.287000000000000000e+03, 9.781000000000000583e+00, 1.299000000000000000e+05, 0.000000000000000000e+00, 0.000000000000000000e+00
8.000000000000000000e+03, 1.859000000000000000e+03, 1.265000000000000036e+01, 6.250000000000000000e+04, 0.000000000000000000e+00, 0.000000000000000000e+00
1.000000000000000000e+04, 1.536000000000000000e+03, 1.506000000000000050e+01, 3.513000000000000000e+04, 0.000000000000000000e+00, 0.000000000000000000e+00
1.500000000000000000e+04, 1.007000000000000000e+03, 1.957999999999999829e+01, 5.008000000000000000e+04, 0.000000000000000000e+00, 0.000000000000000000e+00
2.000000000000000000e+04, 7.097999999999999545e+02, 2.287000000000000099e+01, 2.380000000000000000e+04, 0.000000000000000000e+00, 0.000000000000000000e+00
3.000000000000000000e+04, 4.191999999999999886e+02, 2.732999999999999829e+01, 8.110000000000000000e+03, 0.000000000000000000e+00, 0.000000000000000000e+00
4.000000000000000000e+04, 2.783000000000000114e+02, 2.991000000000000014e+01, 3.724000000000000000e+03, 0.000000000000000000e+00, 0.000000000000000000e+00
5.000000000000000000e+04, 1.973000000000000114e+02, 3.135999999999999943e+01, 2.024000000000000000e+03, 0.000000000000000000e+00, 0.000000000000000000e+00
6.000000000000000000e+04, 1.475999999999999943e+02, 3.215999999999999659e+01, 1.226000000000000000e+03, 0.000000000000000000e+00, 0.000000000000000000e+00
8.000000000000000000e+04, 9.279999999999999716e+01, 3.272999999999999687e+01, 2.703000000000000000e+03, 0.000000000000000000e+00, 0.000000000000000000e+00
1.000000000000000000e+05, 6.393999999999999773e+01, 3.260000000000000142e+01, 1.521000000000000000e+03, 0.000000000000000000e+00, 0.000000000000000000e+00
1.500000000000000000e+05, 3.139000000000000057e+01, 3.119000000000000128e+01, 5.187999999999999545e+02, 0.000000000000000000e+00, 0.000000000000000000e+00
2.000000000000000000e+05, 1.871000000000000085e+01, 2.944999999999999929e+01, 2.400000000000000000e+02, 0.000000000000000000e+00, 0.000000000000000000e+00
3.000000000000000000e+05, 8.910000000000000142e+00, 2.635999999999999943e+01, 8.214000000000000057e+01, 0.000000000000000000e+00, 0.000000000000000000e+00
4.000000000000000000e+05, 5.195000000000000284e+00, 2.396000000000000085e+01, 3.945000000000000284e+01, 0.000000000000000000e+00, 0.000000000000000000e+00
5.000000000000000000e+05, 3.395000000000000018e+00, 2.207000000000000028e+01, 2.287000000000000099e+01, 0.000000000000000000e+00, 0.000000000000000000e+00
6.000000000000000000e+05, 2.391000000000000014e+00, 2.051999999999999957e+01, 1.492999999999999972e+01, 0.000000000000000000e+00, 0.000000000000000000e+00
8.000000000000000000e+05, 1.368999999999999995e+00, 1.812999999999999901e+01, 7.892999999999999794e+00, 0.000000000000000000e+00, 0.000000000000000000e+00
1.000000000000000000e+06, 8.849000000000000199e-01, 1.635999999999999943e+01, 4.966999999999999638e+00, 0.000000000000000000e+00, 0.000000000000000000e+00
1.022000000000000000e+06, 8.478999999999999870e-01, 1.619000000000000128e+01, 4.753999999999999559e+00, 0.000000000000000000e+00, 0.000000000000000000e+00
1.250000000000000000e+06, 5.707999999999999741e-01, 1.466000000000000014e+01, 3.206999999999999851e+00, 1.136999999999999955e-01, 0.000000000000000000e+00
1.500000000000000000e+06, 3.981999999999999984e-01, 1.333999999999999986e+01, 2.285000000000000142e+00, 5.368000000000000549e-01, 0.000000000000000000e+00
2.000000000000000000e+06, 2.252000000000000113e-01, 1.140000000000000036e+01, 1.383000000000000007e+00, 1.641000000000000014e+00, 0.000000000000000000e+00
2.044000000000000000e+06, 2.156000000000000139e-01, 1.125999999999999979e+01, 1.332999999999999963e+00, 1.739999999999999991e+00, 0.000000000000000000e+00
3.000000000000000000e+06, 1.005000000000000060e-01, 8.980999999999999872e+00, 7.239999999999999769e-01, 3.665999999999999925e+00, 3.138000000000000164e-03
4.000000000000000000e+06, 5.661999999999999672e-02, 7.495000000000000107e+00, 4.746000000000000218e-01, 5.322000000000000064e+00, 1.278999999999999929e-02
5.000000000000000000e+06, 3.626000000000000056e-02, 6.474999999999999645e+00, 3.482000000000000095e-01, 6.708999999999999631e+00, 2.544000000000000081e-02
6.000000000000000000e+06, 2.519000000000000059e-02, 5.724000000000000199e+00, 2.731000000000000094e-01, 7.902000000000000135e+00, 3.899999999999999994e-02
7.000000000000000000e+06, 1.850999999999999868e-02, 5.144999999999999574e+00, 2.237999999999999989e-01, 8.952999999999999403e+00, 5.247999999999999887e-02
8.000000000000000000e+06, 1.417999999999999990e-02, 4.682999999999999829e+00, 1.890999999999999903e-01, 9.898999999999999133e+00, 6.550999999999999879e-02
9.000000000000000000e+06, 1.119999999999999989e-02, 4.304999999999999716e+00, 1.635000000000000064e-01, 1.075999999999999979e+01, 7.796000000000000152e-02
1.000000000000000000e+07, 9.074999999999999734e-03, 3.988999999999999879e+00, 1.439000000000000001e-01, 1.155000000000000071e+01, 8.976000000000000645e-02
1.100000000000000000e+07, 7.499999999999999722e-03, 3.721000000000000085e+00, 1.283999999999999864e-01, 1.227999999999999936e+01, 1.009000000000000036e-01
1.200000000000000000e+07, 6.302999999999999575e-03, 3.488999999999999879e+00, 1.158000000000000002e-01, 1.296000000000000085e+01, 1.113999999999999990e-01
1.300000000000000000e+07, 5.370999999999999906e-03, 3.286999999999999922e+00, 1.054999999999999966e-01, 1.359999999999999964e+01, 1.213000000000000050e-01
1.400000000000000000e+07, 4.630999999999999700e-03, 3.109999999999999876e+00, 9.682000000000000328e-02, 1.419999999999999929e+01, 1.305999999999999939e-01
1.500000000000000000e+07, 4.034000000000000259e-03, 2.952999999999999847e+00, 8.944000000000000561e-02, 1.475000000000000000e+01, 1.395000000000000129e-01
1.600000000000000000e+07, 3.546000000000000107e-03, 2.811999999999999833e+00, 8.308999999999999719e-02, 1.526999999999999957e+01, 1.479000000000000037e-01
1.800000000000000000e+07, 2.801999999999999803e-03, 2.569999999999999840e+00, 7.273999999999999910e-02, 1.619999999999999929e+01, 1.633999999999999897e-01
2.000000000000000000e+07, 2.269000000000000183e-03, 2.370000000000000107e+00, 6.467000000000000526e-02, 1.703000000000000114e+01, 1.774999999999999911e-01
2.200000000000000000e+07, 1.874999999999999931e-03, 2.201000000000000068e+00, 5.818999999999999867e-02, 1.778999999999999915e+01, 1.904000000000000137e-01
2.400000000000000000e+07, 1.575999999999999927e-03, 2.056999999999999940e+00, 5.288999999999999951e-02, 1.848000000000000043e+01, 2.021999999999999909e-01
2.600000000000000000e+07, 1.343000000000000010e-03, 1.931999999999999940e+00, 4.846999999999999920e-02, 1.910000000000000142e+01, 2.129999999999999949e-01
2.800000000000000000e+07, 1.157999999999999958e-03, 1.822000000000000064e+00, 4.472000000000000280e-02, 1.967999999999999972e+01, 2.230000000000000038e-01
3.000000000000000000e+07, 1.008999999999999914e-03, 1.725999999999999979e+00, 4.150999999999999829e-02, 2.021000000000000085e+01, 2.323000000000000065e-01
4.000000000000000000e+07, 5.674000000000000224e-04, 1.370999999999999996e+00, 3.054000000000000117e-02, 2.237999999999999901e+01, 2.706000000000000072e-01
5.000000000000000000e+07, 3.630999999999999896e-04, 1.145000000000000018e+00, 2.414000000000000173e-02, 2.398999999999999844e+01, 2.993999999999999995e-01
6.000000000000000000e+07, 2.522000000000000045e-04, 9.861999999999999655e-01, 1.995999999999999858e-02, 2.523999999999999844e+01, 3.220999999999999974e-01
8.000000000000000000e+07, 1.418000000000000044e-04, 7.778000000000000469e-01, 1.481999999999999984e-02, 2.707999999999999829e+01, 3.558999999999999941e-01
1.000000000000000000e+08, 9.077999999999999481e-05, 6.454999999999999627e-01, 1.179000000000000013e-02, 2.837000000000000099e+01, 3.801999999999999824e-01
1.500000000000000000e+08, 4.034999999999999823e-05, 4.596999999999999975e-01, 7.793999999999999713e-03, 3.041000000000000014e+01, 4.199999999999999845e-01
2.000000000000000000e+08, 2.269000000000000129e-05, 3.604999999999999871e-01, 5.821999999999999918e-03, 3.162000000000000099e+01, 4.445999999999999952e-01
3.000000000000000000e+08, 1.008999999999999996e-05, 2.555000000000000049e-01, 3.864999999999999946e-03, 3.303000000000000114e+01, 4.742999999999999994e-01
4.000000000000000000e+08, 5.674000000000000224e-06, 2.001000000000000001e-01, 2.893000000000000172e-03, 3.382999999999999829e+01, 4.919000000000000039e-01
5.000000000000000000e+08, 3.631000000000000049e-06, 1.655999999999999972e-01, 2.311999999999999819e-03, 3.435999999999999943e+01, 5.038000000000000256e-01
6.000000000000000000e+08, 2.522000000000000163e-06, 1.418000000000000094e-01, 1.925000000000000062e-03, 3.472999999999999687e+01, 5.124999999999999556e-01
8.000000000000000000e+08, 1.418000000000000018e-06, 1.107999999999999957e-01, 1.441999999999999922e-03, 3.522999999999999687e+01, 5.243999999999999773e-01
1.000000000000000000e+09, 9.078000000000000159e-07, 9.112000000000000655e-02, 1.152999999999999945e-03, 3.554999999999999716e+01, 5.322000000000000064e-01
1.500000000000000000e+09, 4.034999999999999802e-07, 6.364000000000000212e-02, 7.680000000000000195e-04, 3.602000000000000313e+01, 5.437999999999999501e-01
2.000000000000000000e+09, 2.269000000000000002e-07, 4.925000000000000211e-02, 5.758000000000000097e-04, 3.627000000000000313e+01, 5.504000000000000004e-01
3.000000000000000000e+09, 1.008999999999999969e-07, 3.425000000000000266e-02, 3.837000000000000024e-04, 3.654999999999999716e+01, 5.574999999999999956e-01
4.000000000000000000e+09, 5.673999999999999721e-08, 2.642999999999999863e-02, 2.877000000000000000e-04, 3.668999999999999773e+01, 5.616999999999999771e-01
5.000000000000000000e+09, 3.630999999999999890e-08, 2.161000000000000074e-02, 2.301000000000000094e-04, 3.678999999999999915e+01, 5.642000000000000348e-01
6.000000000000000000e+09, 2.522000000000000018e-08, 1.832999999999999907e-02, 1.918000000000000000e-04, 3.685000000000000142e+01, 5.659999999999999476e-01
8.000000000000000000e+09, 1.418000000000000025e-08, 1.412000000000000061e-02, 1.437999999999999988e-04, 3.693999999999999773e+01, 5.683000000000000274e-01
1.000000000000000000e+10, 9.078000000000000291e-09, 1.153000000000000032e-02, 1.150000000000000035e-04, 3.699000000000000199e+01, 5.697999999999999732e-01
1.500000000000000000e+10, 4.035000000000000232e-09, 7.967000000000000123e-03, 7.668999999999999927e-05, 3.706000000000000227e+01, 5.717999999999999750e-01
2.000000000000000000e+10, 2.268999999999999919e-09, 6.125000000000000236e-03, 5.751000000000000334e-05, 3.710000000000000142e+01, 5.729999999999999538e-01
3.000000000000000000e+10, 1.008999999999999928e-09, 4.224000000000000324e-03, 3.834000000000000222e-05, 3.714999999999999858e+01, 5.741000000000000547e-01
4.000000000000000000e+10, 5.674000000000000259e-10, 3.242999999999999789e-03, 2.875000000000000087e-05, 3.717000000000000171e+01, 5.747999999999999776e-01
5.000000000000000000e+10, 3.631000000000000179e-10, 2.641000000000000118e-03, 2.300000000000000002e-05, 3.717999999999999972e+01, 5.753000000000000336e-01
6.000000000000000000e+10, 2.522000000000000183e-10, 2.232000000000000043e-03, 1.917000000000000111e-05, 3.718999999999999773e+01, 5.755000000000000115e-01
8.000000000000000000e+10, 1.417999999999999911e-10, 1.711999999999999980e-03, 1.437999999999999954e-05, 3.720000000000000284e+01, 5.757999999999999785e-01
1.000000000000000000e+11, 9.077999999999999567e-11, 1.392999999999999924e-03, 1.150000000000000001e-05, 3.721000000000000085e+01, 5.760999999999999455e-01
