1.000000000000000000e+03, 3.494000000000000000e+03, 1.324999999999999956e+00, 1.121000000000000000e+06, 0.000000000000000000e+00, 0.000000000000000000e+00
1.500000000000000000e+03, 3.347000000000000000e+03, 2.294000000000000039e+00, 4.984000000000000000e+05, 0.000000000000000000e+00, 0.000000000000000000e+00
2.000000000000000000e+03, 3.184000000000000000e+03, 3.213000000000000078e+00, 1.194000000000000000e+06, 0.000000000000000000e+00, 0.000000000000000000e+00
3.000000000000000000e+03, 2.858000000000000000e+03, 4.983999999999999986e+00, 5.778000000000000000e+05, 0.000000000000000000e+00, 0.000000000000000000e+00
4.000000000000000000e+03, 2.555000000000000000e+03, 6.674999999999999822e+00, 2.894000000000000000e+05, 0.000000000000000000e+00, 0.000000000000000000e+00
5.000000000000000000e+03, 2.284000000000000000e+03, 8.275999999999999801e+00, 1.666000000000000000e+05, 0.000000000000000000e+00, 0.000000000000000000e+00
6.000000000000000000e+03, 2.044000000000000000e+03, 9.776999999999999247e+00, 1.052000000000000000e+05, 0.000000000000000000e+00, 0.000000000000000000e+00
8.000000000000000000e+03, 1.654000000000000000e+03, 1.241999999999999993e+01, 5.039000000000000000e+04, 0.000000000000000000e+00, 0.000000000000000000e+00
1.000000000000000000e+04, 1.358000000000000000e+03, 1.463000000000000078e+01, 2.821000000000000000e+04, 0.000000000000000000e+00, 0.000000000000000000e+00
1.500000000000000000e+04, 8.811000000000000227e+02, 1.892000000000000171e+01, 4.150000000000000000e+04, 0.000000000000000000e+00, 0.000000000000000000e+00
2.000000000000000000e+04, 6.215000000000000000e+02, 2.212000000000000099e+01, 1.942000000000000000e+04, 0.000000000000000000e+00, 0.000000000000000000e+00
3.000000000000000000e+04, 3.675000000000000000e+02, 2.639000000000000057e+01, 6.545000000000000000e+03, 0.000000000000000000e+00, 0.000000000000000000e+00
4.000000000000000000e+04, 2.423000000000000114e+02, 2.878000000000000114e+01, 2.986000000000000000e+03, 0.000000000000000000e+00, 0.000000000000000000e+00
5.000000000000000000e+04, 1.714000000000000057e+02, 3.010999999999999943e+01, 1.615000000000000000e+03, 0.000000000000000000e+00, 0.000000000000000000e+00
6.000000000000000000e+04, 1.284000000000000057e+02, 3.082999999999999829e+01, 9.742000000000000455e+02, 0.000000000000000000e+00, 0.000000000000000000e+00
8.000000000000000000e+04, 8.065999999999999659e+01, 3.132000000000000028e+01, 2.272000000000000000e+03, 0.000000000000000000e+00, 0.000000000000000000e+00
1.000000000000000000e+05, 5.539999999999999858e+01, 3.114999999999999858e+01, 1.268000000000000000e+03, 0.000000000000000000e+00, 0.000000000000000000e+00
1.500000000000000000e+05, 2.710000000000000142e+01, 2.973000000000000043e+01, 4.258999999999999773e+02, 0.000000000000000000e+00, 0.000000000000000000e+00
2.000000000000000000e+05, 1.614999999999999858e+01, 2.803999999999999915e+01, 1.953000000000000114e+02, 0.000000000000000000e+00, 0.000000000000000000e+00
3.000000000000000000e+05, 7.668000000000000149e+00, 2.507000000000000028e+01, 6.612000000000000455e+01, 0.000000000000000000e+00, 0.000000000000000000e+00
4.000000000000000000e+05, 4.459999999999999964e+00, 2.276999999999999957e+01, 3.153000000000000114e+01, 0.000000000000000000e+00, 0.000000000000000000e+00
5.000000000000000000e+05, 2.911000000000000032e+00, 2.096000000000000085e+01, 1.819999999999999929e+01, 0.000000000000000000e+00, 0.000000000000000000e+00
6.000000000000000000e+05, 2.048000000000000043e+00, 1.948999999999999844e+01, 1.183000000000000007e+01, 0.000000000000000000e+00, 0.000000000000000000e+00
8.000000000000000000e+05, 1.171000000000000041e+00, 1.721999999999999886e+01, 6.235000000000000320e+00, 0.000000000000000000e+00, 0.000000000000000000e+00
1.000000000000000000e+06, 7.561999999999999833e-01, 1.552999999999999936e+01, 3.916999999999999815e+00, 0.000000000000000000e+00, 0.000000000000000000e+00
1.022000000000000000e+06, 7.246000000000000218e-01, 1.535999999999999943e+01, 3.749000000000000110e+00, 0.000000000000000000e+00, 0.000000000000000000e+00
1.250000000000000000e+06, 4.873999999999999999e-01, 1.391000000000000014e+01, 2.528000000000000025e+00, 9.851999999999999647e-02, 0.000000000000000000e+00
1.500000000000000000e+06, 3.398999999999999799e-01, 1.266000000000000014e+01, 1.802999999999999936e+00, 4.611000000000000099e-01, 0.000000000000000000e+00
2.000000000000000000e+06, 1.920999999999999930e-01, 1.082000000000000028e+01, 1.090999999999999970e+00, 1.429999999999999938e+00, 0.000000000000000000e+00
2.044000000000000000e+06, 1.839000000000000079e-01, 1.068999999999999950e+01, 1.052999999999999936e+00, 1.516999999999999904e+00, 0.000000000000000000e+00
3.000000000000000000e+06, 8.566999999999999615e-02, 8.521000000000000796e+00, 5.725000000000000089e-01, 3.258000000000000007e+00, 2.978000000000000178e-03
4.000000000000000000e+06, 4.825000000000000122e-02, 7.112000000000000099e+00, 3.759000000000000119e-01, 4.777999999999999581e+00, 1.213999999999999975e-02
5.000000000000000000e+06, 3.090000000000000038e-02, 6.142999999999999794e+00, 2.761000000000000121e-01, 6.052999999999999936e+00, 2.415000000000000133e-02
6.000000000000000000e+06, 2.146999999999999950e-02, 5.429999999999999716e+00, 2.167000000000000037e-01, 7.149000000000000021e+00, 3.701999999999999735e-02
7.000000000000000000e+06, 1.576999999999999930e-02, 4.881000000000000227e+00, 1.776999999999999968e-01, 8.115999999999999659e+00, 4.982999999999999929e-02
8.000000000000000000e+06, 1.208000000000000046e-02, 4.442999999999999616e+00, 1.502999999999999892e-01, 8.984999999999999432e+00, 6.221000000000000141e-02
9.000000000000000000e+06, 9.544999999999999665e-03, 4.083999999999999631e+00, 1.300000000000000044e-01, 9.775999999999999801e+00, 7.402999999999999858e-02
1.000000000000000000e+07, 7.732000000000000157e-03, 3.785000000000000142e+00, 1.144000000000000017e-01, 1.050000000000000000e+01, 8.523999999999999633e-02
1.100000000000000000e+07, 6.389999999999999847e-03, 3.529999999999999805e+00, 1.020999999999999963e-01, 1.116999999999999993e+01, 9.583999999999999464e-02
1.200000000000000000e+07, 5.369999999999999774e-03, 3.310999999999999943e+00, 9.217000000000000193e-02, 1.180000000000000071e+01, 1.058000000000000052e-01
1.300000000000000000e+07, 4.576000000000000206e-03, 3.119000000000000217e+00, 8.396000000000000685e-02, 1.238000000000000078e+01, 1.151999999999999968e-01
1.400000000000000000e+07, 3.945999999999999855e-03, 2.951000000000000068e+00, 7.706999999999999962e-02, 1.292999999999999972e+01, 1.241000000000000020e-01
1.500000000000000000e+07, 3.436999999999999951e-03, 2.801000000000000156e+00, 7.120999999999999552e-02, 1.342999999999999972e+01, 1.325000000000000067e-01
1.600000000000000000e+07, 3.020999999999999814e-03, 2.668000000000000149e+00, 6.617000000000000659e-02, 1.391000000000000014e+01, 1.405000000000000138e-01
1.800000000000000000e+07, 2.386999999999999799e-03, 2.438000000000000167e+00, 5.795000000000000151e-02, 1.475999999999999979e+01, 1.552999999999999936e-01
2.000000000000000000e+07, 1.933000000000000039e-03, 2.248000000000000220e+00, 5.152999999999999942e-02, 1.551999999999999957e+01, 1.686999999999999889e-01
2.200000000000000000e+07, 1.598000000000000028e-03, 2.088999999999999968e+00, 4.637999999999999762e-02, 1.621000000000000085e+01, 1.809999999999999942e-01
2.400000000000000000e+07, 1.343000000000000010e-03, 1.951999999999999957e+00, 4.216000000000000303e-02, 1.683999999999999986e+01, 1.922000000000000097e-01
2.600000000000000000e+07, 1.144000000000000052e-03, 1.832999999999999963e+00, 3.864000000000000073e-02, 1.741000000000000014e+01, 2.025000000000000133e-01
2.800000000000000000e+07, 9.864999999999999637e-04, 1.729000000000000092e+00, 3.565999999999999726e-02, 1.794000000000000128e+01, 2.121000000000000107e-01
3.000000000000000000e+07, 8.593000000000000161e-04, 1.637000000000000011e+00, 3.309999999999999748e-02, 1.842000000000000171e+01, 2.210000000000000020e-01
4.000000000000000000e+07, 4.833999999999999864e-04, 1.300999999999999934e+00, 2.435999999999999971e-02, 2.039999999999999858e+01, 2.575000000000000067e-01
5.000000000000000000e+07, 3.093999999999999854e-04, 1.086000000000000076e+00, 1.926999999999999894e-02, 2.187000000000000099e+01, 2.849999999999999756e-01
6.000000000000000000e+07, 2.147999999999999899e-04, 9.355999999999999872e-01, 1.592999999999999972e-02, 2.301000000000000156e+01, 3.066999999999999726e-01
8.000000000000000000e+07, 1.207999999999999954e-04, 7.379000000000000004e-01, 1.183000000000000024e-02, 2.469000000000000128e+01, 3.390000000000000235e-01
1.000000000000000000e+08, 7.734000000000000152e-05, 6.124000000000000554e-01, 9.409999999999999962e-03, 2.587000000000000099e+01, 3.623000000000000109e-01
1.500000000000000000e+08, 3.436999999999999788e-05, 4.361999999999999766e-01, 6.224000000000000365e-03, 2.773999999999999844e+01, 4.005000000000000226e-01
2.000000000000000000e+08, 1.932999999999999958e-05, 3.420000000000000262e-01, 4.649000000000000354e-03, 2.885000000000000142e+01, 4.240999999999999770e-01
3.000000000000000000e+08, 8.593000000000000567e-06, 2.424000000000000044e-01, 3.086999999999999900e-03, 3.012999999999999901e+01, 4.526999999999999913e-01
4.000000000000000000e+08, 4.833999999999999796e-06, 1.897999999999999965e-01, 2.311000000000000120e-03, 3.087000000000000099e+01, 4.697999999999999954e-01
5.000000000000000000e+08, 3.093999999999999938e-06, 1.570999999999999897e-01, 1.845999999999999985e-03, 3.135000000000000142e+01, 4.813999999999999946e-01
6.000000000000000000e+08, 2.148000000000000017e-06, 1.345000000000000084e-01, 1.536999999999999955e-03, 3.169000000000000128e+01, 4.898000000000000131e-01
8.000000000000000000e+08, 1.207999999999999911e-06, 1.050999999999999990e-01, 1.152000000000000029e-03, 3.214999999999999858e+01, 5.014999999999999458e-01
1.000000000000000000e+09, 7.733999999999999771e-07, 8.644999999999999907e-02, 9.208999999999999955e-04, 3.245000000000000284e+01, 5.091999999999999860e-01
1.500000000000000000e+09, 3.436999999999999873e-07, 6.037000000000000005e-02, 6.135000000000000045e-04, 3.286999999999999744e+01, 5.205999999999999517e-01
2.000000000000000000e+09, 1.932999999999999905e-07, 4.673000000000000070e-02, 4.599000000000000115e-04, 3.310000000000000142e+01, 5.271000000000000130e-01
3.000000000000000000e+09, 8.593000000000000250e-08, 3.248999999999999805e-02, 3.065000000000000233e-04, 3.335999999999999943e+01, 5.341000000000000192e-01
4.000000000000000000e+09, 4.834000000000000140e-08, 2.508000000000000160e-02, 2.298000000000000021e-04, 3.349000000000000199e+01, 5.383000000000000007e-01
5.000000000000000000e+09, 3.093999999999999780e-08, 2.050000000000000086e-02, 1.837999999999999953e-04, 3.357999999999999829e+01, 5.407999999999999474e-01
6.000000000000000000e+09, 2.148000000000000110e-08, 1.738999999999999921e-02, 1.532000000000000104e-04, 3.363000000000000256e+01, 5.425999999999999712e-01
8.000000000000000000e+09, 1.207999999999999964e-08, 1.340000000000000045e-02, 1.149000000000000010e-04, 3.371000000000000085e+01, 5.450000000000000400e-01
1.000000000000000000e+10, 7.733999999999999969e-09, 1.094000000000000007e-02, 9.189000000000000282e-05, 3.375999999999999801e+01, 5.464999999999999858e-01
1.500000000000000000e+10, 3.437000000000000022e-09, 7.558999999999999747e-03, 6.126000000000000640e-05, 3.382999999999999829e+01, 5.484999999999999876e-01
2.000000000000000000e+10, 1.932999999999999839e-09, 5.811000000000000193e-03, 4.593999999999999722e-05, 3.386999999999999744e+01, 5.496999999999999664e-01
3.000000000000000000e+10, 8.593000000000000208e-10, 4.008000000000000278e-03, 3.063000000000000320e-05, 3.389999999999999858e+01, 5.507999999999999563e-01
4.000000000000000000e+10, 4.834000000000000057e-10, 3.076999999999999874e-03, 2.296999999999999861e-05, 3.392000000000000171e+01, 5.514999999999999902e-01
5.000000000000000000e+10, 3.093999999999999862e-10, 2.505999999999999981e-03, 1.838000000000000021e-05, 3.393999999999999773e+01, 5.520000000000000462e-01
6.000000000000000000e+10, 2.147999999999999975e-10, 2.118000000000000091e-03, 1.531000000000000080e-05, 3.393999999999999773e+01, 5.522000000000000242e-01
8.000000000000000000e+10, 1.208000000000000119e-10, 1.624000000000000010e-03, 1.148000000000000020e-05, 3.396000000000000085e+01, 5.524999999999999911e-01
1.000000000000000000e+11, 7.734000000000000124e-11, 1.320999999999999909e-03, 9.187000000000000301e-06, 3.396000000000000085e+01, 5.527999999999999581e-01
