1.000000000000000000e+03, 6.437000000000000455e+02, 7.458000000000000185e-01, 2.275000000000000000e+05, 0.000000000000000000e+00, 0.000000000000000000e+00
1.500000000000000000e+03, 6.072000000000000455e+02, 1.381000000000000005e+00, 6.595000000000000000e+05, 0.000000000000000000e+00, 0.000000000000000000e+00
2.000000000000000000e+03, 5.682000000000000455e+02, 2.008000000000000007e+00, 3.263000000000000000e+05, 0.000000000000000000e+00, 0.000000000000000000e+00
3.000000000000000000e+03, 4.948000000000000114e+02, 3.137999999999999901e+00, 1.154000000000000000e+05, 0.000000000000000000e+00, 0.000000000000000000e+00
4.000000000000000000e+03, 4.313000000000000114e+02, 4.126000000000000334e+00, 5.379000000000000000e+04, 0.000000000000000000e+00, 0.000000000000000000e+00
5.000000000000000000e+03, 3.765000000000000000e+02, 5.025000000000000355e+00, 2.943000000000000000e+04, 0.000000000000000000e+00, 0.000000000000000000e+00
6.000000000000000000e+03, 3.288000000000000114e+02, 5.855999999999999872e+00, 1.786000000000000000e+04, 0.000000000000000000e+00, 0.000000000000000000e+00
8.000000000000000000e+03, 2.521999999999999886e+02, 7.328000000000000291e+00, 8.048000000000000000e+03, 0.000000000000000000e+00, 0.000000000000000000e+00
1.000000000000000000e+04, 1.971999999999999886e+02, 8.579000000000000625e+00, 4.306000000000000000e+03, 0.000000000000000000e+00, 0.000000000000000000e+00
1.500000000000000000e+04, 1.190999999999999943e+02, 1.091000000000000014e+01, 1.090000000000000000e+04, 0.000000000000000000e+00, 0.000000000000000000e+00
2.000000000000000000e+04, 8.159000000000000341e+01, 1.238000000000000078e+01, 4.996000000000000000e+03, 0.000000000000000000e+00, 0.000000000000000000e+00
3.000000000000000000e+04, 4.585999999999999943e+01, 1.400000000000000000e+01, 1.610000000000000000e+03, 0.000000000000000000e+00, 0.000000000000000000e+00
4.000000000000000000e+04, 2.907000000000000028e+01, 1.475000000000000000e+01, 7.045000000000000000e+02, 0.000000000000000000e+00, 0.000000000000000000e+00
5.000000000000000000e+04, 2.005999999999999872e+01, 1.505000000000000071e+01, 3.670000000000000000e+02, 0.000000000000000000e+00, 0.000000000000000000e+00
6.000000000000000000e+04, 1.475000000000000000e+01, 1.511999999999999922e+01, 2.140000000000000000e+02, 0.000000000000000000e+00, 0.000000000000000000e+00
8.000000000000000000e+04, 9.003999999999999559e+00, 1.493999999999999950e+01, 9.060999999999999943e+01, 0.000000000000000000e+00, 0.000000000000000000e+00
1.000000000000000000e+05, 6.083000000000000185e+00, 1.458999999999999986e+01, 4.624000000000000199e+01, 0.000000000000000000e+00, 0.000000000000000000e+00
1.500000000000000000e+05, 2.903000000000000025e+00, 1.357000000000000028e+01, 1.356000000000000050e+01, 0.000000000000000000e+00, 0.000000000000000000e+00
2.000000000000000000e+05, 1.687999999999999945e+00, 1.263000000000000078e+01, 5.706000000000000405e+00, 0.000000000000000000e+00, 0.000000000000000000e+00
3.000000000000000000e+05, 7.755999999999999561e-01, 1.113000000000000078e+01, 1.733000000000000096e+00, 0.000000000000000000e+00, 0.000000000000000000e+00
4.000000000000000000e+05, 4.430999999999999939e-01, 1.002999999999999936e+01, 7.731000000000000094e-01, 0.000000000000000000e+00, 0.000000000000000000e+00
5.000000000000000000e+05, 2.859999999999999765e-01, 9.188000000000000611e+00, 4.269999999999999907e-01, 0.000000000000000000e+00, 0.000000000000000000e+00
6.000000000000000000e+05, 1.995999999999999996e-01, 8.516000000000000014e+00, 2.698999999999999733e-01, 0.000000000000000000e+00, 0.000000000000000000e+00
8.000000000000000000e+05, 1.129000000000000004e-01, 7.496999999999999886e+00, 1.378999999999999948e-01, 0.000000000000000000e+00, 0.000000000000000000e+00
1.000000000000000000e+06, 7.241999999999999826e-02, 6.746999999999999886e+00, 8.584999999999999576e-02, 0.000000000000000000e+00, 0.000000000000000000e+00
1.022000000000000000e+06, 6.934999999999999498e-02, 6.676000000000000156e+00, 8.157999999999999974e-02, 0.000000000000000000e+00, 0.000000000000000000e+00
1.250000000000000000e+06, 4.642999999999999905e-02, 6.038000000000000256e+00, 5.512000000000000233e-02, 1.072999999999999995e-02, 0.000000000000000000e+00
1.500000000000000000e+06, 3.227000000000000007e-02, 5.490000000000000213e+00, 3.967999999999999999e-02, 5.319999999999999729e-02, 0.000000000000000000e+00
2.000000000000000000e+06, 1.816999999999999865e-02, 4.687000000000000277e+00, 2.436999999999999930e-02, 1.970999999999999974e-01, 0.000000000000000000e+00
2.044000000000000000e+06, 1.739999999999999880e-02, 4.628999999999999559e+00, 2.352999999999999883e-02, 2.116000000000000103e-01, 0.000000000000000000e+00
3.000000000000000000e+06, 8.080000000000000376e-03, 3.689000000000000057e+00, 1.314000000000000064e-02, 5.377999999999999448e-01, 1.291000000000000047e-03
4.000000000000000000e+06, 4.545999999999999694e-03, 3.076999999999999957e+00, 8.812999999999999653e-03, 8.526000000000000245e-01, 5.269000000000000246e-03
5.000000000000000000e+06, 2.909999999999999826e-03, 2.657999999999999918e+00, 6.576000000000000248e-03, 1.129999999999999893e+00, 1.048999999999999932e-02
6.000000000000000000e+06, 2.020999999999999793e-03, 2.349000000000000199e+00, 5.224999999999999610e-03, 1.374000000000000110e+00, 1.610999999999999932e-02
7.000000000000000000e+06, 1.484999999999999992e-03, 2.112000000000000099e+00, 4.324999999999999852e-03, 1.592000000000000082e+00, 2.170000000000000054e-02
8.000000000000000000e+06, 1.136999999999999990e-03, 1.921999999999999931e+00, 3.684999999999999908e-03, 1.788000000000000034e+00, 2.713000000000000134e-02
9.000000000000000000e+06, 8.982000000000000400e-04, 1.766999999999999904e+00, 3.207999999999999914e-03, 1.965999999999999970e+00, 3.232000000000000151e-02
1.000000000000000000e+07, 7.276000000000000132e-04, 1.637000000000000011e+00, 2.838999999999999944e-03, 2.126999999999999780e+00, 3.726000000000000145e-02
1.100000000000000000e+07, 6.013000000000000332e-04, 1.526999999999999913e+00, 2.544999999999999953e-03, 2.274000000000000021e+00, 4.193999999999999811e-02
1.200000000000000000e+07, 5.052999999999999766e-04, 1.431999999999999940e+00, 2.305999999999999890e-03, 2.407999999999999918e+00, 4.635999999999999843e-02
1.300000000000000000e+07, 4.305000000000000016e-04, 1.348999999999999977e+00, 2.106999999999999932e-03, 2.532999999999999918e+00, 5.052000000000000240e-02
1.400000000000000000e+07, 3.712000000000000239e-04, 1.276000000000000023e+00, 1.940000000000000101e-03, 2.648000000000000131e+00, 5.448999999999999677e-02
1.500000000000000000e+07, 3.234000000000000004e-04, 1.211999999999999966e+00, 1.796999999999999986e-03, 2.754999999999999893e+00, 5.825000000000000316e-02
1.600000000000000000e+07, 2.842000000000000234e-04, 1.153999999999999915e+00, 1.673999999999999924e-03, 2.855999999999999872e+00, 6.181999999999999995e-02
1.800000000000000000e+07, 2.246000000000000112e-04, 1.054000000000000048e+00, 1.471000000000000085e-03, 3.040000000000000036e+00, 6.845999999999999308e-02
2.000000000000000000e+07, 1.819000000000000033e-04, 9.724000000000000421e-01, 1.312000000000000015e-03, 3.205000000000000071e+00, 7.449999999999999678e-02
2.200000000000000000e+07, 1.502999999999999942e-04, 9.032000000000000028e-01, 1.183999999999999940e-03, 3.354000000000000092e+00, 8.004000000000000004e-02
2.400000000000000000e+07, 1.263000000000000071e-04, 8.439999999999999725e-01, 1.079000000000000098e-03, 3.490000000000000213e+00, 8.515000000000000346e-02
2.600000000000000000e+07, 1.075999999999999998e-04, 7.924999999999999822e-01, 9.909000000000000707e-04, 3.613999999999999879e+00, 8.987000000000000544e-02
2.800000000000000000e+07, 9.281000000000000079e-05, 7.476000000000000423e-01, 9.160000000000000390e-04, 3.728000000000000203e+00, 9.425000000000000044e-02
3.000000000000000000e+07, 8.085000000000000010e-05, 7.078999999999999737e-01, 8.515999999999999915e-04, 3.833000000000000185e+00, 9.833999999999999686e-02
4.000000000000000000e+07, 4.547999999999999824e-05, 5.625999999999999890e-01, 6.300000000000000261e-04, 4.261999999999999567e+00, 1.152999999999999997e-01
5.000000000000000000e+07, 2.909999999999999921e-05, 4.696000000000000174e-01, 4.998000000000000055e-04, 4.581000000000000405e+00, 1.282999999999999974e-01
6.000000000000000000e+07, 2.021000000000000132e-05, 4.046000000000000152e-01, 4.141999999999999849e-04, 4.831000000000000405e+00, 1.386000000000000010e-01
8.000000000000000000e+07, 1.136999999999999956e-05, 3.190999999999999948e-01, 3.085000000000000177e-04, 5.200999999999999623e+00, 1.542000000000000037e-01
1.000000000000000000e+08, 7.276000000000000302e-06, 2.647999999999999798e-01, 2.457000000000000091e-04, 5.464000000000000412e+00, 1.655999999999999972e-01
1.500000000000000000e+08, 3.233999999999999868e-06, 1.885999999999999899e-01, 1.629000000000000023e-04, 5.883000000000000007e+00, 1.845999999999999863e-01
2.000000000000000000e+08, 1.819000000000000075e-06, 1.479000000000000037e-01, 1.218000000000000061e-04, 6.134000000000000341e+00, 1.965999999999999970e-01
3.000000000000000000e+08, 8.083999999999999596e-07, 1.048000000000000043e-01, 8.098000000000000055e-05, 6.424999999999999822e+00, 2.112999999999999878e-01
4.000000000000000000e+08, 4.547000000000000151e-07, 8.208999999999999631e-02, 6.064999999999999699e-05, 6.591999999999999638e+00, 2.200999999999999901e-01
5.000000000000000000e+08, 2.909999999999999985e-07, 6.794999999999999651e-02, 4.847999999999999662e-05, 6.703000000000000291e+00, 2.262000000000000122e-01
6.000000000000000000e+08, 2.020999999999999899e-07, 5.818000000000000255e-02, 4.037000000000000142e-05, 6.780999999999999694e+00, 2.306999999999999884e-01
8.000000000000000000e+08, 1.137000000000000057e-07, 4.544000000000000122e-02, 3.026000000000000166e-05, 6.886000000000000121e+00, 2.368000000000000105e-01
1.000000000000000000e+09, 7.275999999999999772e-08, 3.737999999999999656e-02, 2.419999999999999869e-05, 6.953999999999999737e+00, 2.409000000000000030e-01
1.500000000000000000e+09, 3.233999999999999710e-08, 2.611000000000000126e-02, 1.612000000000000152e-05, 7.051999999999999602e+00, 2.469999999999999973e-01
2.000000000000000000e+09, 1.818999999999999943e-08, 2.020999999999999880e-02, 1.208999999999999944e-05, 7.105999999999999872e+00, 2.505000000000000004e-01
3.000000000000000000e+09, 8.083999999999999795e-09, 1.404999999999999999e-02, 8.056000000000000457e-06, 7.163999999999999702e+00, 2.543000000000000260e-01
4.000000000000000000e+09, 4.547000000000000118e-09, 1.084000000000000068e-02, 6.041000000000000268e-06, 7.195000000000000284e+00, 2.565000000000000058e-01
5.000000000000000000e+09, 2.910000000000000084e-09, 8.866999999999999882e-03, 4.833000000000000144e-06, 7.214999999999999858e+00, 2.579000000000000181e-01
6.000000000000000000e+09, 2.020999999999999949e-09, 7.518999999999999642e-03, 4.026999999999999730e-06, 7.227999999999999758e+00, 2.589000000000000190e-01
8.000000000000000000e+09, 1.136999999999999899e-09, 5.793000000000000406e-03, 3.019999999999999885e-06, 7.246000000000000441e+00, 2.600999999999999979e-01
1.000000000000000000e+10, 7.276000000000000517e-10, 4.729999999999999830e-03, 2.415999999999999823e-06, 7.256999999999999673e+00, 2.609000000000000208e-01
1.500000000000000000e+10, 3.233999999999999896e-10, 3.269000000000000204e-03, 1.610999999999999907e-06, 7.272999999999999687e+00, 2.620000000000000107e-01
2.000000000000000000e+10, 1.819000000000000129e-10, 2.513000000000000043e-03, 1.207999999999999911e-06, 7.280999999999999694e+00, 2.626999999999999891e-01
3.000000000000000000e+10, 8.084000000000000208e-11, 1.732999999999999948e-03, 8.052000000000000368e-07, 7.290000000000000036e+00, 2.632999999999999785e-01
4.000000000000000000e+10, 4.546999999999999911e-11, 1.330999999999999935e-03, 6.038999999999999482e-07, 7.294999999999999929e+00, 2.636999999999999900e-01
5.000000000000000000e+10, 2.909999999999999838e-11, 1.082999999999999978e-03, 4.830999999999999782e-07, 7.296999999999999709e+00, 2.639000000000000234e-01
6.000000000000000000e+10, 2.021000000000000052e-11, 9.158999999999999824e-04, 4.026000000000000184e-07, 7.299000000000000377e+00, 2.641000000000000014e-01
8.000000000000000000e+10, 1.137000000000000022e-11, 7.022999999999999946e-04, 3.019000000000000233e-07, 7.301999999999999602e+00, 2.641999999999999904e-01
1.000000000000000000e+11, 7.275999999999999289e-12, 5.714000000000000112e-04, 2.415999999999999929e-07, 7.302999999999999936e+00, 2.642999999999999794e-01
