1.000000000000000000e+03, 1.051000000000000000e+03, 1.054999999999999938e+00, 7.085000000000000000e+05, 0.000000000000000000e+00, 0.000000000000000000e+00
1.500000000000000000e+03, 9.877999999999999545e+02, 1.816999999999999948e+00, 2.746000000000000000e+05, 0.000000000000000000e+00, 0.000000000000000000e+00
2.000000000000000000e+03, 9.215000000000000000e+02, 2.545999999999999819e+00, 1.363000000000000000e+05, 0.000000000000000000e+00, 0.000000000000000000e+00
3.000000000000000000e+03, 7.962000000000000455e+02, 3.916999999999999815e+00, 2.932000000000000000e+05, 0.000000000000000000e+00, 0.000000000000000000e+00
4.000000000000000000e+03, 6.887000000000000455e+02, 5.171000000000000263e+00, 1.407000000000000000e+05, 0.000000000000000000e+00, 0.000000000000000000e+00
5.000000000000000000e+03, 6.002000000000000455e+02, 6.318999999999999950e+00, 7.859000000000000000e+04, 0.000000000000000000e+00, 0.000000000000000000e+00
6.000000000000000000e+03, 5.282999999999999545e+02, 7.363000000000000433e+00, 4.840000000000000000e+04, 0.000000000000000000e+00, 0.000000000000000000e+00
8.000000000000000000e+03, 4.208000000000000114e+02, 9.128000000000000114e+00, 2.223000000000000000e+04, 0.000000000000000000e+00, 0.000000000000000000e+00
1.000000000000000000e+04, 3.433999999999999773e+02, 1.052999999999999936e+01, 1.205000000000000000e+04, 0.000000000000000000e+00, 0.000000000000000000e+00
1.500000000000000000e+04, 2.176999999999999886e+02, 1.309999999999999964e+01, 3.891000000000000000e+03, 0.000000000000000000e+00, 0.000000000000000000e+00
2.000000000000000000e+04, 1.484000000000000057e+02, 1.488000000000000078e+01, 1.173000000000000000e+04, 0.000000000000000000e+00, 0.000000000000000000e+00
3.000000000000000000e+04, 8.385999999999999943e+01, 1.698999999999999844e+01, 4.011000000000000000e+03, 0.000000000000000000e+00, 0.000000000000000000e+00
4.000000000000000000e+04, 5.453000000000000114e+01, 1.805999999999999872e+01, 1.815000000000000000e+03, 0.000000000000000000e+00, 0.000000000000000000e+00
5.000000000000000000e+04, 3.807000000000000028e+01, 1.857999999999999829e+01, 9.682999999999999545e+02, 0.000000000000000000e+00, 0.000000000000000000e+00
6.000000000000000000e+04, 2.801999999999999957e+01, 1.878000000000000114e+01, 5.752999999999999545e+02, 0.000000000000000000e+00, 0.000000000000000000e+00
8.000000000000000000e+04, 1.707999999999999829e+01, 1.869999999999999929e+01, 2.500000000000000000e+02, 0.000000000000000000e+00, 0.000000000000000000e+00
1.000000000000000000e+05, 1.157000000000000028e+01, 1.833999999999999986e+01, 1.300000000000000000e+02, 0.000000000000000000e+00, 0.000000000000000000e+00
1.500000000000000000e+05, 5.589000000000000412e+00, 1.716000000000000014e+01, 3.932000000000000028e+01, 0.000000000000000000e+00, 0.000000000000000000e+00
2.000000000000000000e+05, 3.274000000000000021e+00, 1.601999999999999957e+01, 1.687000000000000099e+01, 0.000000000000000000e+00, 0.000000000000000000e+00
3.000000000000000000e+05, 1.512999999999999901e+00, 1.417999999999999972e+01, 5.248999999999999666e+00, 0.000000000000000000e+00, 0.000000000000000000e+00
4.000000000000000000e+05, 8.675000000000000488e-01, 1.280000000000000071e+01, 2.375000000000000000e+00, 0.000000000000000000e+00, 0.000000000000000000e+00
5.000000000000000000e+05, 5.613000000000000211e-01, 1.174000000000000021e+01, 1.324000000000000066e+00, 0.000000000000000000e+00, 0.000000000000000000e+00
6.000000000000000000e+05, 3.924000000000000266e-01, 1.089000000000000057e+01, 8.410999999999999588e-01, 0.000000000000000000e+00, 0.000000000000000000e+00
8.000000000000000000e+05, 2.223999999999999866e-01, 9.592999999999999972e+00, 4.323000000000000176e-01, 0.000000000000000000e+00, 0.000000000000000000e+00
1.000000000000000000e+06, 1.428000000000000103e-01, 8.637000000000000455e+00, 2.693999999999999728e-01, 0.000000000000000000e+00, 0.000000000000000000e+00
1.022000000000000000e+06, 1.368000000000000049e-01, 8.545999999999999375e+00, 2.562999999999999723e-01, 0.000000000000000000e+00, 0.000000000000000000e+00
1.250000000000000000e+06, 9.164999999999999536e-02, 7.730000000000000426e+00, 1.729999999999999871e-01, 2.004999999999999838e-02, 0.000000000000000000e+00
1.500000000000000000e+06, 6.372999999999999499e-02, 7.030000000000000249e+00, 1.242000000000000048e-01, 9.575000000000000178e-02, 0.000000000000000000e+00
2.000000000000000000e+06, 3.590000000000000135e-02, 6.003000000000000114e+00, 7.592000000000000137e-02, 3.412000000000000033e-01, 0.000000000000000000e+00
2.044000000000000000e+06, 3.436999999999999778e-02, 5.929000000000000270e+00, 7.327000000000000179e-02, 3.654999999999999916e-01, 0.000000000000000000e+00
3.000000000000000000e+06, 1.597000000000000156e-02, 4.724999999999999645e+00, 4.061000000000000026e-02, 9.032000000000000028e-01, 1.652999999999999955e-03
4.000000000000000000e+06, 8.987000000000000197e-03, 3.942000000000000171e+00, 2.707000000000000031e-02, 1.411999999999999922e+00, 6.746000000000000260e-03
5.000000000000000000e+06, 5.753000000000000301e-03, 3.404999999999999805e+00, 2.010999999999999940e-02, 1.856999999999999984e+00, 1.342999999999999923e-02
6.000000000000000000e+06, 3.995000000000000287e-03, 3.009999999999999787e+00, 1.592999999999999972e-02, 2.244000000000000217e+00, 2.060999999999999985e-02
7.000000000000000000e+06, 2.935000000000000109e-03, 2.705000000000000071e+00, 1.315000000000000023e-02, 2.589999999999999858e+00, 2.776999999999999955e-02
8.000000000000000000e+06, 2.247999999999999998e-03, 2.462000000000000188e+00, 1.119000000000000029e-02, 2.902000000000000135e+00, 3.470000000000000168e-02
9.000000000000000000e+06, 1.776000000000000018e-03, 2.262999999999999901e+00, 9.721000000000000474e-03, 3.184000000000000163e+00, 4.132999999999999868e-02
1.000000000000000000e+07, 1.438000000000000042e-03, 2.096999999999999975e+00, 8.590999999999999678e-03, 3.443000000000000060e+00, 4.762999999999999873e-02
1.100000000000000000e+07, 1.188999999999999953e-03, 1.955999999999999961e+00, 7.693000000000000185e-03, 3.678999999999999826e+00, 5.360000000000000181e-02
1.200000000000000000e+07, 9.990000000000001049e-04, 1.834999999999999964e+00, 6.962999999999999572e-03, 3.896999999999999797e+00, 5.922999999999999793e-02
1.300000000000000000e+07, 8.511999999999999818e-04, 1.727999999999999980e+00, 6.357999999999999936e-03, 4.097000000000000419e+00, 6.453000000000000402e-02
1.400000000000000000e+07, 7.339999999999999520e-04, 1.635000000000000009e+00, 5.849000000000000032e-03, 4.280999999999999694e+00, 6.958000000000000296e-02
1.500000000000000000e+07, 6.394000000000000378e-04, 1.552000000000000046e+00, 5.414999999999999675e-03, 4.453000000000000291e+00, 7.435999999999999555e-02
1.600000000000000000e+07, 5.619000000000000513e-04, 1.477999999999999980e+00, 5.040000000000000209e-03, 4.613999999999999879e+00, 7.890999999999999404e-02
1.800000000000000000e+07, 4.440000000000000045e-04, 1.350999999999999979e+00, 4.426000000000000247e-03, 4.908000000000000362e+00, 8.733000000000000485e-02
2.000000000000000000e+07, 3.597000000000000154e-04, 1.245999999999999996e+00, 3.944999999999999722e-03, 5.171999999999999709e+00, 9.500000000000000111e-02
2.200000000000000000e+07, 2.972000000000000141e-04, 1.157000000000000028e+00, 3.557999999999999965e-03, 5.410999999999999588e+00, 1.019999999999999934e-01
2.400000000000000000e+07, 2.498000000000000003e-04, 1.080999999999999961e+00, 3.239999999999999825e-03, 5.628999999999999559e+00, 1.084999999999999992e-01
2.600000000000000000e+07, 2.127999999999999955e-04, 1.014999999999999902e+00, 2.972999999999999948e-03, 5.826999999999999957e+00, 1.144000000000000017e-01
2.800000000000000000e+07, 1.834999999999999880e-04, 9.578999999999999737e-01, 2.748000000000000009e-03, 6.009000000000000341e+00, 1.199999999999999956e-01
3.000000000000000000e+07, 1.598000000000000082e-04, 9.070000000000000284e-01, 2.553000000000000148e-03, 6.176999999999999602e+00, 1.250999999999999890e-01
4.000000000000000000e+07, 8.990999999999999806e-05, 7.207999999999999963e-01, 1.886000000000000090e-03, 6.857000000000000206e+00, 1.464999999999999913e-01
5.000000000000000000e+07, 5.754000000000000136e-05, 6.017000000000000126e-01, 1.495000000000000018e-03, 7.360999999999999766e+00, 1.627000000000000113e-01
6.000000000000000000e+07, 3.995999999999999688e-05, 5.183999999999999719e-01, 1.239000000000000084e-03, 7.753999999999999559e+00, 1.756000000000000061e-01
8.000000000000000000e+07, 2.248000000000000161e-05, 4.087999999999999967e-01, 9.217999999999999632e-04, 8.335000000000000853e+00, 1.950000000000000067e-01
1.000000000000000000e+08, 1.438999999999999944e-05, 3.392999999999999905e-01, 7.339999999999999520e-04, 8.746999999999999886e+00, 2.091999999999999971e-01
1.500000000000000000e+08, 6.392999999999999608e-06, 2.416999999999999982e-01, 4.863000000000000027e-04, 9.403999999999999915e+00, 2.328000000000000069e-01
2.000000000000000000e+08, 3.595999999999999960e-06, 1.895000000000000018e-01, 3.636000000000000018e-04, 9.797000000000000597e+00, 2.477000000000000035e-01
3.000000000000000000e+08, 1.597999999999999989e-06, 1.343000000000000027e-01, 2.415999999999999908e-04, 1.025000000000000000e+01, 2.659000000000000252e-01
4.000000000000000000e+08, 8.990999999999999975e-07, 1.052000000000000018e-01, 1.810000000000000085e-04, 1.051999999999999957e+01, 2.768999999999999795e-01
5.000000000000000000e+08, 5.754000000000000305e-07, 8.705999999999999850e-02, 1.445999999999999911e-04, 1.068999999999999950e+01, 2.844999999999999751e-01
6.000000000000000000e+08, 3.996000000000000048e-07, 7.453999999999999515e-02, 1.203999999999999992e-04, 1.082000000000000028e+01, 2.899999999999999800e-01
8.000000000000000000e+08, 2.248000000000000013e-07, 5.822000000000000092e-02, 9.026000000000000657e-05, 1.098000000000000043e+01, 2.977000000000000202e-01
1.000000000000000000e+09, 1.438000000000000039e-07, 4.789999999999999813e-02, 7.218000000000000349e-05, 1.108999999999999986e+01, 3.028000000000000136e-01
1.500000000000000000e+09, 6.393000000000000402e-08, 3.345000000000000057e-02, 4.809000000000000205e-05, 1.124000000000000021e+01, 3.104999999999999982e-01
2.000000000000000000e+09, 3.595999999999999907e-08, 2.588999999999999982e-02, 3.605000000000000213e-05, 1.133000000000000007e+01, 3.148000000000000242e-01
3.000000000000000000e+09, 1.598000000000000148e-08, 1.799999999999999864e-02, 2.402999999999999863e-05, 1.141999999999999993e+01, 3.195999999999999952e-01
4.000000000000000000e+09, 8.990999999999999247e-09, 1.389999999999999916e-02, 1.802000000000000026e-05, 1.147000000000000064e+01, 3.224000000000000199e-01
5.000000000000000000e+09, 5.753999999999999776e-09, 1.136000000000000031e-02, 1.440999999999999925e-05, 1.150000000000000000e+01, 3.240999999999999992e-01
6.000000000000000000e+09, 3.995999999999999849e-09, 9.634000000000000202e-03, 1.201000000000000021e-05, 1.151999999999999957e+01, 3.252999999999999781e-01
8.000000000000000000e+09, 2.248000000000000095e-09, 7.421999999999999778e-03, 9.007000000000000330e-06, 1.155000000000000071e+01, 3.270000000000000129e-01
1.000000000000000000e+10, 1.437999999999999997e-09, 6.060000000000000282e-03, 7.204999999999999626e-06, 1.157000000000000028e+01, 3.280000000000000138e-01
1.500000000000000000e+10, 6.392999999999999534e-10, 4.187999999999999882e-03, 4.802999999999999585e-06, 1.158999999999999986e+01, 3.294000000000000261e-01
2.000000000000000000e+10, 3.595999999999999783e-10, 3.220000000000000206e-03, 3.601999999999999987e-06, 1.160999999999999943e+01, 3.301999999999999935e-01
3.000000000000000000e+10, 1.598000000000000065e-10, 2.220000000000000185e-03, 2.400999999999999967e-06, 1.161999999999999922e+01, 3.310000000000000164e-01
4.000000000000000000e+10, 8.991000000000000281e-11, 1.704999999999999918e-03, 1.800999999999999994e-06, 1.163000000000000078e+01, 3.315000000000000169e-01
5.000000000000000000e+10, 5.754000000000000241e-11, 1.387999999999999911e-03, 1.441000000000000052e-06, 1.163000000000000078e+01, 3.317999999999999838e-01
6.000000000000000000e+10, 3.995999999999999694e-11, 1.172999999999999998e-03, 1.201000000000000021e-06, 1.163000000000000078e+01, 3.318999999999999728e-01
8.000000000000000000e+10, 2.247999999999999953e-11, 8.997999999999999705e-04, 9.004999999999999968e-07, 1.164000000000000057e+01, 3.321999999999999953e-01
1.000000000000000000e+11, 1.437999999999999971e-11, 7.320000000000000118e-04, 7.204000000000000186e-07, 1.164000000000000057e+01, 3.322999999999999843e-01
