1.000000000000000000e+03, 2.651999999999999886e+02, 9.711999999999999522e-01, 3.907000000000000000e+05, 0.000000000000000000e+00, 0.000000000000000000e+00
1.500000000000000000e+03, 2.421999999999999886e+02, 1.570000000000000062e+00, 1.384000000000000000e+05, 0.000000000000000000e+00, 0.000000000000000000e+00
2.000000000000000000e+03, 2.204000000000000057e+02, 2.087000000000000188e+00, 6.476000000000000000e+04, 0.000000000000000000e+00, 0.000000000000000000e+00
3.000000000000000000e+03, 1.833000000000000114e+02, 3.032000000000000028e+00, 2.163000000000000000e+04, 0.000000000000000000e+00, 0.000000000000000000e+00
4.000000000000000000e+03, 1.530000000000000000e+02, 3.880999999999999783e+00, 9.790000000000000000e+03, 0.000000000000000000e+00, 0.000000000000000000e+00
5.000000000000000000e+03, 1.284000000000000057e+02, 4.626999999999999780e+00, 4.694000000000000000e+04, 0.000000000000000000e+00, 0.000000000000000000e+00
6.000000000000000000e+03, 1.092000000000000028e+02, 5.277000000000000135e+00, 2.925000000000000000e+04, 0.000000000000000000e+00, 0.000000000000000000e+00
8.000000000000000000e+03, 8.267000000000000171e+01, 6.314000000000000057e+00, 1.356000000000000000e+04, 0.000000000000000000e+00, 0.000000000000000000e+00
1.000000000000000000e+04, 6.596999999999999886e+01, 7.076999999999999957e+00, 7.356000000000000000e+03, 0.000000000000000000e+00, 0.000000000000000000e+00
1.500000000000000000e+04, 4.196999999999999886e+01, 8.353999999999999204e+00, 2.340000000000000000e+03, 0.000000000000000000e+00, 0.000000000000000000e+00
2.000000000000000000e+04, 2.851999999999999957e+01, 9.162000000000000810e+00, 1.014000000000000000e+03, 0.000000000000000000e+00, 0.000000000000000000e+00
3.000000000000000000e+04, 1.540000000000000036e+01, 9.992000000000000881e+00, 3.036999999999999886e+02, 0.000000000000000000e+00, 0.000000000000000000e+00
4.000000000000000000e+04, 9.736000000000000654e+00, 1.028999999999999915e+01, 1.270000000000000000e+02, 0.000000000000000000e+00, 0.000000000000000000e+00
5.000000000000000000e+04, 6.764999999999999680e+00, 1.036999999999999922e+01, 6.403000000000000114e+01, 0.000000000000000000e+00, 0.000000000000000000e+00
6.000000000000000000e+04, 4.982999999999999652e+00, 1.033999999999999986e+01, 3.642999999999999972e+01, 0.000000000000000000e+00, 0.000000000000000000e+00
8.000000000000000000e+04, 3.016999999999999904e+00, 1.013000000000000078e+01, 1.485999999999999943e+01, 0.000000000000000000e+00, 0.000000000000000000e+00
1.000000000000000000e+05, 2.012999999999999901e+00, 9.833000000000000185e+00, 7.394999999999999574e+00, 0.000000000000000000e+00, 0.000000000000000000e+00
1.500000000000000000e+05, 9.448999999999999622e-01, 9.058999999999999275e+00, 2.079000000000000181e+00, 0.000000000000000000e+00, 0.000000000000000000e+00
2.000000000000000000e+05, 5.460000000000000409e-01, 8.384999999999999787e+00, 8.520999999999999686e-01, 0.000000000000000000e+00, 0.000000000000000000e+00
3.000000000000000000e+05, 2.487000000000000044e-01, 7.352999999999999758e+00, 2.508000000000000229e-01, 0.000000000000000000e+00, 0.000000000000000000e+00
4.000000000000000000e+05, 1.413000000000000089e-01, 6.612000000000000099e+00, 1.097999999999999948e-01, 0.000000000000000000e+00, 0.000000000000000000e+00
5.000000000000000000e+05, 9.089999999999999469e-02, 6.049000000000000377e+00, 5.999999999999999778e-02, 0.000000000000000000e+00, 0.000000000000000000e+00
6.000000000000000000e+05, 6.331000000000000516e-02, 5.602000000000000313e+00, 3.765000000000000291e-02, 0.000000000000000000e+00, 0.000000000000000000e+00
8.000000000000000000e+05, 3.570999999999999869e-02, 4.927999999999999936e+00, 1.913000000000000117e-02, 0.000000000000000000e+00, 0.000000000000000000e+00
1.000000000000000000e+06, 2.289000000000000062e-02, 4.432999999999999829e+00, 1.190000000000000085e-02, 0.000000000000000000e+00, 0.000000000000000000e+00
1.022000000000000000e+06, 2.191999999999999851e-02, 4.386000000000000121e+00, 1.127000000000000050e-02, 0.000000000000000000e+00, 0.000000000000000000e+00
1.250000000000000000e+06, 1.465999999999999942e-02, 3.964999999999999858e+00, 7.629000000000000364e-03, 3.983000000000000429e-03, 0.000000000000000000e+00
1.500000000000000000e+06, 1.018999999999999941e-02, 3.604999999999999982e+00, 5.511000000000000273e-03, 2.083000000000000129e-02, 0.000000000000000000e+00
2.000000000000000000e+06, 5.733000000000000249e-03, 3.076999999999999957e+00, 3.412999999999999801e-03, 8.107000000000000317e-02, 0.000000000000000000e+00
2.044000000000000000e+06, 5.488999999999999956e-03, 3.039000000000000146e+00, 3.297000000000000017e-03, 8.735999999999999321e-02, 0.000000000000000000e+00
3.000000000000000000e+06, 2.549000000000000050e-03, 2.420999999999999819e+00, 1.863999999999999988e-03, 2.267000000000000126e-01, 8.473000000000000496e-04
4.000000000000000000e+06, 1.433999999999999945e-03, 2.020000000000000018e+00, 1.260999999999999968e-03, 3.639999999999999902e-01, 3.458999999999999835e-03
5.000000000000000000e+06, 9.177999999999999743e-04, 1.743999999999999995e+00, 9.472000000000000385e-04, 4.857000000000000206e-01, 6.891999999999999689e-03
6.000000000000000000e+06, 6.373000000000000409e-04, 1.542000000000000037e+00, 7.561000000000000013e-04, 5.944000000000000394e-01, 1.058000000000000086e-02
7.000000000000000000e+06, 4.682999999999999988e-04, 1.385999999999999899e+00, 6.281999999999999824e-04, 6.909999999999999476e-01, 1.426999999999999970e-02
8.000000000000000000e+06, 3.584999999999999862e-04, 1.260999999999999899e+00, 5.368000000000000375e-04, 7.780000000000000249e-01, 1.784000000000000169e-02
9.000000000000000000e+06, 2.833000000000000015e-04, 1.159000000000000030e+00, 4.684000000000000013e-04, 8.567000000000000171e-01, 2.126000000000000112e-02
1.000000000000000000e+07, 2.293999999999999924e-04, 1.074000000000000066e+00, 4.153000000000000116e-04, 9.280000000000000471e-01, 2.452000000000000013e-02
1.100000000000000000e+07, 1.896000000000000007e-04, 1.002000000000000002e+00, 3.729000000000000110e-04, 9.928000000000000158e-01, 2.759999999999999953e-02
1.200000000000000000e+07, 1.592999999999999961e-04, 9.395999999999999908e-01, 3.382999999999999831e-04, 1.052000000000000046e+00, 3.051999999999999852e-02
1.300000000000000000e+07, 1.357999999999999941e-04, 8.851999999999999869e-01, 3.094999999999999878e-04, 1.106999999999999984e+00, 3.327000000000000096e-02
1.400000000000000000e+07, 1.171000000000000003e-04, 8.375000000000000222e-01, 2.852999999999999959e-04, 1.157999999999999918e+00, 3.590000000000000135e-02
1.500000000000000000e+07, 1.019999999999999992e-04, 7.951000000000000290e-01, 2.644999999999999782e-04, 1.205999999999999961e+00, 3.837999999999999745e-02
1.600000000000000000e+07, 8.962999999999999396e-05, 7.571999999999999842e-01, 2.464999999999999743e-04, 1.250999999999999890e+00, 4.075000000000000150e-02
1.800000000000000000e+07, 7.082000000000000296e-05, 6.919999999999999485e-01, 2.169999999999999891e-04, 1.332999999999999963e+00, 4.515000000000000263e-02
2.000000000000000000e+07, 5.735999999999999969e-05, 6.381999999999999895e-01, 1.937999999999999944e-04, 1.405999999999999917e+00, 4.916999999999999843e-02
2.200000000000000000e+07, 4.741000000000000178e-05, 5.927999999999999936e-01, 1.751000000000000007e-04, 1.471999999999999975e+00, 5.285999999999999727e-02
2.400000000000000000e+07, 3.983999999999999803e-05, 5.538999999999999480e-01, 1.596000000000000034e-04, 1.532000000000000028e+00, 5.625999999999999751e-02
2.600000000000000000e+07, 3.393999999999999692e-05, 5.201000000000000068e-01, 1.466999999999999880e-04, 1.586999999999999966e+00, 5.940999999999999753e-02
2.800000000000000000e+07, 2.926999999999999928e-05, 4.905999999999999805e-01, 1.355999999999999892e-04, 1.637999999999999901e+00, 6.233999999999999958e-02
3.000000000000000000e+07, 2.549999999999999980e-05, 4.646000000000000130e-01, 1.262000000000000047e-04, 1.685000000000000053e+00, 6.507000000000000284e-02
4.000000000000000000e+07, 1.433999999999999992e-05, 3.691999999999999726e-01, 9.349999999999999587e-05, 1.877000000000000002e+00, 7.649000000000000243e-02
5.000000000000000000e+07, 9.177999999999999201e-06, 3.081999999999999740e-01, 7.425999999999999713e-05, 2.020000000000000018e+00, 8.526999999999999857e-02
6.000000000000000000e+07, 6.374000000000000298e-06, 2.655000000000000138e-01, 6.158999999999999816e-05, 2.132000000000000117e+00, 9.231999999999999929e-02
8.000000000000000000e+07, 3.584999999999999981e-06, 2.094000000000000028e-01, 4.590999999999999920e-05, 2.298000000000000043e+00, 1.030999999999999972e-01
1.000000000000000000e+08, 2.293999999999999975e-06, 1.738000000000000100e-01, 3.659000000000000035e-05, 2.418000000000000149e+00, 1.111000000000000043e-01
1.500000000000000000e+08, 1.019999999999999975e-06, 1.237999999999999934e-01, 2.428000000000000132e-05, 2.612000000000000099e+00, 1.246000000000000024e-01
2.000000000000000000e+08, 5.736000000000000011e-07, 9.704999999999999738e-02, 1.815999999999999892e-05, 2.730999999999999872e+00, 1.333000000000000018e-01
3.000000000000000000e+08, 2.548999999999999862e-07, 6.877999999999999392e-02, 1.207999999999999954e-05, 2.870999999999999996e+00, 1.441000000000000059e-01
4.000000000000000000e+08, 1.434000000000000003e-07, 5.387000000000000122e-02, 9.046999999999999947e-06, 2.951999999999999957e+00, 1.507999999999999896e-01
5.000000000000000000e+08, 9.178000000000000525e-08, 4.458999999999999769e-02, 7.232000000000000384e-06, 3.007000000000000117e+00, 1.554999999999999993e-01
6.000000000000000000e+08, 6.373000000000000223e-08, 3.817999999999999866e-02, 6.024000000000000261e-06, 3.045999999999999819e+00, 1.589000000000000135e-01
8.000000000000000000e+08, 3.585000000000000007e-08, 2.981999999999999929e-02, 4.514999999999999970e-06, 3.099000000000000199e+00, 1.638000000000000012e-01
1.000000000000000000e+09, 2.293999999999999895e-08, 2.452999999999999972e-02, 3.610999999999999816e-06, 3.133000000000000007e+00, 1.670000000000000095e-01
1.500000000000000000e+09, 1.020000000000000035e-08, 1.712999999999999939e-02, 2.405999999999999919e-06, 3.182999999999999829e+00, 1.719999999999999862e-01
2.000000000000000000e+09, 5.736000000000000045e-09, 1.325999999999999922e-02, 1.804000000000000007e-06, 3.209999999999999964e+00, 1.748999999999999999e-01
3.000000000000000000e+09, 2.549000000000000193e-09, 9.220000000000000764e-03, 1.202000000000000096e-06, 3.238999999999999879e+00, 1.779999999999999916e-01
4.000000000000000000e+09, 1.434000000000000011e-09, 7.117000000000000062e-03, 9.016999999999999811e-07, 3.254999999999999893e+00, 1.799000000000000044e-01
5.000000000000000000e+09, 9.177999999999999739e-10, 5.819000000000000387e-03, 7.212999999999999804e-07, 3.266000000000000014e+00, 1.809999999999999942e-01
6.000000000000000000e+09, 6.372999999999999603e-10, 4.934000000000000018e-03, 6.010999999999999496e-07, 3.273000000000000131e+00, 1.819000000000000061e-01
8.000000000000000000e+09, 3.585000000000000028e-10, 3.801999999999999824e-03, 4.507999999999999868e-07, 3.282000000000000028e+00, 1.829999999999999960e-01
1.000000000000000000e+10, 2.294000000000000040e-10, 3.103999999999999988e-03, 3.605999999999999864e-07, 3.287999999999999812e+00, 1.837000000000000022e-01
1.500000000000000000e+10, 1.019999999999999967e-10, 2.145000000000000205e-03, 2.404000000000000086e-07, 3.295999999999999819e+00, 1.845999999999999863e-01
2.000000000000000000e+10, 5.736000000000000277e-11, 1.649000000000000075e-03, 1.802999999999999932e-07, 3.299999999999999822e+00, 1.852000000000000035e-01
3.000000000000000000e+10, 2.549000000000000064e-11, 1.136999999999999990e-03, 1.202000000000000043e-07, 3.305000000000000160e+00, 1.857000000000000040e-01
4.000000000000000000e+10, 1.434000000000000069e-11, 8.731999999999999745e-04, 9.013999999999999850e-08, 3.306999999999999940e+00, 1.860999999999999877e-01
5.000000000000000000e+10, 9.177999999999999868e-12, 7.110000000000000434e-04, 7.211000000000000183e-08, 3.309000000000000163e+00, 1.862999999999999934e-01
6.000000000000000000e+10, 6.372999999999999603e-12, 6.009999999999999717e-04, 6.009000000000000405e-08, 3.310000000000000053e+00, 1.864000000000000101e-01
8.000000000000000000e+10, 3.585000000000000173e-12, 4.608999999999999816e-04, 4.506999999999999925e-08, 3.310999999999999943e+00, 1.864999999999999991e-01
1.000000000000000000e+11, 2.294000000000000121e-12, 3.749000000000000054e-04, 3.605000000000000186e-08, 3.311999999999999833e+00, 1.867000000000000048e-01
