1.000000000000000000e+03, 1.106000000000000000e+03, 1.024000000000000021e+00, 7.863000000000000000e+05, 0.000000000000000000e+00, 0.000000000000000000e+00
1.500000000000000000e+03, 1.042000000000000000e+03, 1.786999999999999922e+00, 3.056000000000000000e+05, 0.000000000000000000e+00, 0.000000000000000000e+00
2.000000000000000000e+03, 9.727000000000000455e+02, 2.523000000000000131e+00, 1.519000000000000000e+05, 0.000000000000000000e+00, 0.000000000000000000e+00
3.000000000000000000e+03, 8.402999999999999545e+02, 3.908999999999999808e+00, 3.196000000000000000e+05, 0.000000000000000000e+00, 0.000000000000000000e+00
4.000000000000000000e+03, 7.258999999999999773e+02, 5.176999999999999602e+00, 1.539000000000000000e+05, 0.000000000000000000e+00, 0.000000000000000000e+00
5.000000000000000000e+03, 6.317000000000000455e+02, 6.344000000000000306e+00, 8.619000000000000000e+04, 0.000000000000000000e+00, 0.000000000000000000e+00
6.000000000000000000e+03, 5.552999999999999545e+02, 7.415000000000000036e+00, 5.315000000000000000e+04, 0.000000000000000000e+00, 0.000000000000000000e+00
8.000000000000000000e+03, 4.418999999999999773e+02, 9.247999999999999332e+00, 2.449000000000000000e+04, 0.000000000000000000e+00, 0.000000000000000000e+00
1.000000000000000000e+04, 3.611999999999999886e+02, 1.069999999999999929e+01, 1.329000000000000000e+04, 0.000000000000000000e+00, 0.000000000000000000e+00
1.500000000000000000e+04, 2.306999999999999886e+02, 1.333999999999999986e+01, 4.302000000000000000e+03, 0.000000000000000000e+00, 0.000000000000000000e+00
2.000000000000000000e+04, 1.575999999999999943e+02, 1.515000000000000036e+01, 1.250000000000000000e+04, 0.000000000000000000e+00, 0.000000000000000000e+00
3.000000000000000000e+04, 8.895000000000000284e+01, 1.732000000000000028e+01, 4.370000000000000000e+03, 0.000000000000000000e+00, 0.000000000000000000e+00
4.000000000000000000e+04, 5.792999999999999972e+01, 1.841000000000000014e+01, 1.985000000000000000e+03, 0.000000000000000000e+00, 0.000000000000000000e+00
5.000000000000000000e+04, 4.053000000000000114e+01, 1.896000000000000085e+01, 1.062000000000000000e+03, 0.000000000000000000e+00, 0.000000000000000000e+00
6.000000000000000000e+04, 2.985000000000000142e+01, 1.917999999999999972e+01, 6.317999999999999545e+02, 0.000000000000000000e+00, 0.000000000000000000e+00
8.000000000000000000e+04, 1.819999999999999929e+01, 1.910999999999999943e+01, 2.753000000000000114e+02, 0.000000000000000000e+00, 0.000000000000000000e+00
1.000000000000000000e+05, 1.232000000000000028e+01, 1.875000000000000000e+01, 1.435000000000000000e+02, 0.000000000000000000e+00, 0.000000000000000000e+00
1.500000000000000000e+05, 5.958999999999999631e+00, 1.755000000000000071e+01, 4.353000000000000114e+01, 0.000000000000000000e+00, 0.000000000000000000e+00
2.000000000000000000e+05, 3.494000000000000217e+00, 1.639000000000000057e+01, 1.871999999999999886e+01, 0.000000000000000000e+00, 0.000000000000000000e+00
3.000000000000000000e+05, 1.616000000000000103e+00, 1.450999999999999979e+01, 5.839000000000000412e+00, 0.000000000000000000e+00, 0.000000000000000000e+00
4.000000000000000000e+05, 9.265999999999999792e-01, 1.310999999999999943e+01, 2.645999999999999908e+00, 0.000000000000000000e+00, 0.000000000000000000e+00
5.000000000000000000e+05, 5.997000000000000108e-01, 1.201999999999999957e+01, 1.475999999999999979e+00, 0.000000000000000000e+00, 0.000000000000000000e+00
6.000000000000000000e+05, 4.193000000000000060e-01, 1.115000000000000036e+01, 9.385999999999999899e-01, 0.000000000000000000e+00, 0.000000000000000000e+00
8.000000000000000000e+05, 2.376999999999999946e-01, 9.824999999999999289e+00, 4.827000000000000179e-01, 0.000000000000000000e+00, 0.000000000000000000e+00
1.000000000000000000e+06, 1.527000000000000024e-01, 8.846000000000000085e+00, 3.008000000000000118e-01, 0.000000000000000000e+00, 0.000000000000000000e+00
1.022000000000000000e+06, 1.461999999999999966e-01, 8.753999999999999559e+00, 2.862000000000000099e-01, 0.000000000000000000e+00, 0.000000000000000000e+00
1.250000000000000000e+06, 9.798999999999999377e-02, 7.918000000000000149e+00, 1.932000000000000106e-01, 2.135000000000000092e-02, 0.000000000000000000e+00
1.500000000000000000e+06, 6.814000000000000612e-02, 7.200999999999999623e+00, 1.386000000000000010e-01, 1.015000000000000069e-01, 0.000000000000000000e+00
2.000000000000000000e+06, 3.839000000000000051e-02, 6.149000000000000021e+00, 8.472000000000000364e-02, 3.602000000000000202e-01, 0.000000000000000000e+00
2.044000000000000000e+06, 3.674999999999999795e-02, 6.073999999999999844e+00, 8.175999999999999934e-02, 3.857999999999999763e-01, 0.000000000000000000e+00
3.000000000000000000e+06, 1.708000000000000143e-02, 4.839999999999999858e+00, 4.528000000000000080e-02, 9.505000000000000115e-01, 1.693999999999999976e-03
4.000000000000000000e+06, 9.610000000000000486e-03, 4.038999999999999702e+00, 3.016999999999999890e-02, 1.483999999999999986e+00, 6.910000000000000343e-03
5.000000000000000000e+06, 6.152000000000000350e-03, 3.487999999999999989e+00, 2.239999999999999977e-02, 1.949000000000000066e+00, 1.375999999999999966e-02
6.000000000000000000e+06, 4.271999999999999756e-03, 3.083000000000000185e+00, 1.773999999999999883e-02, 2.354000000000000092e+00, 2.111000000000000029e-02
7.000000000000000000e+06, 3.138999999999999863e-03, 2.770999999999999908e+00, 1.464000000000000024e-02, 2.716000000000000192e+00, 2.844000000000000000e-02
8.000000000000000000e+06, 2.403999999999999887e-03, 2.521999999999999797e+00, 1.244999999999999926e-02, 3.040999999999999925e+00, 3.554000000000000214e-02
9.000000000000000000e+06, 1.899000000000000080e-03, 2.318999999999999950e+00, 1.081999999999999976e-02, 3.335999999999999854e+00, 4.232999999999999957e-02
1.000000000000000000e+07, 1.538000000000000088e-03, 2.148000000000000131e+00, 9.558999999999999789e-03, 3.607000000000000206e+00, 4.877999999999999697e-02
1.100000000000000000e+07, 1.270999999999999994e-03, 2.004000000000000004e+00, 8.559000000000000635e-03, 3.854000000000000092e+00, 5.489000000000000129e-02
1.200000000000000000e+07, 1.067999999999999939e-03, 1.879000000000000004e+00, 7.746000000000000281e-03, 4.081999999999999851e+00, 6.065000000000000252e-02
1.300000000000000000e+07, 9.102999999999999547e-04, 1.770000000000000018e+00, 7.072000000000000161e-03, 4.291999999999999815e+00, 6.607999999999999985e-02
1.400000000000000000e+07, 7.849000000000000508e-04, 1.675000000000000044e+00, 6.505000000000000365e-03, 4.485000000000000320e+00, 7.124999999999999389e-02
1.500000000000000000e+07, 6.836999999999999762e-04, 1.590000000000000080e+00, 6.021999999999999575e-03, 4.663999999999999702e+00, 7.614999999999999547e-02
1.600000000000000000e+07, 6.009000000000000235e-04, 1.514000000000000012e+00, 5.604999999999999739e-03, 4.833000000000000185e+00, 8.079999999999999682e-02
1.800000000000000000e+07, 4.747999999999999942e-04, 1.383999999999999897e+00, 4.922000000000000160e-03, 5.139000000000000234e+00, 8.941999999999999948e-02
2.000000000000000000e+07, 3.846000000000000243e-04, 1.276000000000000023e+00, 4.387000000000000274e-03, 5.415000000000000036e+00, 9.725999999999999923e-02
2.200000000000000000e+07, 3.178999999999999751e-04, 1.185000000000000053e+00, 3.956000000000000315e-03, 5.666000000000000369e+00, 1.044000000000000067e-01
2.400000000000000000e+07, 2.670999999999999872e-04, 1.108000000000000096e+00, 3.602000000000000167e-03, 5.892999999999999794e+00, 1.110000000000000014e-01
2.600000000000000000e+07, 2.276000000000000028e-04, 1.040000000000000036e+00, 3.305999999999999911e-03, 6.100999999999999979e+00, 1.170999999999999958e-01
2.800000000000000000e+07, 1.961999999999999985e-04, 9.811999999999999611e-01, 3.053999999999999857e-03, 6.291000000000000369e+00, 1.228000000000000064e-01
3.000000000000000000e+07, 1.709000000000000070e-04, 9.292000000000000259e-01, 2.837999999999999811e-03, 6.466000000000000192e+00, 1.280999999999999917e-01
4.000000000000000000e+07, 9.615000000000000608e-05, 7.383999999999999453e-01, 2.096999999999999906e-03, 7.177999999999999936e+00, 1.499000000000000055e-01
5.000000000000000000e+07, 6.153999999999999694e-05, 6.162999999999999590e-01, 1.662000000000000066e-03, 7.705000000000000071e+00, 1.665000000000000091e-01
6.000000000000000000e+07, 4.272999999999999916e-05, 5.310000000000000275e-01, 1.376000000000000053e-03, 8.115999999999999659e+00, 1.796000000000000096e-01
8.000000000000000000e+07, 2.404000000000000023e-05, 4.188000000000000056e-01, 1.023999999999999954e-03, 8.723000000000000753e+00, 1.995000000000000107e-01
1.000000000000000000e+08, 1.537999999999999844e-05, 3.476000000000000201e-01, 8.157000000000000405e-04, 9.153999999999999915e+00, 2.139999999999999958e-01
1.500000000000000000e+08, 6.836999999999999931e-06, 2.474999999999999978e-01, 5.404000000000000166e-04, 9.839999999999999858e+00, 2.381000000000000061e-01
2.000000000000000000e+08, 3.846000000000000108e-06, 1.940999999999999948e-01, 4.040000000000000080e-04, 1.025000000000000000e+01, 2.533000000000000251e-01
3.000000000000000000e+08, 1.709000000000000070e-06, 1.376000000000000001e-01, 2.685000000000000212e-04, 1.073000000000000043e+01, 2.717999999999999861e-01
4.000000000000000000e+08, 9.614000000000000194e-07, 1.077000000000000041e-01, 2.010000000000000068e-04, 1.100999999999999979e+01, 2.829999999999999738e-01
5.000000000000000000e+08, 6.152999999999999577e-07, 8.919000000000000539e-02, 1.607000000000000030e-04, 1.118999999999999950e+01, 2.907000000000000139e-01
6.000000000000000000e+08, 4.273000000000000212e-07, 7.635999999999999732e-02, 1.337999999999999997e-04, 1.132000000000000028e+01, 2.963000000000000078e-01
8.000000000000000000e+08, 2.404000000000000086e-07, 5.963999999999999857e-02, 1.002999999999999985e-04, 1.149000000000000021e+01, 3.040999999999999814e-01
1.000000000000000000e+09, 1.537999999999999875e-07, 4.907000000000000250e-02, 8.019000000000000303e-05, 1.159999999999999964e+01, 3.093000000000000194e-01
1.500000000000000000e+09, 6.836999999999999613e-08, 3.427000000000000185e-02, 5.342000000000000014e-05, 1.175999999999999979e+01, 3.170999999999999930e-01
2.000000000000000000e+09, 3.846000000000000161e-08, 2.651999999999999844e-02, 4.005999999999999931e-05, 1.184999999999999964e+01, 3.215000000000000080e-01
3.000000000000000000e+09, 1.708999999999999951e-08, 1.844000000000000153e-02, 2.669999999999999847e-05, 1.194999999999999929e+01, 3.262999999999999790e-01
4.000000000000000000e+09, 9.613999999999999267e-09, 1.422999999999999959e-02, 2.002000000000000144e-05, 1.200000000000000000e+01, 3.291000000000000036e-01
5.000000000000000000e+09, 6.152999999999999742e-09, 1.163999999999999931e-02, 1.601000000000000087e-05, 1.202999999999999936e+01, 3.307999999999999829e-01
6.000000000000000000e+09, 4.272999999999999617e-09, 9.868999999999999301e-03, 1.333999999999999933e-05, 1.205000000000000071e+01, 3.321000000000000063e-01
8.000000000000000000e+09, 2.403999999999999970e-09, 7.603000000000000383e-03, 1.001000000000000072e-05, 1.208000000000000007e+01, 3.336999999999999966e-01
1.000000000000000000e+10, 1.538000000000000066e-09, 6.207999999999999977e-03, 8.005000000000000437e-06, 1.209999999999999964e+01, 3.346999999999999975e-01
1.500000000000000000e+10, 6.837000000000000275e-10, 4.290000000000000410e-03, 5.336000000000000241e-06, 1.213000000000000078e+01, 3.361000000000000099e-01
2.000000000000000000e+10, 3.845999999999999954e-10, 3.298000000000000150e-03, 4.001999999999999969e-06, 1.214000000000000057e+01, 3.370000000000000218e-01
3.000000000000000000e+10, 1.708999999999999992e-10, 2.275000000000000112e-03, 2.668000000000000121e-06, 1.216000000000000014e+01, 3.377000000000000002e-01
4.000000000000000000e+10, 9.614000000000000353e-11, 1.745999999999999939e-03, 2.000999999999999985e-06, 1.216000000000000014e+01, 3.382000000000000006e-01
5.000000000000000000e+10, 6.153000000000000621e-11, 1.422000000000000087e-03, 1.601000000000000003e-06, 1.216999999999999993e+01, 3.385000000000000231e-01
6.000000000000000000e+10, 4.272999999999999746e-11, 1.201999999999999943e-03, 1.334000000000000060e-06, 1.216999999999999993e+01, 3.387000000000000011e-01
8.000000000000000000e+10, 2.403999999999999854e-11, 9.217000000000000149e-04, 9.999999999999999547e-07, 1.217999999999999972e+01, 3.388999999999999790e-01
1.000000000000000000e+11, 1.537999999999999949e-11, 7.498999999999999590e-04, 8.003999999999999939e-07, 1.217999999999999972e+01, 3.391000000000000125e-01
