1.000000000000000000e+03, 3.206000000000000000e+03, 1.377999999999999892e+00, 9.227000000000000000e+05, 0.000000000000000000e+00, 0.000000000000000000e+00
1.500000000000000000e+03, 3.069000000000000000e+03, 2.310999999999999943e+00, 4.107000000000000000e+05, 0.000000000000000000e+00, 0.000000000000000000e+00
2.000000000000000000e+03, 2.924000000000000000e+03, 3.209000000000000075e+00, 1.000000000000000000e+06, 0.000000000000000000e+00, 0.000000000000000000e+00
3.000000000000000000e+03, 2.632000000000000000e+03, 4.979000000000000092e+00, 4.942000000000000000e+05, 0.000000000000000000e+00, 0.000000000000000000e+00
4.000000000000000000e+03, 2.353000000000000000e+03, 6.655999999999999694e+00, 2.463000000000000000e+05, 0.000000000000000000e+00, 0.000000000000000000e+00
5.000000000000000000e+03, 2.097000000000000000e+03, 8.218999999999999417e+00, 1.413000000000000000e+05, 0.000000000000000000e+00, 0.000000000000000000e+00
6.000000000000000000e+03, 1.871000000000000000e+03, 9.653999999999999915e+00, 8.902000000000000000e+04, 0.000000000000000000e+00, 0.000000000000000000e+00
8.000000000000000000e+03, 1.504000000000000000e+03, 1.215000000000000036e+01, 4.246000000000000000e+04, 0.000000000000000000e+00, 0.000000000000000000e+00
1.000000000000000000e+04, 1.229000000000000000e+03, 1.425999999999999979e+01, 6.299000000000000000e+04, 0.000000000000000000e+00, 0.000000000000000000e+00
1.500000000000000000e+04, 7.925000000000000000e+02, 1.844999999999999929e+01, 3.541000000000000000e+04, 0.000000000000000000e+00, 0.000000000000000000e+00
2.000000000000000000e+04, 5.602000000000000455e+02, 2.158999999999999986e+01, 1.651000000000000000e+04, 0.000000000000000000e+00, 0.000000000000000000e+00
3.000000000000000000e+04, 3.310000000000000000e+02, 2.569000000000000128e+01, 5.522000000000000000e+03, 0.000000000000000000e+00, 0.000000000000000000e+00
4.000000000000000000e+04, 2.173000000000000114e+02, 2.792999999999999972e+01, 2.507000000000000000e+03, 0.000000000000000000e+00, 0.000000000000000000e+00
5.000000000000000000e+04, 1.535999999999999943e+02, 2.916000000000000014e+01, 1.351000000000000000e+03, 0.000000000000000000e+00, 0.000000000000000000e+00
6.000000000000000000e+04, 1.150999999999999943e+02, 2.982999999999999829e+01, 8.127999999999999545e+02, 0.000000000000000000e+00, 0.000000000000000000e+00
8.000000000000000000e+04, 7.226999999999999602e+01, 3.025000000000000000e+01, 1.978000000000000000e+03, 0.000000000000000000e+00, 0.000000000000000000e+00
1.000000000000000000e+05, 4.950000000000000000e+01, 3.005000000000000071e+01, 1.092000000000000000e+03, 0.000000000000000000e+00, 0.000000000000000000e+00
1.500000000000000000e+05, 2.417000000000000171e+01, 2.862999999999999901e+01, 3.636999999999999886e+02, 0.000000000000000000e+00, 0.000000000000000000e+00
2.000000000000000000e+05, 1.440000000000000036e+01, 2.696999999999999886e+01, 1.658000000000000114e+02, 0.000000000000000000e+00, 0.000000000000000000e+00
3.000000000000000000e+05, 6.820999999999999730e+00, 2.410000000000000142e+01, 5.567999999999999972e+01, 0.000000000000000000e+00, 0.000000000000000000e+00
4.000000000000000000e+05, 3.960999999999999854e+00, 2.187999999999999901e+01, 2.642000000000000171e+01, 0.000000000000000000e+00, 0.000000000000000000e+00
5.000000000000000000e+05, 2.581999999999999851e+00, 2.012999999999999901e+01, 1.518999999999999950e+01, 0.000000000000000000e+00, 0.000000000000000000e+00
6.000000000000000000e+05, 1.816000000000000059e+00, 1.871999999999999886e+01, 9.858000000000000540e+00, 0.000000000000000000e+00, 0.000000000000000000e+00
8.000000000000000000e+05, 1.036999999999999922e+00, 1.653000000000000114e+01, 5.179000000000000270e+00, 0.000000000000000000e+00, 0.000000000000000000e+00
1.000000000000000000e+06, 6.693999999999999950e-01, 1.490000000000000036e+01, 3.250999999999999890e+00, 0.000000000000000000e+00, 0.000000000000000000e+00
1.022000000000000000e+06, 6.413999999999999702e-01, 1.475000000000000000e+01, 3.111000000000000210e+00, 0.000000000000000000e+00, 0.000000000000000000e+00
1.250000000000000000e+06, 4.313000000000000167e-01, 1.334999999999999964e+01, 2.097999999999999865e+00, 8.802000000000000102e-02, 0.000000000000000000e+00
1.500000000000000000e+06, 3.005999999999999783e-01, 1.215000000000000036e+01, 1.495999999999999996e+00, 4.097999999999999976e-01, 0.000000000000000000e+00
2.000000000000000000e+06, 1.698000000000000065e-01, 1.038000000000000078e+01, 9.064999999999999725e-01, 1.284000000000000030e+00, 0.000000000000000000e+00
2.044000000000000000e+06, 1.625999999999999945e-01, 1.025000000000000000e+01, 8.741999999999999771e-01, 1.364000000000000101e+00, 0.000000000000000000e+00
3.000000000000000000e+06, 7.570999999999999952e-02, 8.176000000000000156e+00, 4.761000000000000232e-01, 2.971000000000000085e+00, 2.857999999999999863e-03
4.000000000000000000e+06, 4.263999999999999735e-02, 6.823999999999999844e+00, 3.129000000000000115e-01, 4.386000000000000121e+00, 1.165000000000000063e-02
5.000000000000000000e+06, 2.730000000000000135e-02, 5.894000000000000128e+00, 2.300000000000000100e-01, 5.578999999999999737e+00, 2.317999999999999922e-02
6.000000000000000000e+06, 1.897000000000000075e-02, 5.211000000000000298e+00, 1.806999999999999995e-01, 6.602999999999999758e+00, 3.554000000000000214e-02
7.000000000000000000e+06, 1.393999999999999927e-02, 4.684000000000000163e+00, 1.482999999999999874e-01, 7.506999999999999673e+00, 4.782999999999999752e-02
8.000000000000000000e+06, 1.067000000000000066e-02, 4.262999999999999901e+00, 1.254000000000000115e-01, 8.320000000000000284e+00, 5.972000000000000225e-02
9.000000000000000000e+06, 8.432999999999999524e-03, 3.919000000000000039e+00, 1.084999999999999992e-01, 9.058999999999999275e+00, 7.108000000000000429e-02
1.000000000000000000e+07, 6.831000000000000266e-03, 3.630999999999999783e+00, 9.557000000000000217e-02, 9.737000000000000099e+00, 8.185000000000000608e-02
1.100000000000000000e+07, 5.645999999999999977e-03, 3.387000000000000011e+00, 8.531999999999999307e-02, 1.035999999999999943e+01, 9.203000000000000069e-02
1.200000000000000000e+07, 4.743999999999999953e-03, 3.176000000000000156e+00, 7.702000000000000512e-02, 1.094999999999999929e+01, 1.015999999999999959e-01
1.300000000000000000e+07, 4.042999999999999719e-03, 2.991999999999999993e+00, 7.016999999999999627e-02, 1.149000000000000021e+01, 1.106000000000000039e-01
1.400000000000000000e+07, 3.485999999999999949e-03, 2.830999999999999961e+00, 6.443000000000000116e-02, 1.200000000000000000e+01, 1.192000000000000004e-01
1.500000000000000000e+07, 3.036000000000000070e-03, 2.688000000000000167e+00, 5.954000000000000264e-02, 1.247000000000000064e+01, 1.272999999999999965e-01
1.600000000000000000e+07, 2.668999999999999932e-03, 2.560000000000000053e+00, 5.532999999999999724e-02, 1.291000000000000014e+01, 1.350000000000000089e-01
1.800000000000000000e+07, 2.109000000000000197e-03, 2.338999999999999968e+00, 4.846999999999999920e-02, 1.371000000000000085e+01, 1.491999999999999993e-01
2.000000000000000000e+07, 1.708000000000000100e-03, 2.157000000000000028e+00, 4.309999999999999942e-02, 1.441000000000000014e+01, 1.620999999999999941e-01
2.200000000000000000e+07, 1.412000000000000061e-03, 2.004000000000000004e+00, 3.880000000000000115e-02, 1.505000000000000071e+01, 1.738999999999999990e-01
2.400000000000000000e+07, 1.185999999999999988e-03, 1.872000000000000108e+00, 3.527999999999999886e-02, 1.564000000000000057e+01, 1.847000000000000031e-01
2.600000000000000000e+07, 1.010999999999999963e-03, 1.758000000000000007e+00, 3.232999999999999763e-02, 1.617000000000000171e+01, 1.947000000000000119e-01
2.800000000000000000e+07, 8.714999999999999874e-04, 1.659000000000000030e+00, 2.983999999999999847e-02, 1.666000000000000014e+01, 2.038999999999999979e-01
3.000000000000000000e+07, 7.592000000000000224e-04, 1.570999999999999952e+00, 2.770999999999999852e-02, 1.710999999999999943e+01, 2.124000000000000055e-01
4.000000000000000000e+07, 4.270000000000000249e-04, 1.247999999999999998e+00, 2.040000000000000147e-02, 1.894999999999999929e+01, 2.477000000000000035e-01
5.000000000000000000e+07, 2.732999999999999752e-04, 1.042000000000000037e+00, 1.612999999999999851e-02, 2.032000000000000028e+01, 2.741999999999999993e-01
6.000000000000000000e+07, 1.898000000000000056e-04, 8.977000000000000535e-01, 1.333999999999999943e-02, 2.137999999999999901e+01, 2.950999999999999734e-01
8.000000000000000000e+07, 1.067999999999999939e-04, 7.079999999999999627e-01, 9.910999999999999671e-03, 2.294999999999999929e+01, 3.262999999999999790e-01
1.000000000000000000e+08, 6.833000000000000477e-05, 5.876000000000000112e-01, 7.882999999999999383e-03, 2.405000000000000071e+01, 3.487999999999999989e-01
1.500000000000000000e+08, 3.036999999999999891e-05, 4.184999999999999831e-01, 5.215000000000000017e-03, 2.578999999999999915e+01, 3.857999999999999763e-01
2.000000000000000000e+08, 1.707999999999999910e-05, 3.281000000000000028e-01, 3.896000000000000157e-03, 2.682000000000000028e+01, 4.087000000000000077e-01
3.000000000000000000e+08, 7.592000000000000326e-06, 2.326000000000000012e-01, 2.586999999999999890e-03, 2.801999999999999957e+01, 4.364999999999999991e-01
4.000000000000000000e+08, 4.269999999999999775e-06, 1.821000000000000119e-01, 1.936000000000000004e-03, 2.871000000000000085e+01, 4.530000000000000138e-01
5.000000000000000000e+08, 2.732999999999999922e-06, 1.507999999999999896e-01, 1.546999999999999981e-03, 2.916000000000000014e+01, 4.642999999999999905e-01
6.000000000000000000e+08, 1.898000000000000081e-06, 1.290999999999999925e-01, 1.288000000000000082e-03, 2.948000000000000043e+01, 4.726000000000000201e-01
8.000000000000000000e+08, 1.067999999999999981e-06, 1.008000000000000007e-01, 9.654000000000000472e-04, 2.991000000000000014e+01, 4.838999999999999968e-01
1.000000000000000000e+09, 6.832999999999999842e-07, 8.293999999999999984e-02, 7.718000000000000034e-04, 3.017999999999999972e+01, 4.914000000000000035e-01
1.500000000000000000e+09, 3.036999999999999997e-07, 5.793000000000000232e-02, 5.142000000000000303e-04, 3.057999999999999829e+01, 5.026000000000000467e-01
2.000000000000000000e+09, 1.707999999999999942e-07, 4.483000000000000179e-02, 3.854999999999999920e-04, 3.080000000000000071e+01, 5.090000000000000080e-01
3.000000000000000000e+09, 7.591999999999999426e-08, 3.116999999999999979e-02, 2.569000000000000103e-04, 3.103999999999999915e+01, 5.159000000000000252e-01
4.000000000000000000e+09, 4.269999999999999854e-08, 2.406000000000000152e-02, 1.925999999999999923e-04, 3.116000000000000014e+01, 5.200000000000000178e-01
5.000000000000000000e+09, 2.733000000000000054e-08, 1.966999999999999998e-02, 1.541000000000000052e-04, 3.123999999999999844e+01, 5.223999999999999755e-01
6.000000000000000000e+09, 1.897999999999999856e-08, 1.668000000000000038e-02, 1.284000000000000039e-04, 3.130000000000000071e+01, 5.241999999999999993e-01
8.000000000000000000e+09, 1.068000000000000034e-08, 1.285000000000000031e-02, 9.628000000000000653e-05, 3.137000000000000099e+01, 5.264999999999999680e-01
1.000000000000000000e+10, 6.832999999999999875e-09, 1.048999999999999932e-02, 7.702000000000000458e-05, 3.141000000000000014e+01, 5.280000000000000249e-01
1.500000000000000000e+10, 3.037000000000000162e-09, 7.251999999999999766e-03, 5.133999999999999973e-05, 3.148000000000000043e+01, 5.300000000000000266e-01
2.000000000000000000e+10, 1.708000000000000099e-09, 5.576000000000000227e-03, 3.850000000000000069e-05, 3.151000000000000156e+01, 5.312000000000000055e-01
3.000000000000000000e+10, 7.592000000000000253e-10, 3.844999999999999894e-03, 2.566999999999999987e-05, 3.155000000000000071e+01, 5.322999999999999954e-01
4.000000000000000000e+10, 4.270000000000000247e-10, 2.952000000000000197e-03, 1.925000000000000035e-05, 3.155999999999999872e+01, 5.330000000000000293e-01
5.000000000000000000e+10, 2.732999999999999765e-10, 2.403999999999999887e-03, 1.540000000000000163e-05, 3.157999999999999829e+01, 5.333999999999999853e-01
6.000000000000000000e+10, 1.898000000000000063e-10, 2.031999999999999952e-03, 1.283000000000000083e-05, 3.157999999999999829e+01, 5.336999999999999522e-01
8.000000000000000000e+10, 1.067999999999999957e-10, 1.557999999999999923e-03, 9.625000000000000173e-06, 3.160000000000000142e+01, 5.340000000000000302e-01
1.000000000000000000e+11, 6.832999999999999824e-11, 1.268000000000000030e-03, 7.700000000000000816e-06, 3.160000000000000142e+01, 5.342000000000000082e-01
