1.000000000000000000e+03, 4.558999999999999773e+02, 7.869000000000000439e-01, 9.581000000000000000e+05, 0.000000000000000000e+00, 0.000000000000000000e+00
1.500000000000000000e+03, 4.280000000000000000e+02, 1.387000000000000011e+00, 3.613000000000000000e+05, 0.000000000000000000e+00, 0.000000000000000000e+00
2.000000000000000000e+03, 3.983000000000000114e+02, 1.941000000000000059e+00, 1.737000000000000000e+05, 0.000000000000000000e+00, 0.000000000000000000e+00
3.000000000000000000e+03, 3.416999999999999886e+02, 2.955000000000000071e+00, 5.963000000000000000e+04, 0.000000000000000000e+00, 0.000000000000000000e+00
4.000000000000000000e+03, 2.916999999999999886e+02, 3.903000000000000025e+00, 2.740000000000000000e+04, 0.000000000000000000e+00, 0.000000000000000000e+00
5.000000000000000000e+03, 2.486999999999999886e+02, 4.777000000000000135e+00, 1.485000000000000000e+04, 0.000000000000000000e+00, 0.000000000000000000e+00
6.000000000000000000e+03, 2.126999999999999886e+02, 5.570999999999999730e+00, 8.953000000000000000e+03, 0.000000000000000000e+00, 0.000000000000000000e+00
8.000000000000000000e+03, 1.590999999999999943e+02, 6.940999999999999837e+00, 3.162000000000000000e+04, 0.000000000000000000e+00, 0.000000000000000000e+00
1.000000000000000000e+04, 1.235999999999999943e+02, 8.051999999999999602e+00, 1.789000000000000000e+04, 0.000000000000000000e+00, 0.000000000000000000e+00
1.500000000000000000e+04, 7.617000000000000171e+01, 9.945000000000000284e+00, 5.982000000000000000e+03, 0.000000000000000000e+00, 0.000000000000000000e+00
2.000000000000000000e+04, 5.275999999999999801e+01, 1.108000000000000007e+01, 2.679000000000000000e+03, 0.000000000000000000e+00, 0.000000000000000000e+00
3.000000000000000000e+04, 2.919000000000000128e+01, 1.230000000000000071e+01, 8.355000000000000000e+02, 0.000000000000000000e+00, 0.000000000000000000e+00
4.000000000000000000e+04, 1.839999999999999858e+01, 1.282000000000000028e+01, 3.583000000000000114e+02, 0.000000000000000000e+00, 0.000000000000000000e+00
5.000000000000000000e+04, 1.274000000000000021e+01, 1.300000000000000000e+01, 1.840999999999999943e+02, 0.000000000000000000e+00, 0.000000000000000000e+00
6.000000000000000000e+04, 9.391999999999999460e+00, 1.300000000000000000e+01, 1.062000000000000028e+02, 0.000000000000000000e+00, 0.000000000000000000e+00
8.000000000000000000e+04, 5.737000000000000099e+00, 1.278999999999999915e+01, 4.424000000000000199e+01, 0.000000000000000000e+00, 0.000000000000000000e+00
1.000000000000000000e+05, 3.861000000000000210e+00, 1.246000000000000085e+01, 2.232999999999999829e+01, 0.000000000000000000e+00, 0.000000000000000000e+00
1.500000000000000000e+05, 1.828999999999999959e+00, 1.153999999999999915e+01, 6.426999999999999602e+00, 0.000000000000000000e+00, 0.000000000000000000e+00
2.000000000000000000e+05, 1.060999999999999943e+00, 1.071000000000000085e+01, 2.673000000000000043e+00, 0.000000000000000000e+00, 0.000000000000000000e+00
3.000000000000000000e+05, 4.859999999999999876e-01, 9.419999999999999929e+00, 8.008999999999999453e-01, 0.000000000000000000e+00, 0.000000000000000000e+00
4.000000000000000000e+05, 2.770000000000000240e-01, 8.480999999999999872e+00, 3.543999999999999928e-01, 0.000000000000000000e+00, 0.000000000000000000e+00
5.000000000000000000e+05, 1.784999999999999920e-01, 7.764000000000000234e+00, 1.948000000000000009e-01, 0.000000000000000000e+00, 0.000000000000000000e+00
6.000000000000000000e+05, 1.244999999999999996e-01, 7.193999999999999950e+00, 1.227000000000000035e-01, 0.000000000000000000e+00, 0.000000000000000000e+00
8.000000000000000000e+05, 7.031999999999999362e-02, 6.330000000000000071e+00, 6.252000000000000612e-02, 0.000000000000000000e+00, 0.000000000000000000e+00
1.000000000000000000e+06, 4.510000000000000120e-02, 5.695999999999999730e+00, 3.889999999999999708e-02, 0.000000000000000000e+00, 0.000000000000000000e+00
1.022000000000000000e+06, 4.318000000000000310e-02, 5.636000000000000121e+00, 3.692999999999999755e-02, 0.000000000000000000e+00, 0.000000000000000000e+00
1.250000000000000000e+06, 2.889999999999999861e-02, 5.096000000000000085e+00, 2.496999999999999914e-02, 7.130000000000000053e-03, 0.000000000000000000e+00
1.500000000000000000e+06, 2.008000000000000063e-02, 4.633000000000000007e+00, 1.799999999999999864e-02, 3.613000000000000239e-02, 0.000000000000000000e+00
2.000000000000000000e+06, 1.131000000000000061e-02, 3.955000000000000071e+00, 1.108999999999999916e-02, 1.368999999999999939e-01, 0.000000000000000000e+00
2.044000000000000000e+06, 1.081999999999999976e-02, 3.907000000000000028e+00, 1.072000000000000036e-02, 1.472999999999999865e-01, 0.000000000000000000e+00
3.000000000000000000e+06, 5.027000000000000218e-03, 3.112999999999999989e+00, 6.015999999999999646e-03, 3.788000000000000256e-01, 1.088999999999999907e-03
4.000000000000000000e+06, 2.827999999999999785e-03, 2.596999999999999975e+00, 4.048999999999999648e-03, 6.042999999999999483e-01, 4.447000000000000432e-03
5.000000000000000000e+06, 1.809999999999999977e-03, 2.242999999999999883e+00, 3.029000000000000008e-03, 8.034000000000000030e-01, 8.857999999999999555e-03
6.000000000000000000e+06, 1.257000000000000088e-03, 1.981999999999999984e+00, 2.412000000000000081e-03, 9.807000000000000162e-01, 1.359999999999999924e-02
7.000000000000000000e+06, 9.236999999999999551e-04, 1.782000000000000028e+00, 2.000000000000000042e-03, 1.137999999999999901e+00, 1.832999999999999907e-02
8.000000000000000000e+06, 7.071999999999999511e-04, 1.622000000000000108e+00, 1.706000000000000051e-03, 1.280000000000000027e+00, 2.290999999999999981e-02
9.000000000000000000e+06, 5.588000000000000302e-04, 1.491000000000000103e+00, 1.487000000000000040e-03, 1.407999999999999918e+00, 2.730000000000000135e-02
1.000000000000000000e+07, 4.525999999999999967e-04, 1.381000000000000005e+00, 1.317000000000000028e-03, 1.524000000000000021e+00, 3.148000000000000104e-02
1.100000000000000000e+07, 3.740999999999999859e-04, 1.288000000000000034e+00, 1.180999999999999975e-03, 1.629999999999999893e+00, 3.543000000000000316e-02
1.200000000000000000e+07, 3.142999999999999960e-04, 1.207999999999999963e+00, 1.070999999999999903e-03, 1.725999999999999979e+00, 3.917000000000000343e-02
1.300000000000000000e+07, 2.678000000000000042e-04, 1.137999999999999901e+00, 9.790999999999998923e-04, 1.814999999999999947e+00, 4.270000000000000184e-02
1.400000000000000000e+07, 2.309000000000000017e-04, 1.076999999999999957e+00, 9.016999999999999625e-04, 1.899000000000000021e+00, 4.605999999999999678e-02
1.500000000000000000e+07, 2.012000000000000116e-04, 1.022000000000000020e+00, 8.356999999999999845e-04, 1.975999999999999979e+00, 4.923999999999999905e-02
1.600000000000000000e+07, 1.767999999999999878e-04, 9.735000000000000320e-01, 7.785000000000000036e-04, 2.048999999999999932e+00, 5.226999999999999702e-02
1.800000000000000000e+07, 1.397000000000000075e-04, 8.897000000000000464e-01, 6.847999999999999487e-04, 2.182999999999999829e+00, 5.788999999999999702e-02
2.000000000000000000e+07, 1.132000000000000004e-04, 8.205000000000000071e-01, 6.112000000000000028e-04, 2.302000000000000046e+00, 6.302000000000000657e-02
2.200000000000000000e+07, 9.351999999999999907e-05, 7.620999999999999996e-01, 5.517999999999999685e-04, 2.410000000000000142e+00, 6.772999999999999854e-02
2.400000000000000000e+07, 7.857999999999999642e-05, 7.120999999999999552e-01, 5.029000000000000267e-04, 2.508000000000000007e+00, 7.205999999999999905e-02
2.600000000000000000e+07, 6.695999999999999587e-05, 6.686999999999999611e-01, 4.619000000000000059e-04, 2.597999999999999865e+00, 7.607999999999999485e-02
2.800000000000000000e+07, 5.772999999999999784e-05, 6.308000000000000274e-01, 4.270999999999999732e-04, 2.680000000000000160e+00, 7.981000000000000594e-02
3.000000000000000000e+07, 5.029000000000000131e-05, 5.973000000000000531e-01, 3.971000000000000029e-04, 2.755999999999999783e+00, 8.328000000000000680e-02
4.000000000000000000e+07, 2.828999999999999850e-05, 4.747000000000000108e-01, 2.939999999999999905e-04, 3.064999999999999947e+00, 9.778000000000000580e-02
5.000000000000000000e+07, 1.811000000000000110e-05, 3.961999999999999966e-01, 2.334000000000000083e-04, 3.295999999999999819e+00, 1.088999999999999968e-01
6.000000000000000000e+07, 1.256999999999999993e-05, 3.413999999999999813e-01, 1.934999999999999871e-04, 3.478000000000000203e+00, 1.178000000000000019e-01
8.000000000000000000e+07, 7.072000000000000222e-06, 2.691999999999999948e-01, 1.441000000000000061e-04, 3.748000000000000220e+00, 1.313000000000000000e-01
1.000000000000000000e+08, 4.526000000000000373e-06, 2.235000000000000042e-01, 1.147999999999999986e-04, 3.940999999999999837e+00, 1.411999999999999922e-01
1.500000000000000000e+08, 2.011999999999999964e-06, 1.590999999999999914e-01, 7.616000000000000265e-05, 4.251000000000000334e+00, 1.577999999999999958e-01
2.000000000000000000e+08, 1.131000000000000056e-06, 1.247999999999999943e-01, 5.696999999999999834e-05, 4.437000000000000277e+00, 1.683999999999999941e-01
3.000000000000000000e+08, 5.028999999999999835e-07, 8.844000000000000472e-02, 3.787000000000000164e-05, 4.655000000000000249e+00, 1.814000000000000057e-01
4.000000000000000000e+08, 2.829000000000000252e-07, 6.926000000000000212e-02, 2.837000000000000112e-05, 4.780999999999999694e+00, 1.892999999999999960e-01
5.000000000000000000e+08, 1.809999999999999929e-07, 5.732999999999999902e-02, 2.267999999999999969e-05, 4.863999999999999879e+00, 1.947000000000000119e-01
6.000000000000000000e+08, 1.256999999999999940e-07, 4.909000000000000169e-02, 1.889000000000000041e-05, 4.924000000000000377e+00, 1.986999999999999877e-01
8.000000000000000000e+08, 7.072000000000000063e-08, 3.833999999999999908e-02, 1.415999999999999995e-05, 5.003000000000000114e+00, 2.041999999999999926e-01
1.000000000000000000e+09, 4.526000000000000294e-08, 3.153999999999999859e-02, 1.132000000000000004e-05, 5.054000000000000270e+00, 2.079999999999999905e-01
1.500000000000000000e+09, 2.012000000000000083e-08, 2.203000000000000097e-02, 7.541999999999999957e-06, 5.128999999999999559e+00, 2.134999999999999953e-01
2.000000000000000000e+09, 1.131000000000000003e-08, 1.704999999999999918e-02, 5.655000000000000067e-06, 5.168999999999999595e+00, 2.167000000000000037e-01
3.000000000000000000e+09, 5.028999999999999901e-09, 1.184999999999999942e-02, 3.768999999999999828e-06, 5.213000000000000078e+00, 2.200999999999999901e-01
4.000000000000000000e+09, 2.829000000000000054e-09, 9.150000000000000147e-03, 2.826000000000000133e-06, 5.237000000000000099e+00, 2.222000000000000086e-01
5.000000000000000000e+09, 1.809999999999999953e-09, 7.480999999999999803e-03, 2.261000000000000036e-06, 5.251999999999999780e+00, 2.233999999999999875e-01
6.000000000000000000e+09, 1.256999999999999899e-09, 6.343999999999999813e-03, 1.884000000000000088e-06, 5.261999999999999567e+00, 2.242999999999999994e-01
8.000000000000000000e+09, 7.071999999999999981e-10, 4.887999999999999984e-03, 1.413000000000000066e-06, 5.275999999999999801e+00, 2.255000000000000060e-01
1.000000000000000000e+10, 4.526000000000000190e-10, 3.990999999999999756e-03, 1.129999999999999981e-06, 5.285000000000000142e+00, 2.262000000000000122e-01
1.500000000000000000e+10, 2.011999999999999876e-10, 2.758000000000000035e-03, 7.534999999999999643e-07, 5.296000000000000263e+00, 2.273000000000000020e-01
2.000000000000000000e+10, 1.131000000000000023e-10, 2.119999999999999923e-03, 5.650999999999999978e-07, 5.302999999999999936e+00, 2.278000000000000025e-01
3.000000000000000000e+10, 5.029000000000000160e-11, 1.461999999999999975e-03, 3.766999999999999784e-07, 5.309000000000000163e+00, 2.283999999999999919e-01
4.000000000000000000e+10, 2.829000000000000002e-11, 1.123000000000000083e-03, 2.824999999999999952e-07, 5.312999999999999723e+00, 2.288000000000000034e-01
5.000000000000000000e+10, 1.810000000000000083e-11, 9.141999999999999953e-04, 2.260000000000000120e-07, 5.315000000000000391e+00, 2.290000000000000091e-01
6.000000000000000000e+10, 1.256999999999999996e-11, 7.728000000000000277e-04, 1.883999999999999930e-07, 5.317000000000000171e+00, 2.290999999999999981e-01
8.000000000000000000e+10, 7.071999999999999754e-12, 5.925000000000000362e-04, 1.413000000000000013e-07, 5.318999999999999950e+00, 2.293000000000000038e-01
1.000000000000000000e+11, 4.525999999999999900e-12, 4.821000000000000090e-04, 1.130000000000000060e-07, 5.320000000000000284e+00, 2.293999999999999928e-01
