1.000000000000000000e+03, 2.414000000000000000e+03, 1.481999999999999984e+00, 5.236000000000000000e+05, 0.000000000000000000e+00, 0.000000000000000000e+00
1.500000000000000000e+03, 2.290000000000000000e+03, 2.415000000000000036e+00, 1.335000000000000000e+06, 0.000000000000000000e+00, 0.000000000000000000e+00
2.000000000000000000e+03, 2.163000000000000000e+03, 3.329000000000000181e+00, 7.769000000000000000e+05, 0.000000000000000000e+00, 0.000000000000000000e+00
3.000000000000000000e+03, 1.913000000000000000e+03, 5.105000000000000426e+00, 2.961000000000000000e+05, 0.000000000000000000e+00, 0.000000000000000000e+00
4.000000000000000000e+03, 1.682000000000000000e+03, 6.748999999999999666e+00, 1.449000000000000000e+05, 0.000000000000000000e+00, 0.000000000000000000e+00
5.000000000000000000e+03, 1.481000000000000000e+03, 8.244999999999999218e+00, 8.231000000000000000e+04, 0.000000000000000000e+00, 0.000000000000000000e+00
6.000000000000000000e+03, 1.311000000000000000e+03, 9.580000000000000071e+00, 5.149000000000000000e+04, 0.000000000000000000e+00, 0.000000000000000000e+00
8.000000000000000000e+03, 1.046000000000000000e+03, 1.184999999999999964e+01, 1.088000000000000000e+05, 0.000000000000000000e+00, 0.000000000000000000e+00
1.000000000000000000e+04, 8.513999999999999773e+02, 1.375999999999999979e+01, 6.154000000000000000e+04, 0.000000000000000000e+00, 0.000000000000000000e+00
1.500000000000000000e+04, 5.533999999999999773e+02, 1.755999999999999872e+01, 2.098000000000000000e+04, 0.000000000000000000e+00, 0.000000000000000000e+00
2.000000000000000000e+04, 3.966000000000000227e+02, 2.030000000000000071e+01, 9.633000000000000000e+03, 0.000000000000000000e+00, 0.000000000000000000e+00
3.000000000000000000e+04, 2.323000000000000114e+02, 2.358999999999999986e+01, 3.153000000000000000e+03, 0.000000000000000000e+00, 0.000000000000000000e+00
4.000000000000000000e+04, 1.510999999999999943e+02, 2.530999999999999872e+01, 1.412000000000000000e+03, 0.000000000000000000e+00, 0.000000000000000000e+00
5.000000000000000000e+04, 1.072000000000000028e+02, 2.623999999999999844e+01, 4.297000000000000000e+03, 0.000000000000000000e+00, 0.000000000000000000e+00
6.000000000000000000e+04, 8.056999999999999318e+01, 2.673000000000000043e+01, 2.657000000000000000e+03, 0.000000000000000000e+00, 0.000000000000000000e+00
8.000000000000000000e+04, 5.021999999999999886e+01, 2.696000000000000085e+01, 1.224000000000000000e+03, 0.000000000000000000e+00, 0.000000000000000000e+00
1.000000000000000000e+05, 3.415999999999999659e+01, 2.669000000000000128e+01, 6.636000000000000227e+02, 0.000000000000000000e+00, 0.000000000000000000e+00
1.500000000000000000e+05, 1.664000000000000057e+01, 2.526999999999999957e+01, 2.145000000000000000e+02, 0.000000000000000000e+00, 0.000000000000000000e+00
2.000000000000000000e+05, 9.890000000000000568e+00, 2.373999999999999844e+01, 9.601000000000000512e+01, 0.000000000000000000e+00, 0.000000000000000000e+00
3.000000000000000000e+05, 4.652999999999999581e+00, 2.116000000000000014e+01, 3.151000000000000156e+01, 0.000000000000000000e+00, 0.000000000000000000e+00
4.000000000000000000e+05, 2.689999999999999947e+00, 1.917999999999999972e+01, 1.474000000000000021e+01, 0.000000000000000000e+00, 0.000000000000000000e+00
5.000000000000000000e+05, 1.749000000000000110e+00, 1.762999999999999901e+01, 8.390000000000000568e+00, 0.000000000000000000e+00, 0.000000000000000000e+00
6.000000000000000000e+05, 1.227999999999999980e+00, 1.637999999999999901e+01, 5.407000000000000028e+00, 0.000000000000000000e+00, 0.000000000000000000e+00
8.000000000000000000e+05, 6.995999999999999996e-01, 1.446000000000000085e+01, 2.819999999999999840e+00, 0.000000000000000000e+00, 0.000000000000000000e+00
1.000000000000000000e+06, 4.509000000000000230e-01, 1.302999999999999936e+01, 1.764999999999999902e+00, 0.000000000000000000e+00, 0.000000000000000000e+00
1.022000000000000000e+06, 4.319000000000000061e-01, 1.289000000000000057e+01, 1.689000000000000057e+00, 0.000000000000000000e+00, 0.000000000000000000e+00
1.250000000000000000e+06, 2.901000000000000245e-01, 1.166999999999999993e+01, 1.139000000000000012e+00, 6.072000000000000314e-02, 0.000000000000000000e+00
1.500000000000000000e+06, 2.020000000000000129e-01, 1.061999999999999922e+01, 8.135999999999999899e-01, 2.807000000000000051e-01, 0.000000000000000000e+00
2.000000000000000000e+06, 1.140000000000000041e-01, 9.069000000000000838e+00, 4.939000000000000057e-01, 9.102000000000000091e-01, 0.000000000000000000e+00
2.044000000000000000e+06, 1.091000000000000025e-01, 8.958000000000000185e+00, 4.763000000000000012e-01, 9.695000000000000284e-01, 0.000000000000000000e+00
3.000000000000000000e+06, 5.077000000000000263e-02, 7.142000000000000348e+00, 2.605000000000000093e-01, 2.201999999999999957e+00, 2.497000000000000088e-03
4.000000000000000000e+06, 2.859000000000000083e-02, 5.959999999999999964e+00, 1.718999999999999972e-01, 3.310000000000000053e+00, 1.017999999999999981e-02
5.000000000000000000e+06, 1.830000000000000029e-02, 5.147999999999999687e+00, 1.267000000000000071e-01, 4.258000000000000007e+00, 2.026000000000000023e-02
6.000000000000000000e+06, 1.271000000000000081e-02, 4.549999999999999822e+00, 9.972000000000000308e-02, 5.073999999999999844e+00, 3.107000000000000040e-02
7.000000000000000000e+06, 9.341000000000000345e-03, 4.089999999999999858e+00, 8.196000000000000507e-02, 5.796000000000000263e+00, 4.182999999999999913e-02
8.000000000000000000e+06, 7.152000000000000371e-03, 3.722999999999999865e+00, 6.943000000000000560e-02, 6.443999999999999950e+00, 5.224000000000000171e-02
9.000000000000000000e+06, 5.650999999999999773e-03, 3.422000000000000153e+00, 6.015000000000000208e-02, 7.033000000000000362e+00, 6.219000000000000222e-02
1.000000000000000000e+07, 4.577999999999999604e-03, 3.170999999999999819e+00, 5.301999999999999769e-02, 7.573000000000000398e+00, 7.162999999999999923e-02
1.100000000000000000e+07, 3.782999999999999904e-03, 2.958000000000000185e+00, 4.737000000000000238e-02, 8.071999999999999176e+00, 8.056000000000000660e-02
1.200000000000000000e+07, 3.178999999999999968e-03, 2.774000000000000021e+00, 4.279000000000000165e-02, 8.535000000000000142e+00, 8.896999999999999353e-02
1.300000000000000000e+07, 2.709000000000000036e-03, 2.612999999999999989e+00, 3.901000000000000301e-02, 8.967000000000000526e+00, 9.687999999999999390e-02
1.400000000000000000e+07, 2.335999999999999969e-03, 2.471999999999999975e+00, 3.583999999999999686e-02, 9.367000000000000881e+00, 1.044000000000000067e-01
1.500000000000000000e+07, 2.034999999999999917e-03, 2.346999999999999975e+00, 3.312999999999999973e-02, 9.739000000000000767e+00, 1.115000000000000019e-01
1.600000000000000000e+07, 1.788000000000000093e-03, 2.234999999999999876e+00, 3.081000000000000058e-02, 1.008000000000000007e+01, 1.183000000000000024e-01
1.800000000000000000e+07, 1.412999999999999977e-03, 2.043000000000000149e+00, 2.699999999999999969e-02, 1.071000000000000085e+01, 1.307999999999999996e-01
2.000000000000000000e+07, 1.144999999999999967e-03, 1.883999999999999897e+00, 2.402999999999999928e-02, 1.126999999999999957e+01, 1.421000000000000041e-01
2.200000000000000000e+07, 9.460000000000000093e-04, 1.750000000000000000e+00, 2.163999999999999951e-02, 1.176999999999999957e+01, 1.524999999999999967e-01
2.400000000000000000e+07, 7.948999999999999686e-04, 1.635000000000000009e+00, 1.967999999999999958e-02, 1.223000000000000043e+01, 1.620999999999999941e-01
2.600000000000000000e+07, 6.773000000000000374e-04, 1.536000000000000032e+00, 1.805000000000000007e-02, 1.265000000000000036e+01, 1.708000000000000074e-01
2.800000000000000000e+07, 5.839999999999999922e-04, 1.449000000000000066e+00, 1.666000000000000120e-02, 1.303999999999999915e+01, 1.789999999999999925e-01
3.000000000000000000e+07, 5.086999999999999508e-04, 1.372000000000000108e+00, 1.548000000000000070e-02, 1.339000000000000057e+01, 1.865999999999999881e-01
4.000000000000000000e+07, 2.862000000000000178e-04, 1.090000000000000080e+00, 1.140000000000000041e-02, 1.483999999999999986e+01, 2.177999999999999936e-01
5.000000000000000000e+07, 1.831000000000000054e-04, 9.098000000000000531e-01, 9.025999999999999301e-03, 1.591000000000000014e+01, 2.414000000000000035e-01
6.000000000000000000e+07, 1.272000000000000019e-04, 7.839000000000000412e-01, 7.466999999999999679e-03, 1.673999999999999844e+01, 2.600999999999999979e-01
8.000000000000000000e+07, 7.153999999999999606e-05, 6.181999999999999718e-01, 5.550000000000000246e-03, 1.796999999999999886e+01, 2.881000000000000227e-01
1.000000000000000000e+08, 4.577999999999999875e-05, 5.131000000000000005e-01, 4.415999999999999787e-03, 1.885000000000000142e+01, 3.084000000000000075e-01
1.500000000000000000e+08, 2.034999999999999998e-05, 3.654000000000000026e-01, 2.922000000000000118e-03, 2.023000000000000043e+01, 3.418999999999999817e-01
2.000000000000000000e+08, 1.145000000000000049e-05, 2.864999999999999769e-01, 2.184000000000000177e-03, 2.105999999999999872e+01, 3.628000000000000114e-01
3.000000000000000000e+08, 5.086999999999999745e-06, 2.031000000000000028e-01, 1.449999999999999900e-03, 2.201999999999999957e+01, 3.882999999999999785e-01
4.000000000000000000e+08, 2.860999999999999797e-06, 1.590000000000000024e-01, 1.085999999999999943e-03, 2.257000000000000028e+01, 4.037000000000000033e-01
5.000000000000000000e+08, 1.830999999999999918e-06, 1.317000000000000115e-01, 8.675999999999999468e-04, 2.294000000000000128e+01, 4.141000000000000236e-01
6.000000000000000000e+08, 1.272000000000000061e-06, 1.126999999999999946e-01, 7.225000000000000519e-04, 2.319999999999999929e+01, 4.218000000000000083e-01
8.000000000000000000e+08, 7.153999999999999606e-07, 8.803999999999999326e-02, 5.412999999999999843e-04, 2.353999999999999915e+01, 4.324000000000000066e-01
1.000000000000000000e+09, 4.577999999999999833e-07, 7.242999999999999439e-02, 4.328000000000000033e-04, 2.376999999999999957e+01, 4.395000000000000018e-01
1.500000000000000000e+09, 2.034999999999999892e-07, 5.057999999999999996e-02, 2.883000000000000146e-04, 2.408999999999999986e+01, 4.501000000000000001e-01
2.000000000000000000e+09, 1.144999999999999996e-07, 3.914999999999999730e-02, 2.161999999999999968e-04, 2.426999999999999957e+01, 4.561000000000000054e-01
3.000000000000000000e+09, 5.086999999999999825e-08, 2.722000000000000114e-02, 1.441000000000000061e-04, 2.446000000000000085e+01, 4.627000000000000002e-01
4.000000000000000000e+09, 2.860999999999999943e-08, 2.101000000000000090e-02, 1.079999999999999960e-04, 2.455999999999999872e+01, 4.665000000000000258e-01
5.000000000000000000e+09, 1.830999999999999984e-08, 1.718000000000000083e-02, 8.640999999999999430e-05, 2.462999999999999901e+01, 4.688999999999999835e-01
6.000000000000000000e+09, 1.272000000000000074e-08, 1.456999999999999962e-02, 7.200000000000000182e-05, 2.467000000000000171e+01, 4.706000000000000183e-01
8.000000000000000000e+09, 7.153999999999999904e-09, 1.122000000000000081e-02, 5.399999999999999798e-05, 2.473000000000000043e+01, 4.727999999999999980e-01
1.000000000000000000e+10, 4.577999999999999701e-09, 9.164000000000000271e-03, 4.319999999999999974e-05, 2.476999999999999957e+01, 4.742999999999999994e-01
1.500000000000000000e+10, 2.035000000000000107e-09, 6.333000000000000088e-03, 2.879999999999999870e-05, 2.482000000000000028e+01, 4.762000000000000122e-01
2.000000000000000000e+10, 1.145000000000000079e-09, 4.869000000000000064e-03, 2.159999999999999987e-05, 2.485000000000000142e+01, 4.773000000000000020e-01
3.000000000000000000e+10, 5.087000000000000114e-10, 3.357999999999999874e-03, 1.439999999999999935e-05, 2.487999999999999901e+01, 4.783999999999999919e-01
4.000000000000000000e+10, 2.861000000000000253e-10, 2.577999999999999996e-03, 1.079999999999999993e-05, 2.489000000000000057e+01, 4.791000000000000258e-01
5.000000000000000000e+10, 1.830999999999999933e-10, 2.099000000000000171e-03, 8.637999999999999289e-06, 2.489999999999999858e+01, 4.794999999999999818e-01
6.000000000000000000e+10, 1.272000000000000105e-10, 1.775000000000000102e-03, 7.198000000000000371e-06, 2.491000000000000014e+01, 4.798000000000000043e-01
8.000000000000000000e+10, 7.154000000000000576e-11, 1.361000000000000014e-03, 5.397999999999999817e-06, 2.492000000000000171e+01, 4.799999999999999822e-01
1.000000000000000000e+11, 4.578000000000000244e-11, 1.106999999999999911e-03, 4.318999999999999645e-06, 2.492000000000000171e+01, 4.803000000000000047e-01
