1.000000000000000000e+03, 6.047000000000000455e+02, 7.498000000000000220e-01, 1.959000000000000000e+05, 0.000000000000000000e+00, 0.000000000000000000e+00
1.500000000000000000e+03, 5.715000000000000000e+02, 1.362000000000000099e+00, 5.884000000000000000e+05, 0.000000000000000000e+00, 0.000000000000000000e+00
2.000000000000000000e+03, 5.362000000000000455e+02, 1.953000000000000069e+00, 2.907000000000000000e+05, 0.000000000000000000e+00, 0.000000000000000000e+00
3.000000000000000000e+03, 4.683000000000000114e+02, 3.012999999999999901e+00, 1.021000000000000000e+05, 0.000000000000000000e+00, 0.000000000000000000e+00
4.000000000000000000e+03, 4.076999999999999886e+02, 3.971000000000000085e+00, 4.740000000000000000e+04, 0.000000000000000000e+00, 0.000000000000000000e+00
5.000000000000000000e+03, 3.541999999999999886e+02, 4.865000000000000213e+00, 2.587000000000000000e+04, 0.000000000000000000e+00, 0.000000000000000000e+00
6.000000000000000000e+03, 3.076000000000000227e+02, 5.695999999999999730e+00, 1.569000000000000000e+04, 0.000000000000000000e+00, 0.000000000000000000e+00
8.000000000000000000e+03, 2.339000000000000057e+02, 7.166999999999999815e+00, 7.056000000000000000e+03, 0.000000000000000000e+00, 0.000000000000000000e+00
1.000000000000000000e+04, 1.820999999999999943e+02, 8.412000000000000810e+00, 3.769000000000000000e+03, 0.000000000000000000e+00, 0.000000000000000000e+00
1.500000000000000000e+04, 1.100000000000000000e+02, 1.069999999999999929e+01, 9.763000000000000000e+03, 0.000000000000000000e+00, 0.000000000000000000e+00
2.000000000000000000e+04, 7.548999999999999488e+01, 1.211999999999999922e+01, 4.460000000000000000e+03, 0.000000000000000000e+00, 0.000000000000000000e+00
3.000000000000000000e+04, 4.228999999999999915e+01, 1.366999999999999993e+01, 1.427000000000000000e+03, 0.000000000000000000e+00, 0.000000000000000000e+00
4.000000000000000000e+04, 2.673999999999999844e+01, 1.436999999999999922e+01, 6.217999999999999545e+02, 0.000000000000000000e+00, 0.000000000000000000e+00
5.000000000000000000e+04, 1.846000000000000085e+01, 1.465000000000000036e+01, 3.230000000000000000e+02, 0.000000000000000000e+00, 0.000000000000000000e+00
6.000000000000000000e+04, 1.357000000000000028e+01, 1.469999999999999929e+01, 1.880000000000000000e+02, 0.000000000000000000e+00, 0.000000000000000000e+00
8.000000000000000000e+04, 8.288000000000000256e+00, 1.451999999999999957e+01, 7.934000000000000341e+01, 0.000000000000000000e+00, 0.000000000000000000e+00
1.000000000000000000e+05, 5.596000000000000085e+00, 1.416999999999999993e+01, 4.040999999999999659e+01, 0.000000000000000000e+00, 0.000000000000000000e+00
1.500000000000000000e+05, 2.665999999999999925e+00, 1.316999999999999993e+01, 1.180000000000000071e+01, 0.000000000000000000e+00, 0.000000000000000000e+00
2.000000000000000000e+05, 1.550000000000000044e+00, 1.224000000000000021e+01, 4.956000000000000405e+00, 0.000000000000000000e+00, 0.000000000000000000e+00
3.000000000000000000e+05, 7.115000000000000213e-01, 1.078999999999999915e+01, 1.500999999999999890e+00, 0.000000000000000000e+00, 0.000000000000000000e+00
4.000000000000000000e+05, 4.062999999999999945e-01, 9.721000000000000085e+00, 6.685999999999999721e-01, 0.000000000000000000e+00, 0.000000000000000000e+00
5.000000000000000000e+05, 2.621999999999999886e-01, 8.903999999999999915e+00, 3.689000000000000057e-01, 0.000000000000000000e+00, 0.000000000000000000e+00
6.000000000000000000e+05, 1.829000000000000070e-01, 8.252000000000000668e+00, 2.328999999999999959e-01, 0.000000000000000000e+00, 0.000000000000000000e+00
8.000000000000000000e+05, 1.034000000000000058e-01, 7.264000000000000234e+00, 1.189999999999999947e-01, 0.000000000000000000e+00, 0.000000000000000000e+00
1.000000000000000000e+06, 6.635000000000000620e-02, 6.536999999999999922e+00, 7.406999999999999695e-02, 0.000000000000000000e+00, 0.000000000000000000e+00
1.022000000000000000e+06, 6.353000000000000314e-02, 6.467999999999999972e+00, 7.037000000000000199e-02, 0.000000000000000000e+00, 0.000000000000000000e+00
1.250000000000000000e+06, 4.252999999999999836e-02, 5.849999999999999645e+00, 4.755999999999999811e-02, 9.934999999999999387e-03, 0.000000000000000000e+00
1.500000000000000000e+06, 2.955999999999999947e-02, 5.318999999999999950e+00, 3.423999999999999960e-02, 4.943999999999999784e-02, 0.000000000000000000e+00
2.000000000000000000e+06, 1.663999999999999854e-02, 4.540000000000000036e+00, 2.104999999999999927e-02, 1.839999999999999969e-01, 0.000000000000000000e+00
2.044000000000000000e+06, 1.592999999999999972e-02, 4.485000000000000320e+00, 2.032000000000000126e-02, 1.975999999999999979e-01, 0.000000000000000000e+00
3.000000000000000000e+06, 7.400999999999999593e-03, 3.572999999999999954e+00, 1.136000000000000031e-02, 5.036000000000000476e-01, 1.250999999999999942e-03
4.000000000000000000e+06, 4.164000000000000166e-03, 2.980999999999999872e+00, 7.623999999999999701e-03, 7.993999999999999995e-01, 5.104000000000000030e-03
5.000000000000000000e+06, 2.664999999999999834e-03, 2.575000000000000178e+00, 5.692000000000000011e-03, 1.060000000000000053e+00, 1.017000000000000022e-02
6.000000000000000000e+06, 1.850999999999999998e-03, 2.275999999999999801e+00, 4.524000000000000243e-03, 1.290000000000000036e+00, 1.561000000000000061e-02
7.000000000000000000e+06, 1.360000000000000098e-03, 2.045999999999999819e+00, 3.746000000000000198e-03, 1.495999999999999996e+00, 2.103000000000000008e-02
8.000000000000000000e+06, 1.041000000000000042e-03, 1.862000000000000099e+00, 3.193000000000000092e-03, 1.679999999999999938e+00, 2.629000000000000087e-02
9.000000000000000000e+06, 8.228000000000000504e-04, 1.711000000000000076e+00, 2.779999999999999919e-03, 1.848000000000000087e+00, 3.132000000000000062e-02
1.000000000000000000e+07, 6.664000000000000435e-04, 1.586000000000000076e+00, 2.459999999999999947e-03, 1.999000000000000110e+00, 3.611000000000000321e-02
1.100000000000000000e+07, 5.508000000000000526e-04, 1.479000000000000092e+00, 2.206000000000000062e-03, 2.137000000000000011e+00, 4.064000000000000251e-02
1.200000000000000000e+07, 4.627999999999999736e-04, 1.387000000000000011e+00, 1.998999999999999909e-03, 2.262999999999999901e+00, 4.492000000000000159e-02
1.300000000000000000e+07, 3.942999999999999890e-04, 1.306999999999999940e+00, 1.827000000000000065e-03, 2.379000000000000004e+00, 4.895999999999999658e-02
1.400000000000000000e+07, 3.400000000000000244e-04, 1.235999999999999988e+00, 1.681999999999999901e-03, 2.487000000000000099e+00, 5.281000000000000277e-02
1.500000000000000000e+07, 2.961999999999999898e-04, 1.173999999999999932e+00, 1.557999999999999923e-03, 2.588000000000000078e+00, 5.645000000000000018e-02
1.600000000000000000e+07, 2.602999999999999845e-04, 1.118000000000000105e+00, 1.451000000000000033e-03, 2.682999999999999829e+00, 5.990999999999999798e-02
1.800000000000000000e+07, 2.057000000000000126e-04, 1.022000000000000020e+00, 1.276000000000000007e-03, 2.858000000000000096e+00, 6.635000000000000620e-02
2.000000000000000000e+07, 1.666000000000000109e-04, 9.419999999999999485e-01, 1.137999999999999906e-03, 3.012999999999999901e+00, 7.220999999999999641e-02
2.200000000000000000e+07, 1.377000000000000131e-04, 8.750000000000000000e-01, 1.026999999999999918e-03, 3.153999999999999915e+00, 7.759000000000000619e-02
2.400000000000000000e+07, 1.156999999999999934e-04, 8.175999999999999934e-01, 9.361000000000000397e-04, 3.282000000000000028e+00, 8.254000000000000226e-02
2.600000000000000000e+07, 9.859000000000000305e-05, 7.678000000000000380e-01, 8.595999999999999691e-04, 3.398000000000000131e+00, 8.712000000000000299e-02
2.800000000000000000e+07, 8.501000000000000093e-05, 7.243000000000000549e-01, 7.946999999999999637e-04, 3.505999999999999783e+00, 9.137000000000000677e-02
3.000000000000000000e+07, 7.404999999999999744e-05, 6.857999999999999652e-01, 7.387999999999999602e-04, 3.604000000000000092e+00, 9.533999999999999420e-02
4.000000000000000000e+07, 4.165000000000000272e-05, 5.450000000000000400e-01, 5.465999999999999505e-04, 4.008000000000000007e+00, 1.117999999999999966e-01
5.000000000000000000e+07, 2.665999999999999886e-05, 4.549000000000000266e-01, 4.337000000000000252e-04, 4.309000000000000163e+00, 1.243999999999999967e-01
6.000000000000000000e+07, 1.851000000000000066e-05, 3.920000000000000151e-01, 3.594000000000000081e-04, 4.544999999999999929e+00, 1.345000000000000084e-01
8.000000000000000000e+07, 1.041000000000000028e-05, 3.090999999999999859e-01, 2.677000000000000018e-04, 4.894000000000000128e+00, 1.496999999999999997e-01
1.000000000000000000e+08, 6.664000000000000063e-06, 2.565999999999999948e-01, 2.133000000000000076e-04, 5.142999999999999794e+00, 1.607999999999999985e-01
1.500000000000000000e+08, 2.962000000000000186e-06, 1.827000000000000013e-01, 1.413999999999999947e-04, 5.538999999999999702e+00, 1.792999999999999872e-01
2.000000000000000000e+08, 1.666000000000000016e-06, 1.433000000000000107e-01, 1.056999999999999943e-04, 5.775000000000000355e+00, 1.908999999999999864e-01
3.000000000000000000e+08, 7.404000000000000389e-07, 1.015000000000000069e-01, 7.030000000000000116e-05, 6.049999999999999822e+00, 2.051999999999999935e-01
4.000000000000000000e+08, 4.165000000000000039e-07, 7.951999999999999347e-02, 5.264999999999999905e-05, 6.208999999999999631e+00, 2.137999999999999901e-01
5.000000000000000000e+08, 2.666000000000000182e-07, 6.582999999999999963e-02, 4.207999999999999691e-05, 6.312999999999999723e+00, 2.197000000000000064e-01
6.000000000000000000e+08, 1.851000000000000097e-07, 5.636000000000000038e-02, 3.504999999999999815e-05, 6.386999999999999567e+00, 2.240999999999999936e-01
8.000000000000000000e+08, 1.040999999999999991e-07, 4.401999999999999663e-02, 2.627000000000000090e-05, 6.485999999999999766e+00, 2.300999999999999990e-01
1.000000000000000000e+09, 6.664000000000000645e-08, 3.620999999999999913e-02, 2.101000000000000044e-05, 6.549999999999999822e+00, 2.341000000000000025e-01
1.500000000000000000e+09, 2.961999999999999987e-08, 2.528999999999999998e-02, 1.399999999999999979e-05, 6.642999999999999794e+00, 2.399999999999999911e-01
2.000000000000000000e+09, 1.666000000000000161e-08, 1.957000000000000059e-02, 1.048999999999999951e-05, 6.692999999999999616e+00, 2.434000000000000052e-01
3.000000000000000000e+09, 7.403999999999999661e-09, 1.361000000000000057e-02, 6.994000000000000291e-06, 6.748000000000000220e+00, 2.470999999999999863e-01
4.000000000000000000e+09, 4.165000000000000403e-09, 1.051000000000000024e-02, 5.244999999999999757e-06, 6.777000000000000135e+00, 2.492999999999999938e-01
5.000000000000000000e+09, 2.666000000000000099e-09, 8.590000000000000413e-03, 4.194999999999999646e-06, 6.796000000000000263e+00, 2.505999999999999894e-01
6.000000000000000000e+09, 1.850999999999999915e-09, 7.283999999999999676e-03, 3.496000000000000070e-06, 6.809000000000000163e+00, 2.515000000000000013e-01
8.000000000000000000e+09, 1.041000000000000024e-09, 5.611999999999999801e-03, 2.622000000000000053e-06, 6.825000000000000178e+00, 2.528000000000000247e-01
1.000000000000000000e+10, 6.663999999999999942e-10, 4.582000000000000135e-03, 2.096999999999999997e-06, 6.836000000000000298e+00, 2.535999999999999921e-01
1.500000000000000000e+10, 2.962000000000000215e-10, 3.167000000000000110e-03, 1.397999999999999998e-06, 6.849999999999999645e+00, 2.545999999999999930e-01
2.000000000000000000e+10, 1.665999999999999985e-10, 2.433999999999999966e-03, 1.049000000000000036e-06, 6.857999999999999652e+00, 2.553000000000000269e-01
3.000000000000000000e+10, 7.403999999999999713e-11, 1.678999999999999937e-03, 6.989999999999999991e-07, 6.866999999999999993e+00, 2.559000000000000163e-01
4.000000000000000000e+10, 4.164999999999999964e-11, 1.288999999999999998e-03, 5.243000000000000031e-07, 6.871000000000000441e+00, 2.562999999999999723e-01
5.000000000000000000e+10, 2.666000000000000151e-11, 1.049999999999999935e-03, 4.194000000000000100e-07, 6.873999999999999666e+00, 2.565000000000000058e-01
6.000000000000000000e+10, 1.850999999999999928e-11, 8.873000000000000461e-04, 3.494999999999999995e-07, 6.876000000000000334e+00, 2.565999999999999948e-01
8.000000000000000000e+10, 1.040999999999999947e-11, 6.803000000000000019e-04, 2.620999999999999978e-07, 6.878000000000000114e+00, 2.567999999999999727e-01
1.000000000000000000e+11, 6.663999999999999877e-12, 5.534999999999999556e-04, 2.097000000000000050e-07, 6.878999999999999559e+00, 2.569000000000000172e-01
