1.000000000000000000e+03, 2.172000000000000000e+03, 1.528999999999999915e+00, 2.474000000000000000e+06, 0.000000000000000000e+00, 0.000000000000000000e+00
1.500000000000000000e+03, 2.052000000000000000e+03, 2.468999999999999861e+00, 1.189000000000000000e+06, 0.000000000000000000e+00, 0.000000000000000000e+00
2.000000000000000000e+03, 1.930000000000000000e+03, 3.386000000000000121e+00, 6.457000000000000000e+05, 0.000000000000000000e+00, 0.000000000000000000e+00
3.000000000000000000e+03, 1.695000000000000000e+03, 5.153999999999999915e+00, 2.432000000000000000e+05, 0.000000000000000000e+00, 0.000000000000000000e+00
4.000000000000000000e+03, 1.483000000000000000e+03, 6.785999999999999588e+00, 1.186000000000000000e+05, 0.000000000000000000e+00, 0.000000000000000000e+00
5.000000000000000000e+03, 1.303000000000000000e+03, 8.257999999999999119e+00, 6.712000000000000000e+04, 0.000000000000000000e+00, 0.000000000000000000e+00
6.000000000000000000e+03, 1.153000000000000000e+03, 9.554000000000000270e+00, 1.192000000000000000e+05, 0.000000000000000000e+00, 0.000000000000000000e+00
8.000000000000000000e+03, 9.198999999999999773e+02, 1.174000000000000021e+01, 9.149000000000000000e+04, 0.000000000000000000e+00, 0.000000000000000000e+00
1.000000000000000000e+04, 7.492999999999999545e+02, 1.358000000000000007e+01, 5.092000000000000000e+04, 0.000000000000000000e+00, 0.000000000000000000e+00
1.500000000000000000e+04, 4.900000000000000000e+02, 1.721999999999999886e+01, 1.727000000000000000e+04, 0.000000000000000000e+00, 0.000000000000000000e+00
2.000000000000000000e+04, 3.520000000000000000e+02, 1.976999999999999957e+01, 7.879000000000000000e+03, 0.000000000000000000e+00, 0.000000000000000000e+00
3.000000000000000000e+04, 2.045000000000000000e+02, 2.278000000000000114e+01, 2.562000000000000000e+03, 0.000000000000000000e+00, 0.000000000000000000e+00
4.000000000000000000e+04, 1.330999999999999943e+02, 2.435999999999999943e+01, 1.143000000000000000e+03, 0.000000000000000000e+00, 0.000000000000000000e+00
5.000000000000000000e+04, 9.456000000000000227e+01, 2.521000000000000085e+01, 3.621000000000000000e+03, 0.000000000000000000e+00, 0.000000000000000000e+00
6.000000000000000000e+04, 7.098000000000000398e+01, 2.564999999999999858e+01, 2.238000000000000000e+03, 0.000000000000000000e+00, 0.000000000000000000e+00
8.000000000000000000e+04, 4.407000000000000028e+01, 2.582999999999999829e+01, 1.021000000000000000e+03, 0.000000000000000000e+00, 0.000000000000000000e+00
1.000000000000000000e+05, 2.992000000000000171e+01, 2.553000000000000114e+01, 5.501000000000000227e+02, 0.000000000000000000e+00, 0.000000000000000000e+00
1.500000000000000000e+05, 1.457000000000000028e+01, 2.412999999999999901e+01, 1.760999999999999943e+02, 0.000000000000000000e+00, 0.000000000000000000e+00
2.000000000000000000e+05, 8.648999999999999133e+00, 2.264999999999999858e+01, 7.835999999999999943e+01, 0.000000000000000000e+00, 0.000000000000000000e+00
3.000000000000000000e+05, 4.057999999999999829e+00, 2.017000000000000171e+01, 2.553000000000000114e+01, 0.000000000000000000e+00, 0.000000000000000000e+00
4.000000000000000000e+05, 2.342999999999999972e+00, 1.828000000000000114e+01, 1.188000000000000078e+01, 0.000000000000000000e+00, 0.000000000000000000e+00
5.000000000000000000e+05, 1.522000000000000020e+00, 1.680000000000000071e+01, 6.741999999999999993e+00, 0.000000000000000000e+00, 0.000000000000000000e+00
6.000000000000000000e+05, 1.068000000000000060e+00, 1.559999999999999964e+01, 4.336000000000000298e+00, 0.000000000000000000e+00, 0.000000000000000000e+00
8.000000000000000000e+05, 6.079999999999999849e-01, 1.375999999999999979e+01, 2.255999999999999783e+00, 0.000000000000000000e+00, 0.000000000000000000e+00
1.000000000000000000e+06, 3.916999999999999926e-01, 1.240000000000000036e+01, 1.411000000000000032e+00, 0.000000000000000000e+00, 0.000000000000000000e+00
1.022000000000000000e+06, 3.751999999999999780e-01, 1.226999999999999957e+01, 1.350000000000000089e+00, 0.000000000000000000e+00, 0.000000000000000000e+00
1.250000000000000000e+06, 2.519000000000000128e-01, 1.110999999999999943e+01, 9.102999999999999980e-01, 5.304999999999999993e-02, 0.000000000000000000e+00
1.500000000000000000e+06, 1.753000000000000114e-01, 1.010999999999999943e+01, 6.508000000000000451e-01, 2.451000000000000123e-01, 0.000000000000000000e+00
2.000000000000000000e+06, 9.890000000000000180e-02, 8.631999999999999673e+00, 3.953999999999999737e-01, 8.045999999999999819e-01, 0.000000000000000000e+00
2.044000000000000000e+06, 9.471000000000000252e-02, 8.525999999999999801e+00, 3.814000000000000168e-01, 8.578999999999999959e-01, 0.000000000000000000e+00
3.000000000000000000e+06, 4.404999999999999888e-02, 6.796999999999999709e+00, 2.089000000000000024e-01, 1.973999999999999977e+00, 2.377000000000000206e-03
4.000000000000000000e+06, 2.479999999999999913e-02, 5.671999999999999709e+00, 1.380000000000000115e-01, 2.987000000000000099e+00, 9.690999999999999961e-03
5.000000000000000000e+06, 1.587999999999999828e-02, 4.899000000000000021e+00, 1.018000000000000016e-01, 3.855999999999999872e+00, 1.929000000000000159e-02
6.000000000000000000e+06, 1.102999999999999987e-02, 4.330000000000000071e+00, 8.021000000000000352e-02, 4.604000000000000092e+00, 2.957999999999999866e-02
7.000000000000000000e+06, 8.101999999999999827e-03, 3.891999999999999904e+00, 6.596000000000000474e-02, 5.267000000000000348e+00, 3.982999999999999735e-02
8.000000000000000000e+06, 6.204000000000000313e-03, 3.543000000000000149e+00, 5.591000000000000136e-02, 5.862000000000000099e+00, 4.975000000000000255e-02
9.000000000000000000e+06, 4.902000000000000107e-03, 3.257000000000000117e+00, 4.846000000000000307e-02, 6.402999999999999581e+00, 5.922000000000000181e-02
1.000000000000000000e+07, 3.970999999999999704e-03, 3.017999999999999794e+00, 4.272000000000000103e-02, 6.900000000000000355e+00, 6.822000000000000286e-02
1.100000000000000000e+07, 3.282000000000000195e-03, 2.814999999999999947e+00, 3.817999999999999866e-02, 7.357999999999999652e+00, 7.673000000000000653e-02
1.200000000000000000e+07, 2.758000000000000035e-03, 2.640000000000000124e+00, 3.450000000000000289e-02, 7.782000000000000028e+00, 8.473999999999999588e-02
1.300000000000000000e+07, 2.350000000000000092e-03, 2.487000000000000099e+00, 3.146000000000000185e-02, 8.178000000000000824e+00, 9.228000000000000091e-02
1.400000000000000000e+07, 2.026000000000000023e-03, 2.353000000000000203e+00, 2.889999999999999861e-02, 8.544000000000000483e+00, 9.946000000000000674e-02
1.500000000000000000e+07, 1.765000000000000076e-03, 2.233999999999999986e+00, 2.673000000000000029e-02, 8.884000000000000341e+00, 1.062000000000000027e-01
1.600000000000000000e+07, 1.551000000000000078e-03, 2.126999999999999780e+00, 2.485000000000000056e-02, 9.198999999999999844e+00, 1.126999999999999946e-01
1.800000000000000000e+07, 1.226000000000000093e-03, 1.943999999999999950e+00, 2.179000000000000034e-02, 9.769999999999999574e+00, 1.246000000000000024e-01
2.000000000000000000e+07, 9.928000000000000626e-04, 1.792999999999999927e+00, 1.940000000000000058e-02, 1.027999999999999936e+01, 1.355000000000000093e-01
2.200000000000000000e+07, 8.205000000000000487e-04, 1.665000000000000036e+00, 1.746999999999999942e-02, 1.075000000000000000e+01, 1.454000000000000015e-01
2.400000000000000000e+07, 6.895000000000000087e-04, 1.556000000000000050e+00, 1.589000000000000135e-02, 1.116999999999999993e+01, 1.544999999999999984e-01
2.600000000000000000e+07, 5.875000000000000231e-04, 1.461000000000000076e+00, 1.457999999999999921e-02, 1.155000000000000071e+01, 1.628999999999999893e-01
2.800000000000000000e+07, 5.065000000000000058e-04, 1.377999999999999892e+00, 1.345999999999999974e-02, 1.190000000000000036e+01, 1.706000000000000016e-01
3.000000000000000000e+07, 4.412999999999999931e-04, 1.304999999999999938e+00, 1.250000000000000069e-02, 1.223000000000000043e+01, 1.779000000000000026e-01
4.000000000000000000e+07, 2.482000000000000157e-04, 1.036999999999999922e+00, 9.213999999999999968e-03, 1.355000000000000071e+01, 2.076999999999999957e-01
5.000000000000000000e+07, 1.588000000000000110e-04, 8.658000000000000140e-01, 7.294000000000000136e-03, 1.452999999999999936e+01, 2.303000000000000047e-01
6.000000000000000000e+07, 1.102999999999999977e-04, 7.459999999999999964e-01, 6.035999999999999699e-03, 1.528999999999999915e+01, 2.482000000000000040e-01
8.000000000000000000e+07, 6.205000000000000392e-05, 5.883000000000000451e-01, 4.486999999999999669e-03, 1.642000000000000171e+01, 2.751000000000000112e-01
1.000000000000000000e+08, 3.970999999999999758e-05, 4.883000000000000118e-01, 3.569999999999999823e-03, 1.721000000000000085e+01, 2.945999999999999730e-01
1.500000000000000000e+08, 1.764999999999999872e-05, 3.477000000000000091e-01, 2.363000000000000083e-03, 1.848000000000000043e+01, 3.269000000000000239e-01
2.000000000000000000e+08, 9.928000000000000491e-06, 2.726999999999999980e-01, 1.765999999999999992e-03, 1.923999999999999844e+01, 3.471000000000000196e-01
3.000000000000000000e+08, 4.412999999999999931e-06, 1.932000000000000106e-01, 1.172999999999999998e-03, 2.012999999999999901e+01, 3.719000000000000083e-01
4.000000000000000000e+08, 2.482000000000000123e-06, 1.512999999999999901e-01, 8.781000000000000394e-04, 2.064000000000000057e+01, 3.867999999999999772e-01
5.000000000000000000e+08, 1.588999999999999948e-06, 1.252999999999999947e-01, 7.016999999999999800e-04, 2.096999999999999886e+01, 3.970000000000000195e-01
6.000000000000000000e+08, 1.103000000000000070e-06, 1.073000000000000065e-01, 5.844000000000000019e-04, 2.121000000000000085e+01, 4.045000000000000262e-01
8.000000000000000000e+08, 6.205000000000000307e-07, 8.377999999999999337e-02, 4.379000000000000188e-04, 2.153000000000000114e+01, 4.148000000000000020e-01
1.000000000000000000e+09, 3.970999999999999758e-07, 6.893000000000000516e-02, 3.500999999999999989e-04, 2.173999999999999844e+01, 4.217000000000000193e-01
1.500000000000000000e+09, 1.764999999999999989e-07, 4.814000000000000223e-02, 2.332000000000000034e-04, 2.203999999999999915e+01, 4.320999999999999841e-01
2.000000000000000000e+09, 9.927999999999999962e-08, 3.726000000000000145e-02, 1.748999999999999958e-04, 2.219999999999999929e+01, 4.380000000000000004e-01
3.000000000000000000e+09, 4.412999999999999878e-08, 2.589999999999999941e-02, 1.164999999999999993e-04, 2.237999999999999901e+01, 4.445000000000000062e-01
4.000000000000000000e+09, 2.481999999999999990e-08, 2.000000000000000042e-02, 8.737999999999999348e-05, 2.248000000000000043e+01, 4.482999999999999763e-01
5.000000000000000000e+09, 1.588999999999999869e-08, 1.634999999999999995e-02, 6.990000000000000499e-05, 2.253999999999999915e+01, 4.506000000000000005e-01
6.000000000000000000e+09, 1.103000000000000017e-08, 1.386000000000000079e-02, 5.823999999999999804e-05, 2.257999999999999829e+01, 4.522999999999999798e-01
8.000000000000000000e+09, 6.204999999999999976e-09, 1.068000000000000026e-02, 4.368000000000000192e-05, 2.262999999999999901e+01, 4.545000000000000151e-01
1.000000000000000000e+10, 3.970999999999999625e-09, 8.720000000000000320e-03, 3.494000000000000090e-05, 2.267000000000000171e+01, 4.559000000000000274e-01
1.500000000000000000e+10, 1.765000000000000005e-09, 6.027000000000000239e-03, 2.328999999999999894e-05, 2.271000000000000085e+01, 4.577999999999999847e-01
2.000000000000000000e+10, 9.927999999999999217e-10, 4.632999999999999965e-03, 1.747000000000000045e-05, 2.273999999999999844e+01, 4.588999999999999746e-01
3.000000000000000000e+10, 4.413000000000000167e-10, 3.194999999999999923e-03, 1.165000000000000027e-05, 2.276999999999999957e+01, 4.600000000000000200e-01
4.000000000000000000e+10, 2.481999999999999804e-10, 2.452999999999999885e-03, 8.733999999999999725e-06, 2.278000000000000114e+01, 4.606999999999999984e-01
5.000000000000000000e+10, 1.588999999999999889e-10, 1.998000000000000210e-03, 6.987000000000000189e-06, 2.278999999999999915e+01, 4.611000000000000099e-01
6.000000000000000000e+10, 1.102999999999999965e-10, 1.688999999999999963e-03, 5.822000000000000332e-06, 2.280000000000000071e+01, 4.612999999999999878e-01
8.000000000000000000e+10, 6.204999999999999511e-11, 1.294999999999999927e-03, 4.366999999999999863e-06, 2.280000000000000071e+01, 4.616000000000000103e-01
1.000000000000000000e+11, 3.970999999999999781e-11, 1.052999999999999900e-03, 3.492999999999999845e-06, 2.280999999999999872e+01, 4.617999999999999883e-01
