1.000000000000000000e+03, 1.706000000000000000e+03, 1.004999999999999893e+00, 1.785000000000000000e+06, 0.000000000000000000e+00, 0.000000000000000000e+00
1.500000000000000000e+03, 1.612000000000000000e+03, 1.895999999999999908e+00, 7.628000000000000000e+05, 0.000000000000000000e+00, 0.000000000000000000e+00
2.000000000000000000e+03, 1.509000000000000000e+03, 2.809000000000000163e+00, 3.867000000000000000e+05, 0.000000000000000000e+00, 0.000000000000000000e+00
3.000000000000000000e+03, 1.313000000000000000e+03, 4.527000000000000135e+00, 1.426000000000000000e+05, 0.000000000000000000e+00, 0.000000000000000000e+00
4.000000000000000000e+03, 1.145000000000000000e+03, 6.028999999999999915e+00, 6.871000000000000000e+04, 0.000000000000000000e+00, 0.000000000000000000e+00
5.000000000000000000e+03, 1.003000000000000000e+03, 7.333000000000000185e+00, 1.900000000000000000e+05, 0.000000000000000000e+00, 0.000000000000000000e+00
6.000000000000000000e+03, 8.836000000000000227e+02, 8.499000000000000554e+00, 1.203000000000000000e+05, 0.000000000000000000e+00, 0.000000000000000000e+00
8.000000000000000000e+03, 6.971000000000000227e+02, 1.056000000000000050e+01, 5.654000000000000000e+04, 0.000000000000000000e+00, 0.000000000000000000e+00
1.000000000000000000e+04, 5.660000000000000000e+02, 1.233999999999999986e+01, 3.123000000000000000e+04, 0.000000000000000000e+00, 0.000000000000000000e+00
1.500000000000000000e+04, 3.730000000000000000e+02, 1.572000000000000064e+01, 1.037000000000000000e+04, 0.000000000000000000e+00, 0.000000000000000000e+00
2.000000000000000000e+04, 2.645000000000000000e+02, 1.792999999999999972e+01, 4.678000000000000000e+03, 0.000000000000000000e+00, 0.000000000000000000e+00
3.000000000000000000e+04, 1.498000000000000114e+02, 2.055000000000000071e+01, 1.499000000000000000e+03, 0.000000000000000000e+00, 0.000000000000000000e+00
4.000000000000000000e+04, 9.768000000000000682e+01, 2.192999999999999972e+01, 4.255000000000000000e+03, 0.000000000000000000e+00, 0.000000000000000000e+00
5.000000000000000000e+04, 6.934999999999999432e+01, 2.267000000000000171e+01, 2.334000000000000000e+03, 0.000000000000000000e+00, 0.000000000000000000e+00
6.000000000000000000e+04, 5.171000000000000085e+01, 2.303000000000000114e+01, 1.417000000000000000e+03, 0.000000000000000000e+00, 0.000000000000000000e+00
8.000000000000000000e+04, 3.175000000000000000e+01, 2.310999999999999943e+01, 6.347999999999999545e+02, 0.000000000000000000e+00, 0.000000000000000000e+00
1.000000000000000000e+05, 2.150000000000000000e+01, 2.278000000000000114e+01, 3.373000000000000114e+02, 0.000000000000000000e+00, 0.000000000000000000e+00
1.500000000000000000e+05, 1.044999999999999929e+01, 2.144999999999999929e+01, 1.057000000000000028e+02, 0.000000000000000000e+00, 0.000000000000000000e+00
2.000000000000000000e+05, 6.179000000000000270e+00, 2.010000000000000142e+01, 4.636999999999999744e+01, 0.000000000000000000e+00, 0.000000000000000000e+00
3.000000000000000000e+05, 2.879999999999999893e+00, 1.785000000000000142e+01, 1.483999999999999986e+01, 0.000000000000000000e+00, 0.000000000000000000e+00
4.000000000000000000e+05, 1.657999999999999918e+00, 1.616000000000000014e+01, 6.831000000000000405e+00, 0.000000000000000000e+00, 0.000000000000000000e+00
5.000000000000000000e+05, 1.074999999999999956e+00, 1.483999999999999986e+01, 3.849000000000000199e+00, 0.000000000000000000e+00, 0.000000000000000000e+00
6.000000000000000000e+05, 7.534999999999999476e-01, 1.377999999999999936e+01, 2.463999999999999968e+00, 0.000000000000000000e+00, 0.000000000000000000e+00
8.000000000000000000e+05, 4.282000000000000250e-01, 1.215000000000000036e+01, 1.274999999999999911e+00, 0.000000000000000000e+00, 0.000000000000000000e+00
1.000000000000000000e+06, 2.755000000000000226e-01, 1.093999999999999950e+01, 7.964999999999999858e-01, 0.000000000000000000e+00, 0.000000000000000000e+00
1.022000000000000000e+06, 2.639000000000000234e-01, 1.083000000000000007e+01, 7.580000000000000071e-01, 0.000000000000000000e+00, 0.000000000000000000e+00
1.250000000000000000e+06, 1.769999999999999907e-01, 9.795999999999999375e+00, 5.111999999999999877e-01, 3.769999999999999740e-02, 0.000000000000000000e+00
1.500000000000000000e+06, 1.231000000000000011e-01, 8.910000000000000142e+00, 3.659999999999999920e-01, 1.746000000000000052e-01, 0.000000000000000000e+00
2.000000000000000000e+06, 6.941999999999999560e-02, 7.610000000000000320e+00, 2.227999999999999980e-01, 5.916000000000000147e-01, 0.000000000000000000e+00
2.044000000000000000e+06, 6.647000000000000131e-02, 7.517000000000000348e+00, 2.149000000000000077e-01, 6.320999999999999952e-01, 0.000000000000000000e+00
3.000000000000000000e+06, 3.090000000000000038e-02, 5.990999999999999659e+00, 1.181999999999999995e-01, 1.497999999999999998e+00, 2.096000000000000207e-03
4.000000000000000000e+06, 1.738999999999999921e-02, 4.998999999999999666e+00, 7.834000000000000685e-02, 2.301000000000000156e+00, 8.547000000000000777e-03
5.000000000000000000e+06, 1.114000000000000060e-02, 4.317999999999999616e+00, 5.795000000000000151e-02, 2.994000000000000217e+00, 1.701000000000000081e-02
6.000000000000000000e+06, 7.734000000000000423e-03, 3.817000000000000171e+00, 4.574000000000000288e-02, 3.591000000000000192e+00, 2.610000000000000167e-02
7.000000000000000000e+06, 5.682000000000000418e-03, 3.431000000000000050e+00, 3.767000000000000209e-02, 4.121999999999999886e+00, 3.515000000000000069e-02
8.000000000000000000e+06, 4.350999999999999833e-03, 3.123000000000000220e+00, 3.196999999999999842e-02, 4.599999999999999645e+00, 4.390999999999999764e-02
9.000000000000000000e+06, 3.438000000000000084e-03, 2.870999999999999996e+00, 2.773000000000000118e-02, 5.033999999999999808e+00, 5.228000000000000008e-02
1.000000000000000000e+07, 2.785000000000000149e-03, 2.660000000000000142e+00, 2.446999999999999870e-02, 5.432000000000000384e+00, 6.024000000000000188e-02
1.100000000000000000e+07, 2.301000000000000094e-03, 2.480999999999999872e+00, 2.188999999999999974e-02, 5.798000000000000043e+00, 6.776000000000000079e-02
1.200000000000000000e+07, 1.933999999999999955e-03, 2.326999999999999957e+00, 1.978999999999999856e-02, 6.136999999999999567e+00, 7.484999999999999987e-02
1.300000000000000000e+07, 1.647999999999999942e-03, 2.192000000000000171e+00, 1.805000000000000007e-02, 6.451999999999999957e+00, 8.153000000000000524e-02
1.400000000000000000e+07, 1.420999999999999954e-03, 2.073999999999999844e+00, 1.660000000000000017e-02, 6.741999999999999993e+00, 8.788999999999999591e-02
1.500000000000000000e+07, 1.237999999999999951e-03, 1.969000000000000083e+00, 1.535000000000000080e-02, 7.011000000000000121e+00, 9.389000000000000123e-02
1.600000000000000000e+07, 1.087999999999999991e-03, 1.875000000000000000e+00, 1.427999999999999929e-02, 7.259999999999999787e+00, 9.959999999999999409e-02
1.800000000000000000e+07, 8.595000000000000209e-04, 1.713000000000000078e+00, 1.252999999999999947e-02, 7.716000000000000192e+00, 1.102000000000000063e-01
2.000000000000000000e+07, 6.962000000000000089e-04, 1.580000000000000071e+00, 1.115999999999999978e-02, 8.124000000000000554e+00, 1.198000000000000037e-01
2.200000000000000000e+07, 5.754000000000000000e-04, 1.467999999999999972e+00, 1.005999999999999950e-02, 8.493999999999999773e+00, 1.285999999999999921e-01
2.400000000000000000e+07, 4.834999999999999888e-04, 1.370999999999999996e+00, 9.150000000000000147e-03, 8.830000000000000071e+00, 1.366999999999999882e-01
2.600000000000000000e+07, 4.119999999999999856e-04, 1.288000000000000034e+00, 8.394000000000000419e-03, 9.137000000000000455e+00, 1.441000000000000059e-01
2.800000000000000000e+07, 3.552000000000000144e-04, 1.215000000000000080e+00, 7.753000000000000343e-03, 9.416999999999999815e+00, 1.509999999999999953e-01
3.000000000000000000e+07, 3.094999999999999878e-04, 1.149999999999999911e+00, 7.202000000000000068e-03, 9.676000000000000156e+00, 1.574000000000000121e-01
4.000000000000000000e+07, 1.741000000000000035e-04, 9.141000000000000236e-01, 5.313000000000000014e-03, 1.073000000000000043e+01, 1.839999999999999969e-01
5.000000000000000000e+07, 1.113999999999999973e-04, 7.631000000000000005e-01, 4.207999999999999935e-03, 1.150999999999999979e+01, 2.041999999999999926e-01
6.000000000000000000e+07, 7.736000000000000472e-05, 6.574999999999999734e-01, 3.482999999999999985e-03, 1.210999999999999943e+01, 2.202000000000000068e-01
8.000000000000000000e+07, 4.351000000000000185e-05, 5.184999999999999609e-01, 2.590999999999999987e-03, 1.300999999999999979e+01, 2.442000000000000004e-01
1.000000000000000000e+08, 2.784999999999999932e-05, 4.304000000000000048e-01, 2.062000000000000031e-03, 1.364000000000000057e+01, 2.616999999999999882e-01
1.500000000000000000e+08, 1.238000000000000005e-05, 3.064999999999999947e-01, 1.364999999999999894e-03, 1.465000000000000036e+01, 2.906000000000000250e-01
2.000000000000000000e+08, 6.961999999999999581e-06, 2.403000000000000136e-01, 1.020000000000000073e-03, 1.525999999999999979e+01, 3.086999999999999744e-01
3.000000000000000000e+08, 3.093999999999999938e-06, 1.703000000000000069e-01, 6.780000000000000002e-04, 1.596000000000000085e+01, 3.309000000000000274e-01
4.000000000000000000e+08, 1.740999999999999933e-06, 1.333999999999999908e-01, 5.075999999999999783e-04, 1.637000000000000099e+01, 3.442000000000000060e-01
5.000000000000000000e+08, 1.114000000000000049e-06, 1.103999999999999981e-01, 4.055999999999999927e-04, 1.664000000000000057e+01, 3.533000000000000029e-01
6.000000000000000000e+08, 7.735999999999999921e-07, 9.453999999999999904e-02, 3.378000000000000252e-04, 1.682999999999999829e+01, 3.599999999999999867e-01
8.000000000000000000e+08, 4.351000000000000249e-07, 7.384000000000000286e-02, 2.531000000000000263e-04, 1.707999999999999829e+01, 3.691999999999999726e-01
1.000000000000000000e+09, 2.785000000000000123e-07, 6.074999999999999845e-02, 2.023999999999999866e-04, 1.725000000000000000e+01, 3.753000000000000225e-01
1.500000000000000000e+09, 1.238000000000000101e-07, 4.241999999999999937e-02, 1.347999999999999969e-04, 1.748000000000000043e+01, 3.844000000000000195e-01
2.000000000000000000e+09, 6.961999999999999740e-08, 3.284000000000000113e-02, 1.011000000000000044e-04, 1.760999999999999943e+01, 3.895000000000000129e-01
3.000000000000000000e+09, 3.093999999999999780e-08, 2.282999999999999960e-02, 6.737000000000000041e-05, 1.775000000000000000e+01, 3.951000000000000068e-01
4.000000000000000000e+09, 1.740999999999999840e-08, 1.762000000000000025e-02, 5.051999999999999742e-05, 1.782999999999999829e+01, 3.983999999999999764e-01
5.000000000000000000e+09, 1.114000000000000082e-08, 1.440999999999999920e-02, 4.041000000000000104e-05, 1.787999999999999901e+01, 4.003999999999999782e-01
6.000000000000000000e+09, 7.736000000000000583e-09, 1.221999999999999996e-02, 3.368000000000000280e-05, 1.791000000000000014e+01, 4.017999999999999905e-01
8.000000000000000000e+09, 4.351000000000000381e-09, 9.414000000000000493e-03, 2.525000000000000050e-05, 1.794999999999999929e+01, 4.037000000000000033e-01
1.000000000000000000e+10, 2.785000000000000206e-09, 7.686000000000000124e-03, 2.019999999999999972e-05, 1.798000000000000043e+01, 4.048999999999999821e-01
1.500000000000000000e+10, 1.238000000000000068e-09, 5.311999999999999882e-03, 1.346999999999999978e-05, 1.801999999999999957e+01, 4.064999999999999725e-01
2.000000000000000000e+10, 6.962000000000000360e-10, 4.083999999999999957e-03, 1.009999999999999986e-05, 1.803999999999999915e+01, 4.073999999999999844e-01
3.000000000000000000e+10, 3.093999999999999862e-10, 2.815999999999999927e-03, 6.732999999999999741e-06, 1.805999999999999872e+01, 4.082999999999999963e-01
4.000000000000000000e+10, 1.740999999999999985e-10, 2.161999999999999859e-03, 5.049999999999999930e-06, 1.807000000000000028e+01, 4.088999999999999857e-01
5.000000000000000000e+10, 1.113999999999999979e-10, 1.760999999999999979e-03, 4.040000000000000283e-06, 1.807999999999999829e+01, 4.092000000000000082e-01
6.000000000000000000e+10, 7.736000000000000479e-11, 1.487999999999999956e-03, 3.366000000000000045e-06, 1.807999999999999829e+01, 4.094999999999999751e-01
8.000000000000000000e+10, 4.351000000000000019e-11, 1.141000000000000087e-03, 2.524999999999999965e-06, 1.808999999999999986e+01, 4.097000000000000086e-01
1.000000000000000000e+11, 2.784999999999999947e-11, 9.284000000000000152e-04, 2.020000000000000142e-06, 1.808999999999999986e+01, 4.098999999999999866e-01
