1.000000000000000000e+03, 3.024000000000000000e+03, 1.379000000000000004e+00, 8.102000000000000000e+05, 0.000000000000000000e+00, 0.000000000000000000e+00
1.500000000000000000e+03, 2.895000000000000000e+03, 2.286000000000000032e+00, 1.101000000000000000e+06, 0.000000000000000000e+00, 0.000000000000000000e+00
2.000000000000000000e+03, 2.757000000000000000e+03, 3.180000000000000160e+00, 1.031000000000000000e+06, 0.000000000000000000e+00, 0.000000000000000000e+00
3.000000000000000000e+03, 2.478000000000000000e+03, 4.961000000000000298e+00, 4.446000000000000000e+05, 0.000000000000000000e+00, 0.000000000000000000e+00
4.000000000000000000e+03, 2.207000000000000000e+03, 6.637999999999999901e+00, 2.207000000000000000e+05, 0.000000000000000000e+00, 0.000000000000000000e+00
5.000000000000000000e+03, 1.960000000000000000e+03, 8.188000000000000611e+00, 1.262000000000000000e+05, 0.000000000000000000e+00, 0.000000000000000000e+00
6.000000000000000000e+03, 1.744000000000000000e+03, 9.599999999999999645e+00, 7.937000000000000000e+04, 0.000000000000000000e+00, 0.000000000000000000e+00
8.000000000000000000e+03, 1.397000000000000000e+03, 1.205000000000000071e+01, 3.777000000000000000e+04, 0.000000000000000000e+00, 0.000000000000000000e+00
1.000000000000000000e+04, 1.139000000000000000e+03, 1.411999999999999922e+01, 7.825000000000000000e+04, 0.000000000000000000e+00, 0.000000000000000000e+00
1.500000000000000000e+04, 7.341000000000000227e+02, 1.823000000000000043e+01, 3.170000000000000000e+04, 0.000000000000000000e+00, 0.000000000000000000e+00
2.000000000000000000e+04, 5.202999999999999545e+02, 2.132000000000000028e+01, 1.475000000000000000e+04, 0.000000000000000000e+00, 0.000000000000000000e+00
3.000000000000000000e+04, 3.073000000000000114e+02, 2.526000000000000156e+01, 4.909000000000000000e+03, 0.000000000000000000e+00, 0.000000000000000000e+00
4.000000000000000000e+04, 2.010999999999999943e+02, 2.737999999999999901e+01, 2.222000000000000000e+03, 0.000000000000000000e+00, 0.000000000000000000e+00
5.000000000000000000e+04, 1.421999999999999886e+02, 2.853999999999999915e+01, 1.195000000000000000e+03, 0.000000000000000000e+00, 0.000000000000000000e+00
6.000000000000000000e+04, 1.067000000000000028e+02, 2.916000000000000014e+01, 3.816000000000000000e+03, 0.000000000000000000e+00, 0.000000000000000000e+00
8.000000000000000000e+04, 6.692000000000000171e+01, 2.953000000000000114e+01, 1.795000000000000000e+03, 0.000000000000000000e+00, 0.000000000000000000e+00
1.000000000000000000e+05, 4.575999999999999801e+01, 2.932000000000000028e+01, 9.853999999999999773e+02, 0.000000000000000000e+00, 0.000000000000000000e+00
1.500000000000000000e+05, 2.232999999999999829e+01, 2.789000000000000057e+01, 3.258000000000000114e+02, 0.000000000000000000e+00, 0.000000000000000000e+00
2.000000000000000000e+05, 1.328999999999999915e+01, 2.626000000000000156e+01, 1.479000000000000057e+02, 0.000000000000000000e+00, 0.000000000000000000e+00
3.000000000000000000e+05, 6.288999999999999702e+00, 2.344999999999999929e+01, 4.942999999999999972e+01, 0.000000000000000000e+00, 0.000000000000000000e+00
4.000000000000000000e+05, 3.648000000000000131e+00, 2.128000000000000114e+01, 2.337000000000000099e+01, 0.000000000000000000e+00, 0.000000000000000000e+00
5.000000000000000000e+05, 2.376999999999999780e+00, 1.957999999999999829e+01, 1.341000000000000014e+01, 0.000000000000000000e+00, 0.000000000000000000e+00
6.000000000000000000e+05, 1.669999999999999929e+00, 1.819999999999999929e+01, 8.688000000000000611e+00, 0.000000000000000000e+00, 0.000000000000000000e+00
8.000000000000000000e+05, 9.535000000000000142e-01, 1.607000000000000028e+01, 4.557000000000000384e+00, 0.000000000000000000e+00, 0.000000000000000000e+00
1.000000000000000000e+06, 6.152999999999999581e-01, 1.449000000000000021e+01, 2.858000000000000096e+00, 0.000000000000000000e+00, 0.000000000000000000e+00
1.022000000000000000e+06, 5.895000000000000240e-01, 1.433999999999999986e+01, 2.736000000000000210e+00, 0.000000000000000000e+00, 0.000000000000000000e+00
1.250000000000000000e+06, 3.962999999999999856e-01, 1.298000000000000043e+01, 1.844000000000000083e+00, 8.140000000000000013e-02, 0.000000000000000000e+00
1.500000000000000000e+06, 2.762000000000000011e-01, 1.181000000000000050e+01, 1.316000000000000059e+00, 3.780000000000000027e-01, 0.000000000000000000e+00
2.000000000000000000e+06, 1.559999999999999998e-01, 1.008999999999999986e+01, 7.975999999999999757e-01, 1.193000000000000060e+00, 0.000000000000000000e+00
2.044000000000000000e+06, 1.492999999999999883e-01, 9.967000000000000526e+00, 7.691999999999999948e-01, 1.268000000000000016e+00, 0.000000000000000000e+00
3.000000000000000000e+06, 6.951999999999999846e-02, 7.947000000000000064e+00, 4.193000000000000060e-01, 2.789000000000000146e+00, 2.776999999999999955e-03
4.000000000000000000e+06, 3.914999999999999730e-02, 6.631999999999999673e+00, 2.757999999999999896e-01, 4.133000000000000007e+00, 1.132000000000000020e-02
5.000000000000000000e+06, 2.506999999999999854e-02, 5.727999999999999758e+00, 2.028999999999999970e-01, 5.269999999999999574e+00, 2.253000000000000141e-02
6.000000000000000000e+06, 1.740999999999999839e-02, 5.064000000000000057e+00, 1.593999999999999861e-01, 6.248000000000000220e+00, 3.454999999999999738e-02
7.000000000000000000e+06, 1.280000000000000061e-02, 4.551999999999999602e+00, 1.307999999999999996e-01, 7.112000000000000099e+00, 4.649999999999999967e-02
8.000000000000000000e+06, 9.797999999999999418e-03, 4.142999999999999794e+00, 1.107000000000000067e-01, 7.886999999999999567e+00, 5.806000000000000050e-02
9.000000000000000000e+06, 7.741999999999999750e-03, 3.809000000000000163e+00, 9.583999999999999464e-02, 8.592000000000000526e+00, 6.909999999999999476e-02
1.000000000000000000e+07, 6.270999999999999665e-03, 3.528999999999999915e+00, 8.440999999999999892e-02, 9.239000000000000767e+00, 7.957999999999999796e-02
1.100000000000000000e+07, 5.183000000000000107e-03, 3.291999999999999815e+00, 7.537000000000000643e-02, 9.836999999999999744e+00, 8.948000000000000398e-02
1.200000000000000000e+07, 4.355000000000000364e-03, 3.087000000000000188e+00, 6.804999999999999938e-02, 1.039000000000000057e+01, 9.880999999999999506e-02
1.300000000000000000e+07, 3.710999999999999889e-03, 2.907999999999999918e+00, 6.201000000000000262e-02, 1.091000000000000014e+01, 1.076000000000000012e-01
1.400000000000000000e+07, 3.200000000000000153e-03, 2.750999999999999890e+00, 5.693999999999999756e-02, 1.140000000000000036e+01, 1.159000000000000030e-01
1.500000000000000000e+07, 2.788000000000000114e-03, 2.612000000000000099e+00, 5.262000000000000011e-02, 1.183999999999999986e+01, 1.237999999999999934e-01
1.600000000000000000e+07, 2.449999999999999921e-03, 2.487999999999999989e+00, 4.891000000000000208e-02, 1.225999999999999979e+01, 1.313000000000000000e-01
1.800000000000000000e+07, 1.936000000000000004e-03, 2.274000000000000021e+00, 4.284999999999999920e-02, 1.301999999999999957e+01, 1.451000000000000068e-01
2.000000000000000000e+07, 1.567999999999999949e-03, 2.096999999999999975e+00, 3.810999999999999804e-02, 1.368999999999999950e+01, 1.577000000000000068e-01
2.200000000000000000e+07, 1.296000000000000060e-03, 1.947000000000000064e+00, 3.431000000000000022e-02, 1.430000000000000071e+01, 1.691999999999999893e-01
2.400000000000000000e+07, 1.088999999999999907e-03, 1.820000000000000062e+00, 3.119999999999999857e-02, 1.485999999999999943e+01, 1.796999999999999986e-01
2.600000000000000000e+07, 9.278999999999999488e-04, 1.709000000000000075e+00, 2.860000000000000042e-02, 1.535999999999999943e+01, 1.894000000000000128e-01
2.800000000000000000e+07, 8.000999999999999866e-04, 1.612000000000000099e+00, 2.639999999999999986e-02, 1.583000000000000007e+01, 1.983999999999999930e-01
3.000000000000000000e+07, 6.970000000000000284e-04, 1.526000000000000023e+00, 2.451000000000000054e-02, 1.626000000000000156e+01, 2.066999999999999948e-01
4.000000000000000000e+07, 3.920999999999999898e-04, 1.213000000000000078e+00, 1.805000000000000007e-02, 1.801000000000000156e+01, 2.411000000000000087e-01
5.000000000000000000e+07, 2.509000000000000271e-04, 1.012999999999999901e+00, 1.427999999999999929e-02, 1.930999999999999872e+01, 2.670000000000000151e-01
6.000000000000000000e+07, 1.742000000000000059e-04, 8.723999999999999533e-01, 1.180999999999999932e-02, 2.032000000000000028e+01, 2.873999999999999888e-01
8.000000000000000000e+07, 9.801000000000000521e-05, 6.879999999999999449e-01, 8.772000000000000283e-03, 2.180999999999999872e+01, 3.179000000000000159e-01
1.000000000000000000e+08, 6.273000000000000418e-05, 5.711000000000000520e-01, 6.976999999999999695e-03, 2.285999999999999943e+01, 3.398999999999999799e-01
1.500000000000000000e+08, 2.788000000000000073e-05, 4.067000000000000060e-01, 4.616000000000000311e-03, 2.451999999999999957e+01, 3.760999999999999899e-01
2.000000000000000000e+08, 1.567999999999999895e-05, 3.189000000000000168e-01, 3.448999999999999809e-03, 2.550000000000000000e+01, 3.986000000000000099e-01
3.000000000000000000e+08, 6.970000000000000182e-06, 2.260000000000000064e-01, 2.289999999999999935e-03, 2.664999999999999858e+01, 4.259000000000000008e-01
4.000000000000000000e+08, 3.919999999999999738e-06, 1.769999999999999907e-01, 1.714000000000000029e-03, 2.730000000000000071e+01, 4.420999999999999930e-01
5.000000000000000000e+08, 2.509000000000000034e-06, 1.464999999999999913e-01, 1.369999999999999907e-03, 2.773000000000000043e+01, 4.531999999999999917e-01
6.000000000000000000e+08, 1.742000000000000008e-06, 1.255000000000000004e-01, 1.141000000000000087e-03, 2.803999999999999915e+01, 4.612999999999999878e-01
8.000000000000000000e+08, 9.800999999999999420e-07, 9.797999999999999765e-02, 8.547000000000000127e-04, 2.844999999999999929e+01, 4.724999999999999756e-01
1.000000000000000000e+09, 6.273000000000000122e-07, 8.061000000000000110e-02, 6.832999999999999664e-04, 2.871000000000000085e+01, 4.798999999999999932e-01
1.500000000000000000e+09, 2.787999999999999819e-07, 5.628999999999999976e-02, 4.552000000000000057e-04, 2.908999999999999986e+01, 4.909000000000000030e-01
2.000000000000000000e+09, 1.568000000000000012e-07, 4.356999999999999762e-02, 3.413000000000000018e-04, 2.930000000000000071e+01, 4.970999999999999863e-01
3.000000000000000000e+09, 6.969999999999999547e-08, 3.029000000000000095e-02, 2.273999999999999980e-04, 2.951999999999999957e+01, 5.040000000000000036e-01
4.000000000000000000e+09, 3.920000000000000029e-08, 2.338000000000000148e-02, 1.704999999999999973e-04, 2.964000000000000057e+01, 5.080000000000000071e-01
5.000000000000000000e+09, 2.508999999999999835e-08, 1.912000000000000158e-02, 1.364000000000000087e-04, 2.971999999999999886e+01, 5.104999999999999538e-01
6.000000000000000000e+09, 1.741999999999999982e-08, 1.620999999999999872e-02, 1.136999999999999990e-04, 2.976999999999999957e+01, 5.121999999999999886e-01
8.000000000000000000e+09, 9.800999999999999552e-09, 1.248999999999999937e-02, 8.524000000000000381e-05, 2.983999999999999986e+01, 5.144999999999999574e-01
1.000000000000000000e+10, 6.273000000000000155e-09, 1.020000000000000073e-02, 6.818999999999999595e-05, 2.987999999999999901e+01, 5.159000000000000252e-01
1.500000000000000000e+10, 2.787999999999999885e-09, 7.047999999999999578e-03, 4.546000000000000182e-05, 2.994999999999999929e+01, 5.179000000000000270e-01
2.000000000000000000e+10, 1.567999999999999962e-09, 5.419000000000000206e-03, 3.409000000000000056e-05, 2.998000000000000043e+01, 5.191000000000000059e-01
3.000000000000000000e+10, 6.969999999999999712e-10, 3.736999999999999870e-03, 2.273000000000000091e-05, 3.001000000000000156e+01, 5.201999999999999957e-01
4.000000000000000000e+10, 3.919999999999999905e-10, 2.869000000000000022e-03, 1.703999999999999948e-05, 3.003000000000000114e+01, 5.209000000000000297e-01
5.000000000000000000e+10, 2.508999999999999814e-10, 2.335999999999999969e-03, 1.363999999999999985e-05, 3.003999999999999915e+01, 5.212999999999999856e-01
6.000000000000000000e+10, 1.742000000000000033e-10, 1.975000000000000193e-03, 1.135999999999999966e-05, 3.005000000000000071e+01, 5.215999999999999526e-01
8.000000000000000000e+10, 9.801000000000000586e-11, 1.513999999999999938e-03, 8.522000000000000739e-06, 3.005999999999999872e+01, 5.218000000000000416e-01
1.000000000000000000e+11, 6.272999999999999948e-11, 1.232000000000000022e-03, 6.817000000000000122e-06, 3.005999999999999872e+01, 5.221000000000000085e-01
