1.000000000000000000e+03, 3.694000000000000000e+03, 1.278000000000000025e+00, 1.270000000000000000e+06, 0.000000000000000000e+00, 0.000000000000000000e+00
1.500000000000000000e+03, 3.542000000000000000e+03, 2.254000000000000004e+00, 5.654000000000000000e+05, 0.000000000000000000e+00, 0.000000000000000000e+00
2.000000000000000000e+03, 3.371000000000000000e+03, 3.189999999999999947e+00, 6.972000000000000000e+05, 0.000000000000000000e+00, 0.000000000000000000e+00
3.000000000000000000e+03, 3.023000000000000000e+03, 4.977000000000000313e+00, 6.092000000000000000e+05, 0.000000000000000000e+00, 0.000000000000000000e+00
4.000000000000000000e+03, 2.700000000000000000e+03, 6.682000000000000384e+00, 3.203000000000000000e+05, 0.000000000000000000e+00, 0.000000000000000000e+00
5.000000000000000000e+03, 2.413000000000000000e+03, 8.301999999999999602e+00, 1.850000000000000000e+05, 0.000000000000000000e+00, 0.000000000000000000e+00
6.000000000000000000e+03, 2.162000000000000000e+03, 9.835000000000000853e+00, 1.171000000000000000e+05, 0.000000000000000000e+00, 0.000000000000000000e+00
8.000000000000000000e+03, 1.755000000000000000e+03, 1.258000000000000007e+01, 5.622000000000000000e+04, 0.000000000000000000e+00, 0.000000000000000000e+00
1.000000000000000000e+04, 1.446000000000000000e+03, 1.486999999999999922e+01, 3.154000000000000000e+04, 0.000000000000000000e+00, 0.000000000000000000e+00
1.500000000000000000e+04, 9.427000000000000455e+02, 1.925000000000000000e+01, 4.572000000000000000e+04, 0.000000000000000000e+00, 0.000000000000000000e+00
2.000000000000000000e+04, 6.645000000000000000e+02, 2.248999999999999844e+01, 2.154000000000000000e+04, 0.000000000000000000e+00, 0.000000000000000000e+00
3.000000000000000000e+04, 3.928000000000000114e+02, 2.685999999999999943e+01, 7.297000000000000000e+03, 0.000000000000000000e+00, 0.000000000000000000e+00
4.000000000000000000e+04, 2.598999999999999773e+02, 2.935000000000000142e+01, 3.341000000000000000e+03, 0.000000000000000000e+00, 0.000000000000000000e+00
5.000000000000000000e+04, 1.840000000000000000e+02, 3.073999999999999844e+01, 1.811000000000000000e+03, 0.000000000000000000e+00, 0.000000000000000000e+00
6.000000000000000000e+04, 1.376999999999999886e+02, 3.150000000000000000e+01, 1.095000000000000000e+03, 0.000000000000000000e+00, 0.000000000000000000e+00
8.000000000000000000e+04, 8.657999999999999829e+01, 3.203000000000000114e+01, 2.499000000000000000e+03, 0.000000000000000000e+00, 0.000000000000000000e+00
1.000000000000000000e+05, 5.956000000000000227e+01, 3.187999999999999901e+01, 1.392000000000000000e+03, 0.000000000000000000e+00, 0.000000000000000000e+00
1.500000000000000000e+05, 2.919000000000000128e+01, 3.046000000000000085e+01, 4.708000000000000114e+02, 0.000000000000000000e+00, 0.000000000000000000e+00
2.000000000000000000e+05, 1.739000000000000057e+01, 2.873999999999999844e+01, 2.169000000000000057e+02, 0.000000000000000000e+00, 0.000000000000000000e+00
3.000000000000000000e+05, 8.271000000000000796e+00, 2.571999999999999886e+01, 7.381999999999999318e+01, 0.000000000000000000e+00, 0.000000000000000000e+00
4.000000000000000000e+05, 4.817000000000000171e+00, 2.337000000000000099e+01, 3.532999999999999829e+01, 0.000000000000000000e+00, 0.000000000000000000e+00
5.000000000000000000e+05, 3.145999999999999908e+00, 2.151000000000000156e+01, 2.042999999999999972e+01, 0.000000000000000000e+00, 0.000000000000000000e+00
6.000000000000000000e+05, 2.213999999999999968e+00, 2.001000000000000156e+01, 1.331000000000000050e+01, 0.000000000000000000e+00, 0.000000000000000000e+00
8.000000000000000000e+05, 1.266999999999999904e+00, 1.767999999999999972e+01, 7.025999999999999801e+00, 0.000000000000000000e+00, 0.000000000000000000e+00
1.000000000000000000e+06, 8.185999999999999943e-01, 1.593999999999999950e+01, 4.418000000000000149e+00, 0.000000000000000000e+00, 0.000000000000000000e+00
1.022000000000000000e+06, 7.842999999999999972e-01, 1.576999999999999957e+01, 4.229000000000000092e+00, 0.000000000000000000e+00, 0.000000000000000000e+00
1.250000000000000000e+06, 5.278000000000000469e-01, 1.427999999999999936e+01, 2.851999999999999869e+00, 1.058999999999999941e-01, 0.000000000000000000e+00
1.500000000000000000e+06, 3.680999999999999828e-01, 1.300000000000000000e+01, 2.032999999999999918e+00, 4.979000000000000092e-01, 0.000000000000000000e+00
2.000000000000000000e+06, 2.081000000000000072e-01, 1.110999999999999943e+01, 1.229999999999999982e+00, 1.532999999999999918e+00, 0.000000000000000000e+00
2.044000000000000000e+06, 1.993000000000000049e-01, 1.097000000000000064e+01, 1.185999999999999943e+00, 1.625999999999999890e+00, 0.000000000000000000e+00
3.000000000000000000e+06, 9.284000000000000585e-02, 8.750999999999999446e+00, 6.448000000000000398e-01, 3.458000000000000185e+00, 3.057999999999999954e-03
4.000000000000000000e+06, 5.229999999999999927e-02, 7.302999999999999936e+00, 4.229999999999999871e-01, 5.046999999999999709e+00, 1.246000000000000059e-02
5.000000000000000000e+06, 3.348999999999999894e-02, 6.309000000000000163e+00, 3.104999999999999982e-01, 6.378000000000000114e+00, 2.478999999999999954e-02
6.000000000000000000e+06, 2.326999999999999902e-02, 5.576999999999999957e+00, 2.436000000000000110e-01, 7.522000000000000242e+00, 3.801000000000000212e-02
7.000000000000000000e+06, 1.710000000000000062e-02, 5.012999999999999901e+00, 1.996999999999999886e-01, 8.531000000000000583e+00, 5.115000000000000102e-02
8.000000000000000000e+06, 1.308999999999999921e-02, 4.562999999999999723e+00, 1.688000000000000056e-01, 9.438000000000000611e+00, 6.386000000000000010e-02
9.000000000000000000e+06, 1.034999999999999983e-02, 4.195000000000000284e+00, 1.459999999999999909e-01, 1.025999999999999979e+01, 7.599999999999999811e-02
1.000000000000000000e+07, 8.382000000000000561e-03, 3.887000000000000011e+00, 1.285000000000000031e-01, 1.101999999999999957e+01, 8.749999999999999445e-02
1.100000000000000000e+07, 6.928000000000000130e-03, 3.625000000000000000e+00, 1.146999999999999964e-01, 1.172000000000000064e+01, 9.836999999999999911e-02
1.200000000000000000e+07, 5.820999999999999786e-03, 3.399999999999999911e+00, 1.034999999999999948e-01, 1.238000000000000078e+01, 1.086000000000000021e-01
1.300000000000000000e+07, 4.959999999999999999e-03, 3.202999999999999847e+00, 9.425999999999999657e-02, 1.299000000000000021e+01, 1.181999999999999995e-01
1.400000000000000000e+07, 4.277000000000000419e-03, 3.029999999999999805e+00, 8.651000000000000356e-02, 1.356000000000000050e+01, 1.274000000000000132e-01
1.500000000000000000e+07, 3.726000000000000145e-03, 2.876999999999999780e+00, 7.993000000000000105e-02, 1.408999999999999986e+01, 1.360000000000000098e-01
1.600000000000000000e+07, 3.275000000000000133e-03, 2.740000000000000213e+00, 7.426000000000000656e-02, 1.458000000000000007e+01, 1.441999999999999948e-01
1.800000000000000000e+07, 2.588000000000000023e-03, 2.504000000000000004e+00, 6.501999999999999447e-02, 1.548000000000000043e+01, 1.593999999999999861e-01
2.000000000000000000e+07, 2.096000000000000207e-03, 2.309000000000000163e+00, 5.781000000000000028e-02, 1.626999999999999957e+01, 1.731000000000000039e-01
2.200000000000000000e+07, 1.732000000000000033e-03, 2.145000000000000018e+00, 5.202999999999999986e-02, 1.698999999999999844e+01, 1.857000000000000040e-01
2.400000000000000000e+07, 1.456000000000000046e-03, 2.004000000000000004e+00, 4.728999999999999870e-02, 1.764999999999999858e+01, 1.971999999999999864e-01
2.600000000000000000e+07, 1.240000000000000000e-03, 1.881999999999999895e+00, 4.333999999999999658e-02, 1.825000000000000000e+01, 2.078000000000000125e-01
2.800000000000000000e+07, 1.069000000000000072e-03, 1.776000000000000023e+00, 3.998999999999999777e-02, 1.880000000000000071e+01, 2.175999999999999879e-01
3.000000000000000000e+07, 9.315999999999999845e-04, 1.681000000000000050e+00, 3.713000000000000328e-02, 1.930999999999999872e+01, 2.267000000000000126e-01
4.000000000000000000e+07, 5.240000000000000517e-04, 1.336000000000000076e+00, 2.732000000000000053e-02, 2.139000000000000057e+01, 2.641000000000000014e-01
5.000000000000000000e+07, 3.354000000000000210e-04, 1.114999999999999991e+00, 2.160000000000000114e-02, 2.292000000000000171e+01, 2.922000000000000153e-01
6.000000000000000000e+07, 2.328999999999999961e-04, 9.608999999999999764e-01, 1.786000000000000087e-02, 2.412000000000000099e+01, 3.144000000000000128e-01
8.000000000000000000e+07, 1.310000000000000129e-04, 7.578000000000000291e-01, 1.325999999999999922e-02, 2.587999999999999901e+01, 3.473999999999999866e-01
1.000000000000000000e+08, 8.383999999999999688e-05, 6.290000000000000036e-01, 1.055000000000000035e-02, 2.710999999999999943e+01, 3.713000000000000189e-01
1.500000000000000000e+08, 3.725999999999999901e-05, 4.479000000000000203e-01, 6.975000000000000297e-03, 2.907000000000000028e+01, 4.102000000000000091e-01
2.000000000000000000e+08, 2.095999999999999922e-05, 3.512000000000000122e-01, 5.210000000000000221e-03, 3.021999999999999886e+01, 4.344000000000000083e-01
3.000000000000000000e+08, 9.316000000000000252e-06, 2.489000000000000101e-01, 3.459999999999999968e-03, 3.157000000000000028e+01, 4.636000000000000121e-01
4.000000000000000000e+08, 5.239999999999999805e-06, 1.950000000000000067e-01, 2.589000000000000155e-03, 3.234000000000000341e+01, 4.808999999999999941e-01
5.000000000000000000e+08, 3.353999999999999990e-06, 1.613999999999999879e-01, 2.069000000000000093e-03, 3.284000000000000341e+01, 4.927000000000000268e-01
6.000000000000000000e+08, 2.329000000000000063e-06, 1.381999999999999895e-01, 1.722999999999999922e-03, 3.320000000000000284e+01, 5.012999999999999678e-01
8.000000000000000000e+08, 1.309999999999999951e-06, 1.078999999999999959e-01, 1.291000000000000047e-03, 3.367999999999999972e+01, 5.131000000000000005e-01
1.000000000000000000e+09, 8.383999999999999900e-07, 8.878999999999999393e-02, 1.031999999999999931e-03, 3.399000000000000199e+01, 5.210000000000000187e-01
1.500000000000000000e+09, 3.725999999999999880e-07, 6.201000000000000262e-02, 6.874000000000000119e-04, 3.442999999999999972e+01, 5.325999999999999623e-01
2.000000000000000000e+09, 2.095999999999999975e-07, 4.798999999999999794e-02, 5.153999999999999511e-04, 3.467000000000000171e+01, 5.391000000000000236e-01
3.000000000000000000e+09, 9.315999999999999511e-08, 3.336999999999999689e-02, 3.433999999999999986e-04, 3.493999999999999773e+01, 5.462000000000000188e-01
4.000000000000000000e+09, 5.239999999999999938e-08, 2.576000000000000165e-02, 2.575000000000000249e-04, 3.507999999999999829e+01, 5.504999999999999893e-01
5.000000000000000000e+09, 3.354000000000000122e-08, 2.105999999999999886e-02, 2.059999999999999928e-04, 3.517000000000000171e+01, 5.530000000000000471e-01
6.000000000000000000e+09, 2.328999999999999878e-08, 1.786000000000000087e-02, 1.715999999999999969e-04, 3.522999999999999687e+01, 5.547999999999999599e-01
8.000000000000000000e+09, 1.309999999999999984e-08, 1.375999999999999966e-02, 1.287000000000000112e-04, 3.531000000000000227e+01, 5.572000000000000286e-01
1.000000000000000000e+10, 8.384000000000000827e-09, 1.123000000000000040e-02, 1.029999999999999964e-04, 3.535999999999999943e+01, 5.586999999999999744e-01
1.500000000000000000e+10, 3.725999999999999748e-09, 7.762999999999999935e-03, 6.863999999999999334e-05, 3.542999999999999972e+01, 5.606999999999999762e-01
2.000000000000000000e+10, 2.096000000000000207e-09, 5.968000000000000214e-03, 5.148000000000000178e-05, 3.546999999999999886e+01, 5.618999999999999551e-01
3.000000000000000000e+10, 9.315999999999999676e-10, 4.115999999999999867e-03, 3.431999999999999667e-05, 3.550999999999999801e+01, 5.629999999999999449e-01
4.000000000000000000e+10, 5.240000000000000517e-10, 3.160000000000000048e-03, 2.574000000000000089e-05, 3.553000000000000114e+01, 5.637999999999999678e-01
5.000000000000000000e+10, 3.353999999999999998e-10, 2.573000000000000200e-03, 2.059000000000000107e-05, 3.553999999999999915e+01, 5.642000000000000348e-01
6.000000000000000000e+10, 2.328999999999999919e-10, 2.174999999999999850e-03, 1.715999999999999833e-05, 3.554999999999999716e+01, 5.645000000000000018e-01
8.000000000000000000e+10, 1.310000000000000129e-10, 1.667999999999999995e-03, 1.287000000000000044e-05, 3.556000000000000227e+01, 5.647999999999999687e-01
1.000000000000000000e+11, 8.384000000000000465e-11, 1.356999999999999916e-03, 1.028999999999999974e-05, 3.557000000000000028e+01, 5.649999999999999467e-01
