1.000000000000000000e+03, 2.252000000000000000e+03, 1.512999999999999901e+00, 1.585000000000000000e+06, 0.000000000000000000e+00, 0.000000000000000000e+00
1.500000000000000000e+03, 2.130000000000000000e+03, 2.451999999999999957e+00, 1.261000000000000000e+06, 0.000000000000000000e+00, 0.000000000000000000e+00
2.000000000000000000e+03, 2.006000000000000000e+03, 3.369000000000000217e+00, 6.874000000000000000e+05, 0.000000000000000000e+00, 0.000000000000000000e+00
3.000000000000000000e+03, 1.766000000000000000e+03, 5.141000000000000014e+00, 2.601000000000000000e+05, 0.000000000000000000e+00, 0.000000000000000000e+00
4.000000000000000000e+03, 1.548000000000000000e+03, 6.777999999999999581e+00, 1.270000000000000000e+05, 0.000000000000000000e+00, 0.000000000000000000e+00
5.000000000000000000e+03, 1.361000000000000000e+03, 8.259000000000000341e+00, 7.196000000000000000e+04, 0.000000000000000000e+00, 0.000000000000000000e+00
6.000000000000000000e+03, 1.204000000000000000e+03, 9.570999999999999730e+00, 4.494000000000000000e+04, 0.000000000000000000e+00, 0.000000000000000000e+00
8.000000000000000000e+03, 9.601000000000000227e+02, 1.178999999999999915e+01, 9.709000000000000000e+04, 0.000000000000000000e+00, 0.000000000000000000e+00
1.000000000000000000e+04, 7.817999999999999545e+02, 1.365000000000000036e+01, 5.429000000000000000e+04, 0.000000000000000000e+00, 0.000000000000000000e+00
1.500000000000000000e+04, 5.101999999999999886e+02, 1.735000000000000142e+01, 1.845000000000000000e+04, 0.000000000000000000e+00, 0.000000000000000000e+00
2.000000000000000000e+04, 3.663000000000000114e+02, 1.996000000000000085e+01, 8.437000000000000000e+03, 0.000000000000000000e+00, 0.000000000000000000e+00
3.000000000000000000e+04, 2.135000000000000000e+02, 2.305999999999999872e+01, 2.749000000000000000e+03, 0.000000000000000000e+00, 0.000000000000000000e+00
4.000000000000000000e+04, 1.389000000000000057e+02, 2.467999999999999972e+01, 1.228000000000000000e+03, 0.000000000000000000e+00, 0.000000000000000000e+00
5.000000000000000000e+04, 9.865000000000000568e+01, 2.555999999999999872e+01, 3.827000000000000000e+03, 0.000000000000000000e+00, 0.000000000000000000e+00
6.000000000000000000e+04, 7.407999999999999829e+01, 2.601000000000000156e+01, 2.373000000000000000e+03, 0.000000000000000000e+00, 0.000000000000000000e+00
8.000000000000000000e+04, 4.606000000000000227e+01, 2.621000000000000085e+01, 1.087000000000000000e+03, 0.000000000000000000e+00, 0.000000000000000000e+00
1.000000000000000000e+05, 3.128999999999999915e+01, 2.592000000000000171e+01, 5.865000000000000000e+02, 0.000000000000000000e+00, 0.000000000000000000e+00
1.500000000000000000e+05, 1.524000000000000021e+01, 2.451999999999999957e+01, 1.883000000000000114e+02, 0.000000000000000000e+00, 0.000000000000000000e+00
2.000000000000000000e+05, 9.050000000000000711e+00, 2.301999999999999957e+01, 8.396999999999999886e+01, 0.000000000000000000e+00, 0.000000000000000000e+00
3.000000000000000000e+05, 4.250000000000000000e+00, 2.050000000000000000e+01, 2.742000000000000171e+01, 0.000000000000000000e+00, 0.000000000000000000e+00
4.000000000000000000e+05, 2.454000000000000181e+00, 1.857999999999999829e+01, 1.277999999999999936e+01, 0.000000000000000000e+00, 0.000000000000000000e+00
5.000000000000000000e+05, 1.596000000000000085e+00, 1.707999999999999829e+01, 7.261000000000000121e+00, 0.000000000000000000e+00, 0.000000000000000000e+00
6.000000000000000000e+05, 1.118999999999999995e+00, 1.585999999999999943e+01, 4.673000000000000043e+00, 0.000000000000000000e+00, 0.000000000000000000e+00
8.000000000000000000e+05, 6.374999999999999556e-01, 1.400000000000000000e+01, 2.432999999999999829e+00, 0.000000000000000000e+00, 0.000000000000000000e+00
1.000000000000000000e+06, 4.107000000000000095e-01, 1.260999999999999943e+01, 1.522000000000000020e+00, 0.000000000000000000e+00, 0.000000000000000000e+00
1.022000000000000000e+06, 3.934000000000000274e-01, 1.248000000000000043e+01, 1.457000000000000073e+00, 0.000000000000000000e+00, 0.000000000000000000e+00
1.250000000000000000e+06, 2.641000000000000014e-01, 1.130000000000000071e+01, 9.820999999999999730e-01, 5.553000000000000297e-02, 0.000000000000000000e+00
1.500000000000000000e+06, 1.839000000000000079e-01, 1.027999999999999936e+01, 7.019999999999999574e-01, 2.565999999999999948e-01, 0.000000000000000000e+00
2.000000000000000000e+06, 1.037000000000000005e-01, 8.778000000000000469e+00, 4.263000000000000123e-01, 8.387999999999999901e-01, 0.000000000000000000e+00
2.044000000000000000e+06, 9.934999999999999387e-02, 8.669999999999999929e+00, 4.112000000000000099e-01, 8.941000000000000059e-01, 0.000000000000000000e+00
3.000000000000000000e+06, 4.621000000000000107e-02, 6.911999999999999922e+00, 2.252000000000000113e-01, 2.048999999999999932e+00, 2.416999999999999878e-03
4.000000000000000000e+06, 2.602000000000000146e-02, 5.767999999999999794e+00, 1.486000000000000099e-01, 3.092000000000000082e+00, 9.854999999999999177e-03
5.000000000000000000e+06, 1.666000000000000120e-02, 4.982000000000000206e+00, 1.096000000000000030e-01, 3.987999999999999989e+00, 1.960999999999999896e-02
6.000000000000000000e+06, 1.157000000000000042e-02, 4.403999999999999915e+00, 8.634999999999999620e-02, 4.758000000000000007e+00, 3.007999999999999910e-02
7.000000000000000000e+06, 8.500999999999999876e-03, 3.958000000000000185e+00, 7.099999999999999367e-02, 5.440999999999999837e+00, 4.050000000000000128e-02
8.000000000000000000e+06, 6.509000000000000029e-03, 3.603000000000000203e+00, 6.017000000000000126e-02, 6.054000000000000270e+00, 5.057999999999999996e-02
9.000000000000000000e+06, 5.143000000000000002e-03, 3.311999999999999833e+00, 5.213999999999999885e-02, 6.610000000000000320e+00, 6.020999999999999963e-02
1.000000000000000000e+07, 4.166000000000000432e-03, 3.068999999999999950e+00, 4.596999999999999698e-02, 7.121000000000000441e+00, 6.936000000000000498e-02
1.100000000000000000e+07, 3.442999999999999880e-03, 2.862000000000000099e+00, 4.107999999999999846e-02, 7.592999999999999972e+00, 7.799999999999999989e-02
1.200000000000000000e+07, 2.893000000000000172e-03, 2.684000000000000163e+00, 3.712000000000000022e-02, 8.028999999999999915e+00, 8.615000000000000435e-02
1.300000000000000000e+07, 2.465000000000000177e-03, 2.528999999999999915e+00, 3.384000000000000202e-02, 8.436999999999999389e+00, 9.382000000000000062e-02
1.400000000000000000e+07, 2.125999999999999852e-03, 2.391999999999999904e+00, 3.108999999999999958e-02, 8.814000000000000057e+00, 1.010999999999999954e-01
1.500000000000000000e+07, 1.851999999999999914e-03, 2.270999999999999908e+00, 2.875000000000000125e-02, 9.164999999999999147e+00, 1.079999999999999988e-01
1.600000000000000000e+07, 1.628000000000000107e-03, 2.162999999999999812e+00, 2.673000000000000029e-02, 9.490000000000000213e+00, 1.145999999999999935e-01
1.800000000000000000e+07, 1.286000000000000034e-03, 1.977000000000000091e+00, 2.343999999999999903e-02, 1.008000000000000007e+01, 1.267000000000000071e-01
2.000000000000000000e+07, 1.041999999999999958e-03, 1.822999999999999954e+00, 2.086000000000000007e-02, 1.060999999999999943e+01, 1.376999999999999891e-01
2.200000000000000000e+07, 8.607999999999999983e-04, 1.693000000000000060e+00, 1.879000000000000115e-02, 1.108000000000000007e+01, 1.477999999999999869e-01
2.400000000000000000e+07, 7.232999999999999629e-04, 1.582000000000000073e+00, 1.709000000000000102e-02, 1.151999999999999957e+01, 1.570000000000000007e-01
2.600000000000000000e+07, 6.164000000000000208e-04, 1.485999999999999988e+00, 1.566999999999999990e-02, 1.191000000000000014e+01, 1.655000000000000082e-01
2.800000000000000000e+07, 5.314999999999999629e-04, 1.401999999999999913e+00, 1.447000000000000022e-02, 1.227999999999999936e+01, 1.733999999999999986e-01
3.000000000000000000e+07, 4.629999999999999784e-04, 1.326999999999999957e+00, 1.344000000000000056e-02, 1.260999999999999943e+01, 1.807999999999999885e-01
4.000000000000000000e+07, 2.603999999999999869e-04, 1.054999999999999938e+00, 9.905000000000000610e-03, 1.397000000000000064e+01, 2.111000000000000099e-01
5.000000000000000000e+07, 1.667000000000000133e-04, 8.804999999999999494e-01, 7.841000000000000747e-03, 1.498000000000000043e+01, 2.340000000000000135e-01
6.000000000000000000e+07, 1.156999999999999934e-04, 7.586000000000000520e-01, 6.486999999999999711e-03, 1.576999999999999957e+01, 2.521999999999999797e-01
8.000000000000000000e+07, 6.509999999999999674e-05, 5.983000000000000540e-01, 4.821999999999999897e-03, 1.692999999999999972e+01, 2.793999999999999817e-01
1.000000000000000000e+08, 4.166999999999999914e-05, 4.965999999999999859e-01, 3.837000000000000133e-03, 1.775000000000000000e+01, 2.992000000000000215e-01
1.500000000000000000e+08, 1.851999999999999887e-05, 3.536000000000000254e-01, 2.540000000000000157e-03, 1.905999999999999872e+01, 3.318999999999999728e-01
2.000000000000000000e+08, 1.042000000000000018e-05, 2.772999999999999909e-01, 1.897999999999999948e-03, 1.983999999999999986e+01, 3.523999999999999910e-01
3.000000000000000000e+08, 4.629999999999999716e-06, 1.965000000000000080e-01, 1.260999999999999968e-03, 2.075000000000000000e+01, 3.774000000000000132e-01
4.000000000000000000e+08, 2.603999999999999971e-06, 1.539000000000000090e-01, 9.437000000000000076e-04, 2.128000000000000114e+01, 3.925000000000000155e-01
5.000000000000000000e+08, 1.667000000000000091e-06, 1.274000000000000132e-01, 7.540999999999999526e-04, 2.162000000000000099e+01, 4.027999999999999914e-01
6.000000000000000000e+08, 1.157000000000000103e-06, 1.091000000000000025e-01, 6.279000000000000293e-04, 2.187000000000000099e+01, 4.102999999999999980e-01
8.000000000000000000e+08, 6.509999999999999928e-07, 8.519999999999999796e-02, 4.704999999999999981e-04, 2.219999999999999929e+01, 4.208000000000000074e-01
1.000000000000000000e+09, 4.167000000000000189e-07, 7.008999999999999952e-02, 3.761999999999999828e-04, 2.241000000000000014e+01, 4.277000000000000246e-01
1.500000000000000000e+09, 1.851999999999999908e-07, 4.895000000000000046e-02, 2.506000000000000198e-04, 2.271999999999999886e+01, 4.380999999999999894e-01
2.000000000000000000e+09, 1.042000000000000066e-07, 3.789000000000000007e-02, 1.878999999999999865e-04, 2.289000000000000057e+01, 4.440999999999999948e-01
3.000000000000000000e+09, 4.629999999999999769e-08, 2.633999999999999883e-02, 1.252000000000000075e-04, 2.307000000000000028e+01, 4.506000000000000005e-01
4.000000000000000000e+09, 2.604000000000000024e-08, 2.033000000000000085e-02, 9.390000000000000560e-05, 2.317000000000000171e+01, 4.545000000000000151e-01
5.000000000000000000e+09, 1.666999999999999972e-08, 1.662999999999999895e-02, 7.511000000000000424e-05, 2.323000000000000043e+01, 4.567999999999999838e-01
6.000000000000000000e+09, 1.157000000000000037e-08, 1.409999999999999969e-02, 6.258999999999999536e-05, 2.326999999999999957e+01, 4.585000000000000187e-01
8.000000000000000000e+09, 6.510000000000000060e-09, 1.085999999999999986e-02, 4.694000000000000120e-05, 2.332999999999999829e+01, 4.606999999999999984e-01
1.000000000000000000e+10, 4.167000000000000189e-09, 8.867999999999999147e-03, 3.754999999999999793e-05, 2.335999999999999943e+01, 4.621000000000000107e-01
1.500000000000000000e+10, 1.852000000000000015e-09, 6.128999999999999899e-03, 2.502999999999999922e-05, 2.341000000000000014e+01, 4.640000000000000235e-01
2.000000000000000000e+10, 1.041999999999999917e-09, 4.712000000000000043e-03, 1.877000000000000155e-05, 2.344000000000000128e+01, 4.652000000000000024e-01
3.000000000000000000e+10, 4.630000000000000038e-10, 3.249000000000000152e-03, 1.251000000000000050e-05, 2.346999999999999886e+01, 4.662000000000000033e-01
4.000000000000000000e+10, 2.604000000000000003e-10, 2.494999999999999822e-03, 9.385000000000000777e-06, 2.348000000000000043e+01, 4.668999999999999817e-01
5.000000000000000000e+10, 1.667000000000000034e-10, 2.031999999999999952e-03, 7.507999999999999944e-06, 2.348999999999999844e+01, 4.672999999999999932e-01
6.000000000000000000e+10, 1.156999999999999985e-10, 1.716999999999999993e-03, 6.257000000000000402e-06, 2.350000000000000000e+01, 4.676000000000000156e-01
8.000000000000000000e+10, 6.510000000000000008e-11, 1.317000000000000028e-03, 4.692000000000000139e-06, 2.351000000000000156e+01, 4.678999999999999826e-01
1.000000000000000000e+11, 4.167000000000000319e-11, 1.070999999999999903e-03, 3.753999999999999972e-06, 2.351000000000000156e+01, 4.681000000000000161e-01
