1.000000000000000000e+03, 7.288999999999999773e+02, 7.068999999999999728e-01, 3.031000000000000000e+05, 0.000000000000000000e+00, 0.000000000000000000e+00
1.500000000000000000e+03, 6.877999999999999545e+02, 1.354999999999999982e+00, 6.989000000000000000e+05, 0.000000000000000000e+00, 0.000000000000000000e+00
2.000000000000000000e+03, 6.422000000000000455e+02, 2.024000000000000021e+00, 4.056000000000000000e+05, 0.000000000000000000e+00, 0.000000000000000000e+00
3.000000000000000000e+03, 5.551000000000000227e+02, 3.278999999999999915e+00, 1.458000000000000000e+05, 0.000000000000000000e+00, 0.000000000000000000e+00
4.000000000000000000e+03, 4.821000000000000227e+02, 4.381000000000000227e+00, 6.837000000000000000e+04, 0.000000000000000000e+00, 0.000000000000000000e+00
5.000000000000000000e+03, 4.218999999999999773e+02, 5.341999999999999638e+00, 3.755000000000000000e+04, 0.000000000000000000e+00, 0.000000000000000000e+00
6.000000000000000000e+03, 3.711000000000000227e+02, 6.198000000000000398e+00, 2.287000000000000000e+04, 0.000000000000000000e+00, 0.000000000000000000e+00
8.000000000000000000e+03, 2.893999999999999773e+02, 7.689000000000000057e+00, 1.034000000000000000e+04, 0.000000000000000000e+00, 0.000000000000000000e+00
1.000000000000000000e+04, 2.285999999999999943e+02, 8.954000000000000625e+00, 5.549000000000000000e+03, 0.000000000000000000e+00, 0.000000000000000000e+00
1.500000000000000000e+04, 1.385000000000000000e+02, 1.134999999999999964e+01, 1.339000000000000000e+04, 0.000000000000000000e+00, 0.000000000000000000e+00
2.000000000000000000e+04, 9.457999999999999829e+01, 1.291999999999999993e+01, 6.210000000000000000e+03, 0.000000000000000000e+00, 0.000000000000000000e+00
3.000000000000000000e+04, 5.340999999999999659e+01, 1.466999999999999993e+01, 2.025000000000000000e+03, 0.000000000000000000e+00, 0.000000000000000000e+00
4.000000000000000000e+04, 3.403999999999999915e+01, 1.550000000000000000e+01, 8.923999999999999773e+02, 0.000000000000000000e+00, 0.000000000000000000e+00
5.000000000000000000e+04, 2.351999999999999957e+01, 1.584999999999999964e+01, 4.673000000000000114e+02, 0.000000000000000000e+00, 0.000000000000000000e+00
6.000000000000000000e+04, 1.728000000000000114e+01, 1.594999999999999929e+01, 2.736999999999999886e+02, 0.000000000000000000e+00, 0.000000000000000000e+00
8.000000000000000000e+04, 1.053999999999999915e+01, 1.578999999999999915e+01, 1.165999999999999943e+02, 0.000000000000000000e+00, 0.000000000000000000e+00
1.000000000000000000e+05, 7.129999999999999893e+00, 1.542999999999999972e+01, 5.975999999999999801e+01, 0.000000000000000000e+00, 0.000000000000000000e+00
1.500000000000000000e+05, 3.412999999999999812e+00, 1.438000000000000078e+01, 1.764000000000000057e+01, 0.000000000000000000e+00, 0.000000000000000000e+00
2.000000000000000000e+05, 1.987999999999999989e+00, 1.339000000000000057e+01, 7.458000000000000185e+00, 0.000000000000000000e+00, 0.000000000000000000e+00
3.000000000000000000e+05, 9.143999999999999906e-01, 1.181000000000000050e+01, 2.278000000000000025e+00, 0.000000000000000000e+00, 0.000000000000000000e+00
4.000000000000000000e+05, 5.228000000000000425e-01, 1.065000000000000036e+01, 1.018999999999999906e+00, 0.000000000000000000e+00, 0.000000000000000000e+00
5.000000000000000000e+05, 3.376000000000000112e-01, 9.756999999999999673e+00, 5.641000000000000458e-01, 0.000000000000000000e+00, 0.000000000000000000e+00
6.000000000000000000e+05, 2.356999999999999929e-01, 9.044999999999999929e+00, 3.568000000000000060e-01, 0.000000000000000000e+00, 0.000000000000000000e+00
8.000000000000000000e+05, 1.333999999999999908e-01, 7.963000000000000078e+00, 1.826000000000000123e-01, 0.000000000000000000e+00, 0.000000000000000000e+00
1.000000000000000000e+06, 8.558000000000000329e-02, 7.168000000000000149e+00, 1.136999999999999955e-01, 0.000000000000000000e+00, 0.000000000000000000e+00
1.022000000000000000e+06, 8.196000000000000507e-02, 7.091999999999999638e+00, 1.081000000000000016e-01, 0.000000000000000000e+00, 0.000000000000000000e+00
1.250000000000000000e+06, 5.487999999999999823e-02, 6.413999999999999702e+00, 7.299999999999999545e-02, 1.246000000000000059e-02, 0.000000000000000000e+00
1.500000000000000000e+06, 3.815000000000000335e-02, 5.831999999999999851e+00, 5.251999999999999724e-02, 6.126000000000000195e-02, 0.000000000000000000e+00
2.000000000000000000e+06, 2.147999999999999909e-02, 4.979000000000000092e+00, 3.221999999999999864e-02, 2.250000000000000056e-01, 0.000000000000000000e+00
2.044000000000000000e+06, 2.057000000000000148e-02, 4.918000000000000149e+00, 3.110999999999999877e-02, 2.414000000000000035e-01, 0.000000000000000000e+00
3.000000000000000000e+06, 9.553000000000000727e-03, 3.919000000000000039e+00, 1.734000000000000125e-02, 6.099999999999999867e-01, 1.371000000000000040e-03
4.000000000000000000e+06, 5.374999999999999570e-03, 3.270000000000000018e+00, 1.161000000000000053e-02, 9.643000000000000460e-01, 5.597000000000000412e-03
5.000000000000000000e+06, 3.441000000000000048e-03, 2.823999999999999844e+00, 8.656000000000000499e-03, 1.276000000000000023e+00, 1.115000000000000019e-02
6.000000000000000000e+06, 2.389000000000000064e-03, 2.495999999999999996e+00, 6.871999999999999637e-03, 1.548999999999999932e+00, 1.711000000000000021e-02
7.000000000000000000e+06, 1.755999999999999965e-03, 2.244000000000000217e+00, 5.686000000000000082e-03, 1.794000000000000039e+00, 2.305000000000000104e-02
8.000000000000000000e+06, 1.343999999999999926e-03, 2.041999999999999815e+00, 4.843000000000000083e-03, 2.012999999999999901e+00, 2.880999999999999880e-02
9.000000000000000000e+06, 1.062000000000000010e-03, 1.877000000000000002e+00, 4.213999999999999864e-03, 2.213000000000000078e+00, 3.432999999999999940e-02
1.000000000000000000e+07, 8.603000000000000404e-04, 1.739000000000000101e+00, 3.727999999999999977e-03, 2.394000000000000128e+00, 3.957000000000000101e-02
1.100000000000000000e+07, 7.110000000000000434e-04, 1.622000000000000108e+00, 3.340999999999999786e-03, 2.560000000000000053e+00, 4.454000000000000320e-02
1.200000000000000000e+07, 5.973999999999999927e-04, 1.520999999999999908e+00, 3.026000000000000044e-03, 2.710999999999999854e+00, 4.921999999999999986e-02
1.300000000000000000e+07, 5.090000000000000123e-04, 1.433000000000000052e+00, 2.765000000000000097e-03, 2.850000000000000089e+00, 5.364000000000000018e-02
1.400000000000000000e+07, 4.388999999999999889e-04, 1.356000000000000094e+00, 2.544999999999999953e-03, 2.979000000000000092e+00, 5.784999999999999865e-02
1.500000000000000000e+07, 3.824000000000000250e-04, 1.286999999999999922e+00, 2.357000000000000154e-03, 3.100000000000000089e+00, 6.183999999999999914e-02
1.600000000000000000e+07, 3.360999999999999838e-04, 1.225999999999999979e+00, 2.194999999999999903e-03, 3.213000000000000078e+00, 6.562999999999999390e-02
1.800000000000000000e+07, 2.655000000000000025e-04, 1.120000000000000107e+00, 1.928999999999999942e-03, 3.419000000000000039e+00, 7.266999999999999849e-02
2.000000000000000000e+07, 2.150999999999999971e-04, 1.032999999999999918e+00, 1.721000000000000090e-03, 3.604999999999999982e+00, 7.907000000000000139e-02
2.200000000000000000e+07, 1.778000000000000121e-04, 9.596999999999999975e-01, 1.552999999999999910e-03, 3.771999999999999797e+00, 8.494999999999999774e-02
2.400000000000000000e+07, 1.493999999999999994e-04, 8.968000000000000416e-01, 1.413999999999999892e-03, 3.924999999999999822e+00, 9.035999999999999588e-02
2.600000000000000000e+07, 1.273000000000000043e-04, 8.420999999999999597e-01, 1.299000000000000024e-03, 4.064000000000000057e+00, 9.535000000000000420e-02
2.800000000000000000e+07, 1.096999999999999966e-04, 7.943999999999999950e-01, 1.199999999999999895e-03, 4.192000000000000171e+00, 1.000000000000000056e-01
3.000000000000000000e+07, 9.558999999999999789e-05, 7.521999999999999797e-01, 1.116000000000000021e-03, 4.309999999999999609e+00, 1.043000000000000038e-01
4.000000000000000000e+07, 5.377000000000000188e-05, 5.977000000000000091e-01, 8.252000000000000004e-04, 4.791000000000000369e+00, 1.223000000000000059e-01
5.000000000000000000e+07, 3.440999999999999750e-05, 4.989000000000000101e-01, 6.545000000000000253e-04, 5.149000000000000021e+00, 1.360000000000000098e-01
6.000000000000000000e+07, 2.390000000000000157e-05, 4.299000000000000044e-01, 5.423000000000000086e-04, 5.427999999999999936e+00, 1.469000000000000028e-01
8.000000000000000000e+07, 1.344000000000000007e-05, 3.390000000000000235e-01, 4.038000000000000031e-04, 5.841000000000000192e+00, 1.633000000000000007e-01
1.000000000000000000e+08, 8.601999999999999973e-06, 2.813999999999999835e-01, 3.217000000000000133e-04, 6.134999999999999787e+00, 1.754000000000000004e-01
1.500000000000000000e+08, 3.822999999999999650e-06, 2.003999999999999948e-01, 2.132000000000000052e-04, 6.602000000000000313e+00, 1.953999999999999904e-01
2.000000000000000000e+08, 2.150999999999999819e-06, 1.570999999999999897e-01, 1.593999999999999985e-04, 6.881000000000000227e+00, 2.079000000000000015e-01
3.000000000000000000e+08, 9.558000000000000222e-07, 1.113999999999999990e-01, 1.060000000000000016e-04, 7.205000000000000071e+00, 2.233999999999999875e-01
4.000000000000000000e+08, 5.376000000000000494e-07, 8.722000000000000586e-02, 7.936999999999999394e-05, 7.392000000000000348e+00, 2.328000000000000069e-01
5.000000000000000000e+08, 3.441000000000000174e-07, 7.220000000000000029e-02, 6.344000000000000247e-05, 7.514999999999999680e+00, 2.391000000000000070e-01
6.000000000000000000e+08, 2.390000000000000093e-07, 6.181999999999999995e-02, 5.284000000000000231e-05, 7.602000000000000313e+00, 2.437999999999999889e-01
8.000000000000000000e+08, 1.344000000000000123e-07, 4.828000000000000347e-02, 3.960000000000000033e-05, 7.719000000000000306e+00, 2.503000000000000225e-01
1.000000000000000000e+09, 8.601999999999999867e-08, 3.971999999999999836e-02, 3.167000000000000002e-05, 7.794999999999999929e+00, 2.545999999999999930e-01
1.500000000000000000e+09, 3.822999999999999888e-08, 2.774000000000000077e-02, 2.110000000000000127e-05, 7.905000000000000249e+00, 2.610000000000000098e-01
2.000000000000000000e+09, 2.150999999999999872e-08, 2.146999999999999950e-02, 1.582000000000000100e-05, 7.964000000000000412e+00, 2.646000000000000019e-01
3.000000000000000000e+09, 9.558000000000000288e-09, 1.493000000000000056e-02, 1.054000000000000073e-05, 8.028999999999999915e+00, 2.685000000000000164e-01
4.000000000000000000e+09, 5.375999999999999633e-09, 1.152000000000000073e-02, 7.906000000000000199e-06, 8.064000000000000057e+00, 2.707999999999999852e-01
5.000000000000000000e+09, 3.441000000000000008e-09, 9.421000000000000554e-03, 6.323999999999999930e-06, 8.086000000000000298e+00, 2.721999999999999975e-01
6.000000000000000000e+09, 2.389999999999999812e-09, 7.988999999999999574e-03, 5.270000000000000365e-06, 8.101000000000000867e+00, 2.731999999999999984e-01
8.000000000000000000e+09, 1.343999999999999908e-09, 6.154999999999999881e-03, 3.951999999999999601e-06, 8.121000000000000441e+00, 2.746000000000000107e-01
1.000000000000000000e+10, 8.601999999999999867e-10, 5.024999999999999953e-03, 3.161999999999999965e-06, 8.132999999999999119e+00, 2.753999999999999782e-01
1.500000000000000000e+10, 3.823000000000000137e-10, 3.472999999999999959e-03, 2.107999999999999977e-06, 8.150999999999999801e+00, 2.765000000000000235e-01
2.000000000000000000e+10, 2.151000000000000120e-10, 2.670000000000000064e-03, 1.580999999999999982e-06, 8.160000000000000142e+00, 2.772000000000000020e-01
3.000000000000000000e+10, 9.557999999999999461e-11, 1.840999999999999972e-03, 1.053999999999999988e-06, 8.169999999999999929e+00, 2.777999999999999914e-01
4.000000000000000000e+10, 5.375999999999999711e-11, 1.413999999999999892e-03, 7.902999999999999762e-07, 8.175000000000000711e+00, 2.782000000000000028e-01
5.000000000000000000e+10, 3.441000000000000060e-11, 1.150999999999999896e-03, 6.321999999999999568e-07, 8.178000000000000824e+00, 2.785000000000000253e-01
6.000000000000000000e+10, 2.389999999999999954e-11, 9.730999999999999633e-04, 5.268999999999999866e-07, 8.179999999999999716e+00, 2.786000000000000143e-01
8.000000000000000000e+10, 1.343999999999999928e-11, 7.462000000000000317e-04, 3.950999999999999843e-07, 8.182999999999999829e+00, 2.787999999999999923e-01
1.000000000000000000e+11, 8.602000000000000707e-12, 6.070999999999999574e-04, 3.160999999999999784e-07, 8.185000000000000497e+00, 2.788999999999999813e-01
