1.000000000000000000e+03, 2.497000000000000000e+03, 1.465999999999999970e+00, 5.566000000000000000e+05, 0.000000000000000000e+00, 0.000000000000000000e+00
1.500000000000000000e+03, 2.373000000000000000e+03, 2.395999999999999908e+00, 1.417000000000000000e+06, 0.000000000000000000e+00, 0.000000000000000000e+00
2.000000000000000000e+03, 2.244000000000000000e+03, 3.307999999999999829e+00, 8.250000000000000000e+05, 0.000000000000000000e+00, 0.000000000000000000e+00
3.000000000000000000e+03, 1.989000000000000000e+03, 5.084999999999999964e+00, 3.150000000000000000e+05, 0.000000000000000000e+00, 0.000000000000000000e+00
4.000000000000000000e+03, 1.752000000000000000e+03, 6.730999999999999872e+00, 1.545000000000000000e+05, 0.000000000000000000e+00, 0.000000000000000000e+00
5.000000000000000000e+03, 1.544000000000000000e+03, 8.233000000000000540e+00, 8.783000000000000000e+04, 0.000000000000000000e+00, 0.000000000000000000e+00
6.000000000000000000e+03, 1.368000000000000000e+03, 9.579000000000000625e+00, 5.499000000000000000e+04, 0.000000000000000000e+00, 0.000000000000000000e+00
8.000000000000000000e+03, 1.091000000000000000e+03, 1.186999999999999922e+01, 9.957000000000000000e+04, 0.000000000000000000e+00, 0.000000000000000000e+00
1.000000000000000000e+04, 8.880000000000000000e+02, 1.381000000000000050e+01, 6.545000000000000000e+04, 0.000000000000000000e+00, 0.000000000000000000e+00
1.500000000000000000e+04, 5.762999999999999545e+02, 1.764999999999999858e+01, 2.234000000000000000e+04, 0.000000000000000000e+00, 0.000000000000000000e+00
2.000000000000000000e+04, 4.123999999999999773e+02, 2.044999999999999929e+01, 1.027000000000000000e+04, 0.000000000000000000e+00, 0.000000000000000000e+00
3.000000000000000000e+04, 2.420999999999999943e+02, 2.382999999999999829e+01, 3.370000000000000000e+03, 0.000000000000000000e+00, 0.000000000000000000e+00
4.000000000000000000e+04, 1.575999999999999943e+02, 2.560999999999999943e+01, 1.512000000000000000e+03, 0.000000000000000000e+00, 0.000000000000000000e+00
5.000000000000000000e+04, 1.117000000000000028e+02, 2.657999999999999829e+01, 4.530000000000000000e+03, 0.000000000000000000e+00, 0.000000000000000000e+00
6.000000000000000000e+04, 8.395000000000000284e+01, 2.707999999999999829e+01, 2.804000000000000000e+03, 0.000000000000000000e+00, 0.000000000000000000e+00
8.000000000000000000e+04, 5.239999999999999858e+01, 2.732999999999999829e+01, 1.297000000000000000e+03, 0.000000000000000000e+00, 0.000000000000000000e+00
1.000000000000000000e+05, 3.565999999999999659e+01, 2.707000000000000028e+01, 7.045000000000000000e+02, 0.000000000000000000e+00, 0.000000000000000000e+00
1.500000000000000000e+05, 1.737000000000000099e+01, 2.564999999999999858e+01, 2.285000000000000000e+02, 0.000000000000000000e+00, 0.000000000000000000e+00
2.000000000000000000e+05, 1.033000000000000007e+01, 2.410000000000000142e+01, 1.025000000000000000e+02, 0.000000000000000000e+00, 0.000000000000000000e+00
3.000000000000000000e+05, 4.865000000000000213e+00, 2.148000000000000043e+01, 3.371999999999999886e+01, 0.000000000000000000e+00, 0.000000000000000000e+00
4.000000000000000000e+05, 2.813000000000000167e+00, 1.948000000000000043e+01, 1.578999999999999915e+01, 0.000000000000000000e+00, 0.000000000000000000e+00
5.000000000000000000e+05, 1.830000000000000071e+00, 1.791000000000000014e+01, 9.000999999999999446e+00, 0.000000000000000000e+00, 0.000000000000000000e+00
6.000000000000000000e+05, 1.284999999999999920e+00, 1.664000000000000057e+01, 5.804999999999999716e+00, 0.000000000000000000e+00, 0.000000000000000000e+00
8.000000000000000000e+05, 7.321999999999999620e-01, 1.468999999999999950e+01, 3.029999999999999805e+00, 0.000000000000000000e+00, 0.000000000000000000e+00
1.000000000000000000e+06, 4.719999999999999751e-01, 1.324000000000000021e+01, 1.897000000000000020e+00, 0.000000000000000000e+00, 0.000000000000000000e+00
1.022000000000000000e+06, 4.521999999999999909e-01, 1.309999999999999964e+01, 1.816000000000000059e+00, 0.000000000000000000e+00, 0.000000000000000000e+00
1.250000000000000000e+06, 3.037000000000000255e-01, 1.185999999999999943e+01, 1.223999999999999977e+00, 6.346999999999999864e-02, 0.000000000000000000e+00
1.500000000000000000e+06, 2.114999999999999936e-01, 1.078999999999999915e+01, 8.741999999999999771e-01, 2.933999999999999941e-01, 0.000000000000000000e+00
2.000000000000000000e+06, 1.193000000000000033e-01, 9.214999999999999858e+00, 5.305999999999999606e-01, 9.473000000000000309e-01, 0.000000000000000000e+00
2.044000000000000000e+06, 1.142999999999999988e-01, 9.102000000000000313e+00, 5.117000000000000437e-01, 1.008999999999999897e+00, 0.000000000000000000e+00
3.000000000000000000e+06, 5.317000000000000198e-02, 7.256999999999999673e+00, 2.797999999999999932e-01, 2.281000000000000139e+00, 2.537000000000000192e-03
4.000000000000000000e+06, 2.994000000000000133e-02, 6.056000000000000050e+00, 1.844999999999999973e-01, 3.422000000000000153e+00, 1.034000000000000023e-02
5.000000000000000000e+06, 1.916999999999999954e-02, 5.230999999999999872e+00, 1.358999999999999930e-01, 4.397000000000000242e+00, 2.058000000000000107e-02
6.000000000000000000e+06, 1.331000000000000065e-02, 4.623999999999999666e+00, 1.069999999999999979e-01, 5.235000000000000320e+00, 3.157000000000000084e-02
7.000000000000000000e+06, 9.783000000000000029e-03, 4.155999999999999694e+00, 8.790000000000000591e-02, 5.977000000000000313e+00, 4.250000000000000305e-02
8.000000000000000000e+06, 7.491000000000000263e-03, 3.782999999999999918e+00, 7.445000000000000229e-02, 6.642999999999999794e+00, 5.306999999999999912e-02
9.000000000000000000e+06, 5.918999999999999782e-03, 3.478000000000000203e+00, 6.449000000000000565e-02, 7.248000000000000220e+00, 6.318000000000000005e-02
1.000000000000000000e+07, 4.794999999999999783e-03, 3.221999999999999975e+00, 5.684000000000000163e-02, 7.802999999999999936e+00, 7.277000000000000135e-02
1.100000000000000000e+07, 3.963000000000000377e-03, 3.004999999999999893e+00, 5.077999999999999875e-02, 8.316000000000000725e+00, 8.183999999999999608e-02
1.200000000000000000e+07, 3.330000000000000061e-03, 2.818999999999999950e+00, 4.587000000000000105e-02, 8.791000000000000369e+00, 9.037000000000000588e-02
1.300000000000000000e+07, 2.837000000000000112e-03, 2.654999999999999805e+00, 4.180999999999999994e-02, 9.236000000000000654e+00, 9.840999999999999748e-02
1.400000000000000000e+07, 2.445999999999999824e-03, 2.512000000000000011e+00, 3.840999999999999970e-02, 9.647999999999999687e+00, 1.060999999999999999e-01
1.500000000000000000e+07, 2.131000000000000082e-03, 2.384999999999999787e+00, 3.550999999999999990e-02, 1.002999999999999936e+01, 1.132999999999999979e-01
1.600000000000000000e+07, 1.873000000000000099e-03, 2.270999999999999908e+00, 3.300999999999999768e-02, 1.039000000000000057e+01, 1.200999999999999984e-01
1.800000000000000000e+07, 1.479999999999999979e-03, 2.076000000000000068e+00, 2.893000000000000085e-02, 1.102999999999999936e+01, 1.328000000000000014e-01
2.000000000000000000e+07, 1.198999999999999979e-03, 1.913999999999999924e+00, 2.574999999999999858e-02, 1.159999999999999964e+01, 1.444000000000000006e-01
2.200000000000000000e+07, 9.908000000000000140e-04, 1.778000000000000025e+00, 2.318999999999999881e-02, 1.211999999999999922e+01, 1.549000000000000099e-01
2.400000000000000000e+07, 8.325000000000000152e-04, 1.661999999999999922e+00, 2.109000000000000111e-02, 1.259999999999999964e+01, 1.645999999999999963e-01
2.600000000000000000e+07, 7.094000000000000045e-04, 1.560000000000000053e+00, 1.933999999999999955e-02, 1.302999999999999936e+01, 1.734999999999999876e-01
2.800000000000000000e+07, 6.116000000000000126e-04, 1.471999999999999975e+00, 1.785000000000000128e-02, 1.341999999999999993e+01, 1.817999999999999894e-01
3.000000000000000000e+07, 5.328000000000000487e-04, 1.393999999999999906e+00, 1.658000000000000099e-02, 1.378999999999999915e+01, 1.894000000000000128e-01
4.000000000000000000e+07, 2.997000000000000206e-04, 1.108000000000000096e+00, 1.221000000000000037e-02, 1.526999999999999957e+01, 2.210999999999999910e-01
5.000000000000000000e+07, 1.918000000000000000e-04, 9.244999999999999885e-01, 9.667000000000000245e-03, 1.637999999999999901e+01, 2.451000000000000123e-01
6.000000000000000000e+07, 1.332000000000000122e-04, 7.964999999999999858e-01, 7.997000000000000636e-03, 1.723999999999999844e+01, 2.640000000000000124e-01
8.000000000000000000e+07, 7.493000000000000257e-05, 6.281999999999999806e-01, 5.943000000000000366e-03, 1.850000000000000000e+01, 2.923000000000000043e-01
1.000000000000000000e+08, 4.795000000000000000e-05, 5.213999999999999746e-01, 4.728999999999999697e-03, 1.939999999999999858e+01, 3.129000000000000115e-01
1.500000000000000000e+08, 2.131000000000000095e-05, 3.713000000000000189e-01, 3.128999999999999837e-03, 2.082999999999999829e+01, 3.467999999999999972e-01
2.000000000000000000e+08, 1.199000000000000040e-05, 2.911000000000000254e-01, 2.337999999999999801e-03, 2.167999999999999972e+01, 3.679000000000000048e-01
3.000000000000000000e+08, 5.327999999999999640e-06, 2.064000000000000001e-01, 1.552999999999999910e-03, 2.266000000000000014e+01, 3.936999999999999944e-01
4.000000000000000000e+08, 2.996999999999999851e-06, 1.615999999999999936e-01, 1.162999999999999971e-03, 2.323000000000000043e+01, 4.092000000000000082e-01
5.000000000000000000e+08, 1.918000000000000102e-06, 1.338000000000000023e-01, 9.290000000000000297e-04, 2.360000000000000142e+01, 4.197000000000000175e-01
6.000000000000000000e+08, 1.331999999999999910e-06, 1.145000000000000046e-01, 7.736000000000000472e-04, 2.387000000000000099e+01, 4.274999999999999911e-01
8.000000000000000000e+08, 7.491999999999999589e-07, 8.945999999999999786e-02, 5.795999999999999937e-04, 2.423000000000000043e+01, 4.381999999999999784e-01
1.000000000000000000e+09, 4.795000000000000254e-07, 7.359999999999999876e-02, 4.633999999999999881e-04, 2.446000000000000085e+01, 4.452999999999999736e-01
1.500000000000000000e+09, 2.130999999999999958e-07, 5.140000000000000124e-02, 3.087000000000000226e-04, 2.478999999999999915e+01, 4.559000000000000274e-01
2.000000000000000000e+09, 1.199000000000000082e-07, 3.978000000000000286e-02, 2.314999999999999892e-04, 2.496999999999999886e+01, 4.620000000000000218e-01
3.000000000000000000e+09, 5.327999999999999799e-08, 2.766000000000000056e-02, 1.543000000000000101e-04, 2.516000000000000014e+01, 4.686000000000000165e-01
4.000000000000000000e+09, 2.997000000000000301e-08, 2.135000000000000092e-02, 1.156999999999999934e-04, 2.526999999999999957e+01, 4.724999999999999756e-01
5.000000000000000000e+09, 1.918000000000000035e-08, 1.745999999999999983e-02, 9.252000000000000187e-05, 2.533999999999999986e+01, 4.748999999999999888e-01
6.000000000000000000e+09, 1.331999999999999950e-08, 1.480000000000000066e-02, 7.710000000000000382e-05, 2.537999999999999901e+01, 4.766000000000000236e-01
8.000000000000000000e+09, 7.492000000000000185e-09, 1.140000000000000041e-02, 5.781999999999999868e-05, 2.544000000000000128e+01, 4.788000000000000034e-01
1.000000000000000000e+10, 4.795000000000000089e-09, 9.312000000000000832e-03, 4.624999999999999934e-05, 2.548000000000000043e+01, 4.802000000000000157e-01
1.500000000000000000e+10, 2.131000000000000189e-09, 6.434999999999999748e-03, 3.083000000000000128e-05, 2.553000000000000114e+01, 4.822000000000000175e-01
2.000000000000000000e+10, 1.199000000000000099e-09, 4.947000000000000008e-03, 2.311999999999999887e-05, 2.555999999999999872e+01, 4.833000000000000074e-01
3.000000000000000000e+10, 5.327999999999999592e-10, 3.412000000000000102e-03, 1.540999999999999984e-05, 2.558999999999999986e+01, 4.843999999999999972e-01
4.000000000000000000e+10, 2.997000000000000094e-10, 2.618999999999999800e-03, 1.155999999999999943e-05, 2.560999999999999943e+01, 4.850999999999999757e-01
5.000000000000000000e+10, 1.917999999999999994e-10, 2.132999999999999913e-03, 9.248000000000000225e-06, 2.562000000000000099e+01, 4.854999999999999871e-01
6.000000000000000000e+10, 1.331999999999999898e-10, 1.802999999999999915e-03, 7.706999999999999225e-06, 2.562000000000000099e+01, 4.857000000000000206e-01
8.000000000000000000e+10, 7.491999999999999823e-11, 1.382999999999999898e-03, 5.779999999999999717e-06, 2.562999999999999901e+01, 4.859999999999999876e-01
1.000000000000000000e+11, 4.794999999999999985e-11, 1.124999999999999915e-03, 4.624000000000000113e-06, 2.564000000000000057e+01, 4.863000000000000100e-01
