1.000000000000000000e+03, 1.010999999999999943e+02, 6.393999999999999684e-01, 5.300000000000000000e+04, 0.000000000000000000e+00, 0.000000000000000000e+00
1.500000000000000000e+03, 9.140000000000000568e+01, 1.110000000000000098e+00, 1.793000000000000000e+04, 0.000000000000000000e+00, 0.000000000000000000e+00
2.000000000000000000e+03, 8.235999999999999943e+01, 1.512000000000000011e+00, 1.013000000000000000e+05, 0.000000000000000000e+00, 0.000000000000000000e+00
3.000000000000000000e+03, 6.821999999999999886e+01, 2.120000000000000107e+00, 3.524000000000000000e+04, 0.000000000000000000e+00, 0.000000000000000000e+00
4.000000000000000000e+03, 5.803999999999999915e+01, 2.603000000000000203e+00, 1.609000000000000000e+04, 0.000000000000000000e+00, 0.000000000000000000e+00
5.000000000000000000e+03, 4.997999999999999687e+01, 3.040999999999999925e+00, 8.612000000000000000e+03, 0.000000000000000000e+00, 0.000000000000000000e+00
6.000000000000000000e+03, 4.317999999999999972e+01, 3.447999999999999954e+00, 5.119000000000000000e+03, 0.000000000000000000e+00, 0.000000000000000000e+00
8.000000000000000000e+03, 3.239000000000000057e+01, 4.163000000000000256e+00, 2.218000000000000000e+03, 0.000000000000000000e+00, 0.000000000000000000e+00
1.000000000000000000e+04, 2.469999999999999929e+01, 4.740000000000000213e+00, 1.145000000000000000e+03, 0.000000000000000000e+00, 0.000000000000000000e+00
1.500000000000000000e+04, 1.405000000000000071e+01, 5.668000000000000149e+00, 3.366999999999999886e+02, 0.000000000000000000e+00, 0.000000000000000000e+00
2.000000000000000000e+04, 9.166000000000000369e+00, 6.142000000000000348e+00, 1.389000000000000057e+02, 0.000000000000000000e+00, 0.000000000000000000e+00
3.000000000000000000e+04, 4.908000000000000362e+00, 6.560999999999999943e+00, 3.907999999999999829e+01, 0.000000000000000000e+00, 0.000000000000000000e+00
4.000000000000000000e+04, 3.072999999999999954e+00, 6.695000000000000284e+00, 1.569999999999999929e+01, 0.000000000000000000e+00, 0.000000000000000000e+00
5.000000000000000000e+04, 2.096000000000000085e+00, 6.701999999999999957e+00, 7.695999999999999730e+00, 0.000000000000000000e+00, 0.000000000000000000e+00
6.000000000000000000e+04, 1.516999999999999904e+00, 6.644999999999999574e+00, 4.285000000000000142e+00, 0.000000000000000000e+00, 0.000000000000000000e+00
8.000000000000000000e+04, 8.981999999999999984e-01, 6.447000000000000064e+00, 1.695000000000000062e+00, 0.000000000000000000e+00, 0.000000000000000000e+00
1.000000000000000000e+05, 5.929999999999999716e-01, 6.217999999999999972e+00, 8.245000000000000107e-01, 0.000000000000000000e+00, 0.000000000000000000e+00
1.500000000000000000e+05, 2.742999999999999883e-01, 5.677999999999999936e+00, 2.237000000000000099e-01, 0.000000000000000000e+00, 0.000000000000000000e+00
2.000000000000000000e+05, 1.570000000000000007e-01, 5.232999999999999652e+00, 8.970000000000000195e-02, 0.000000000000000000e+00, 0.000000000000000000e+00
3.000000000000000000e+05, 7.077999999999999570e-02, 4.573000000000000398e+00, 2.572999999999999940e-02, 0.000000000000000000e+00, 0.000000000000000000e+00
4.000000000000000000e+05, 4.003000000000000308e-02, 4.105000000000000426e+00, 1.111000000000000008e-02, 0.000000000000000000e+00, 0.000000000000000000e+00
5.000000000000000000e+05, 2.568000000000000144e-02, 3.751999999999999780e+00, 6.021000000000000310e-03, 0.000000000000000000e+00, 0.000000000000000000e+00
6.000000000000000000e+05, 1.786000000000000087e-02, 3.474000000000000199e+00, 3.763999999999999985e-03, 0.000000000000000000e+00, 0.000000000000000000e+00
8.000000000000000000e+05, 1.005999999999999950e-02, 3.052999999999999936e+00, 1.905000000000000009e-03, 0.000000000000000000e+00, 0.000000000000000000e+00
1.000000000000000000e+06, 6.442999999999999942e-03, 2.745999999999999996e+00, 1.183999999999999940e-03, 0.000000000000000000e+00, 0.000000000000000000e+00
1.022000000000000000e+06, 6.169000000000000004e-03, 2.717000000000000082e+00, 1.115000000000000106e-03, 0.000000000000000000e+00, 0.000000000000000000e+00
1.250000000000000000e+06, 4.125000000000000194e-03, 2.455999999999999961e+00, 7.561999999999999495e-04, 1.404000000000000083e-03, 0.000000000000000000e+00
1.500000000000000000e+06, 2.864999999999999925e-03, 2.232000000000000206e+00, 5.475999999999999748e-04, 7.651999999999999948e-03, 0.000000000000000000e+00
2.000000000000000000e+06, 1.611999999999999935e-03, 1.905000000000000027e+00, 3.420000000000000188e-04, 3.022999999999999993e-02, 0.000000000000000000e+00
2.044000000000000000e+06, 1.543000000000000101e-03, 1.881999999999999895e+00, 3.307000000000000152e-04, 3.257999999999999785e-02, 0.000000000000000000e+00
3.000000000000000000e+06, 7.165999999999999627e-04, 1.499000000000000110e+00, 1.891999999999999910e-04, 8.594999999999999862e-02, 5.245000000000000096e-04
4.000000000000000000e+06, 4.030999999999999861e-04, 1.250000000000000000e+00, 1.290999999999999938e-04, 1.390000000000000124e-01, 2.141999999999999807e-03
5.000000000000000000e+06, 2.579999999999999828e-04, 1.080000000000000071e+00, 9.746000000000000539e-05, 1.860999999999999877e-01, 4.266999999999999960e-03
6.000000000000000000e+06, 1.791999999999999919e-04, 9.545000000000000151e-01, 7.812000000000000422e-05, 2.283999999999999919e-01, 6.553999999999999930e-03
7.000000000000000000e+06, 1.316000000000000004e-04, 8.578999999999999959e-01, 6.511000000000000511e-05, 2.660000000000000142e-01, 8.836000000000000104e-03
8.000000000000000000e+06, 1.007999999999999971e-04, 7.808000000000000496e-01, 5.577000000000000306e-05, 2.998999999999999999e-01, 1.105000000000000079e-02
9.000000000000000000e+06, 7.962999999999999484e-05, 7.177999999999999936e-01, 4.876000000000000072e-05, 3.305000000000000160e-01, 1.318000000000000074e-02
1.000000000000000000e+07, 6.449999999999999570e-05, 6.650000000000000355e-01, 4.330000000000000217e-05, 3.583999999999999964e-01, 1.519999999999999997e-02
1.100000000000000000e+07, 5.331000000000000289e-05, 6.202999999999999625e-01, 3.894000000000000326e-05, 3.836999999999999855e-01, 1.711999999999999980e-02
1.200000000000000000e+07, 4.479000000000000315e-05, 5.816999999999999948e-01, 3.537000000000000186e-05, 4.068999999999999839e-01, 1.892999999999999891e-02
1.300000000000000000e+07, 3.817000000000000216e-05, 5.480000000000000426e-01, 3.238999999999999990e-05, 4.284000000000000030e-01, 2.065000000000000169e-02
1.400000000000000000e+07, 3.291000000000000170e-05, 5.184999999999999609e-01, 2.987999999999999852e-05, 4.484000000000000208e-01, 2.228000000000000119e-02
1.500000000000000000e+07, 2.867000000000000164e-05, 4.922000000000000264e-01, 2.771999999999999887e-05, 4.672000000000000042e-01, 2.383000000000000049e-02
1.600000000000000000e+07, 2.519999999999999928e-05, 4.687000000000000055e-01, 2.585999999999999974e-05, 4.847000000000000197e-01, 2.530999999999999917e-02
1.800000000000000000e+07, 1.991000000000000080e-05, 4.284000000000000030e-01, 2.279000000000000033e-05, 5.169000000000000261e-01, 2.806000000000000161e-02
2.000000000000000000e+07, 1.612999999999999973e-05, 3.951000000000000068e-01, 2.036999999999999979e-05, 5.456999999999999629e-01, 3.056999999999999995e-02
2.200000000000000000e+07, 1.332999999999999943e-05, 3.669000000000000039e-01, 1.841000000000000161e-05, 5.716999999999999860e-01, 3.287999999999999950e-02
2.400000000000000000e+07, 1.119999999999999949e-05, 3.428999999999999826e-01, 1.679999999999999839e-05, 5.954000000000000403e-01, 3.500999999999999945e-02
2.600000000000000000e+07, 9.541000000000000639e-06, 3.220000000000000084e-01, 1.544000000000000125e-05, 6.170999999999999819e-01, 3.699000000000000205e-02
2.800000000000000000e+07, 8.226999999999999328e-06, 3.037000000000000255e-01, 1.429000000000000040e-05, 6.370999999999999996e-01, 3.883000000000000340e-02
3.000000000000000000e+07, 7.167000000000000160e-06, 2.876000000000000223e-01, 1.329999999999999972e-05, 6.555999999999999606e-01, 4.055999999999999883e-02
4.000000000000000000e+07, 4.031000000000000030e-06, 2.285000000000000087e-01, 9.870000000000000369e-06, 7.320999999999999730e-01, 4.778000000000000302e-02
5.000000000000000000e+07, 2.579999999999999862e-06, 1.907999999999999974e-01, 7.846000000000000774e-06, 7.891000000000000236e-01, 5.337000000000000077e-02
6.000000000000000000e+07, 1.791999999999999953e-06, 1.643999999999999906e-01, 6.511000000000000003e-06, 8.342000000000000526e-01, 5.788000000000000089e-02
8.000000000000000000e+07, 1.007999999999999921e-06, 1.295999999999999930e-01, 4.857000000000000253e-06, 9.019000000000000350e-01, 6.479000000000000037e-02
1.000000000000000000e+08, 6.448999999999999580e-07, 1.076000000000000012e-01, 3.873000000000000018e-06, 9.503000000000000336e-01, 6.993000000000000604e-02
1.500000000000000000e+08, 2.865999999999999855e-07, 7.661999999999999367e-02, 2.571000000000000033e-06, 1.028000000000000025e+00, 7.864000000000000157e-02
2.000000000000000000e+08, 1.611999999999999876e-07, 6.008000000000000146e-02, 1.924000000000000129e-06, 1.076000000000000068e+00, 8.426000000000000156e-02
3.000000000000000000e+08, 7.165999999999999449e-08, 4.257999999999999979e-02, 1.280000000000000027e-06, 1.131999999999999895e+00, 9.134000000000000452e-02
4.000000000000000000e+08, 4.031000000000000163e-08, 3.334999999999999770e-02, 9.590000000000000508e-07, 1.165000000000000036e+00, 9.571999999999999953e-02
5.000000000000000000e+08, 2.579999999999999941e-08, 2.760999999999999913e-02, 7.667000000000000031e-07, 1.187000000000000055e+00, 9.878000000000000669e-02
6.000000000000000000e+08, 1.790999999999999957e-08, 2.364000000000000129e-02, 6.386000000000000141e-07, 1.201999999999999957e+00, 1.010999999999999954e-01
8.000000000000000000e+08, 1.007999999999999993e-08, 1.846000000000000071e-02, 4.786999999999999653e-07, 1.223000000000000087e+00, 1.043000000000000038e-01
1.000000000000000000e+09, 6.449000000000000374e-09, 1.519000000000000038e-02, 3.828000000000000132e-07, 1.237000000000000099e+00, 1.063999999999999946e-01
1.500000000000000000e+09, 2.865999999999999822e-09, 1.060999999999999964e-02, 2.551000000000000013e-07, 1.256999999999999895e+00, 1.097000000000000058e-01
2.000000000000000000e+09, 1.612000000000000017e-09, 8.208999999999999284e-03, 1.912999999999999991e-07, 1.268000000000000016e+00, 1.116000000000000048e-01
3.000000000000000000e+09, 7.165999999999999863e-10, 5.708000000000000400e-03, 1.274999999999999969e-07, 1.280000000000000027e+00, 1.136999999999999955e-01
4.000000000000000000e+09, 4.030999999999999832e-10, 4.406000000000000194e-03, 9.562000000000000522e-08, 1.286999999999999922e+00, 1.149000000000000021e-01
5.000000000000000000e+09, 2.579999999999999879e-10, 3.602000000000000167e-03, 7.649000000000000532e-08, 1.290999999999999925e+00, 1.156999999999999973e-01
6.000000000000000000e+09, 1.791000000000000071e-10, 3.054999999999999990e-03, 6.374000000000000033e-08, 1.294000000000000039e+00, 1.161999999999999977e-01
8.000000000000000000e+09, 1.008000000000000035e-10, 2.353000000000000057e-03, 4.779999999999999789e-08, 1.296999999999999931e+00, 1.169000000000000039e-01
1.000000000000000000e+10, 6.449000000000000167e-11, 1.920999999999999965e-03, 3.823999999999999699e-08, 1.300000000000000044e+00, 1.174000000000000044e-01
1.500000000000000000e+10, 2.866000000000000107e-11, 1.327999999999999970e-03, 2.548999999999999862e-08, 1.302999999999999936e+00, 1.179999999999999938e-01
2.000000000000000000e+10, 1.612000000000000159e-11, 1.020999999999999989e-03, 1.911999999999999849e-08, 1.304999999999999938e+00, 1.184000000000000052e-01
3.000000000000000000e+10, 7.165999999999999960e-12, 7.041000000000000383e-04, 1.275000000000000002e-08, 1.306000000000000050e+00, 1.188000000000000028e-01
4.000000000000000000e+10, 4.031000000000000090e-12, 5.404999999999999648e-04, 9.558999999999999768e-09, 1.306999999999999940e+00, 1.189999999999999947e-01
5.000000000000000000e+10, 2.579999999999999912e-12, 4.402000000000000205e-04, 7.647000000000000580e-09, 1.308000000000000052e+00, 1.190999999999999975e-01
6.000000000000000000e+10, 1.790999999999999942e-12, 3.720999999999999915e-04, 6.373000000000000223e-09, 1.308000000000000052e+00, 1.192000000000000004e-01
8.000000000000000000e+10, 1.007999999999999946e-12, 2.852999999999999959e-04, 4.779000000000000144e-09, 1.308999999999999941e+00, 1.193000000000000033e-01
1.000000000000000000e+11, 6.449000000000000087e-13, 2.321000000000000038e-04, 3.822999999999999723e-09, 1.308999999999999941e+00, 1.194000000000000061e-01
