1.000000000000000000e+03, 7.326000000000000512e+01, 4.848000000000000087e-01, 2.490000000000000000e+04, 0.000000000000000000e+00, 0.000000000000000000e+00
1.500000000000000000e+03, 6.775000000000000000e+01, 7.612999999999999767e-01, 1.219000000000000000e+05, 0.000000000000000000e+00, 0.000000000000000000e+00
2.000000000000000000e+03, 6.265999999999999659e+01, 1.006999999999999895e+00, 5.799000000000000000e+04, 0.000000000000000000e+00, 0.000000000000000000e+00
3.000000000000000000e+03, 5.354999999999999716e+01, 1.506999999999999895e+00, 1.930000000000000000e+04, 0.000000000000000000e+00, 0.000000000000000000e+00
4.000000000000000000e+03, 4.524000000000000199e+01, 2.016999999999999904e+00, 8.586000000000000000e+03, 0.000000000000000000e+00, 0.000000000000000000e+00
5.000000000000000000e+03, 3.789000000000000057e+01, 2.503000000000000114e+00, 4.516000000000000000e+03, 0.000000000000000000e+00, 0.000000000000000000e+00
6.000000000000000000e+03, 3.171000000000000085e+01, 2.946000000000000174e+00, 2.649000000000000000e+03, 0.000000000000000000e+00, 0.000000000000000000e+00
8.000000000000000000e+03, 2.264000000000000057e+01, 3.673999999999999932e+00, 1.126000000000000000e+03, 0.000000000000000000e+00, 0.000000000000000000e+00
1.000000000000000000e+04, 1.682999999999999829e+01, 4.203000000000000291e+00, 5.735000000000000000e+02, 0.000000000000000000e+00, 0.000000000000000000e+00
1.500000000000000000e+04, 9.429999999999999716e+00, 4.963000000000000078e+00, 1.648000000000000114e+02, 0.000000000000000000e+00, 0.000000000000000000e+00
2.000000000000000000e+04, 6.155000000000000249e+00, 5.334999999999999964e+00, 6.704999999999999716e+01, 0.000000000000000000e+00, 0.000000000000000000e+00
3.000000000000000000e+04, 3.282000000000000028e+00, 5.666000000000000369e+00, 1.853000000000000114e+01, 0.000000000000000000e+00, 0.000000000000000000e+00
4.000000000000000000e+04, 2.032999999999999918e+00, 5.761000000000000121e+00, 7.357999999999999652e+00, 0.000000000000000000e+00, 0.000000000000000000e+00
5.000000000000000000e+04, 1.377000000000000002e+00, 5.748999999999999666e+00, 3.576999999999999957e+00, 0.000000000000000000e+00, 0.000000000000000000e+00
6.000000000000000000e+04, 9.925000000000000488e-01, 5.684999999999999609e+00, 1.979999999999999982e+00, 0.000000000000000000e+00, 0.000000000000000000e+00
8.000000000000000000e+04, 5.850999999999999535e-01, 5.496999999999999886e+00, 7.759000000000000341e-01, 0.000000000000000000e+00, 0.000000000000000000e+00
1.000000000000000000e+05, 3.851999999999999869e-01, 5.291000000000000369e+00, 3.750999999999999890e-01, 0.000000000000000000e+00, 0.000000000000000000e+00
1.500000000000000000e+05, 1.771999999999999964e-01, 4.818999999999999950e+00, 1.006999999999999978e-01, 0.000000000000000000e+00, 0.000000000000000000e+00
2.000000000000000000e+05, 1.010999999999999954e-01, 4.437000000000000277e+00, 4.018000000000000044e-02, 0.000000000000000000e+00, 0.000000000000000000e+00
3.000000000000000000e+05, 4.546999999999999653e-02, 3.873000000000000220e+00, 1.145000000000000011e-02, 0.000000000000000000e+00, 0.000000000000000000e+00
4.000000000000000000e+05, 2.568000000000000144e-02, 3.475999999999999979e+00, 4.932999999999999885e-03, 0.000000000000000000e+00, 0.000000000000000000e+00
5.000000000000000000e+05, 1.646999999999999853e-02, 3.177000000000000046e+00, 2.667999999999999799e-03, 0.000000000000000000e+00, 0.000000000000000000e+00
6.000000000000000000e+05, 1.145000000000000011e-02, 2.939999999999999947e+00, 1.663999999999999898e-03, 0.000000000000000000e+00, 0.000000000000000000e+00
8.000000000000000000e+05, 6.446999999999999606e-03, 2.584000000000000075e+00, 8.411000000000000074e-04, 0.000000000000000000e+00, 0.000000000000000000e+00
1.000000000000000000e+06, 4.127999999999999725e-03, 2.323999999999999844e+00, 5.228000000000000225e-04, 0.000000000000000000e+00, 0.000000000000000000e+00
1.022000000000000000e+06, 3.951999999999999784e-03, 2.298999999999999932e+00, 4.914000000000000182e-04, 0.000000000000000000e+00, 0.000000000000000000e+00
1.250000000000000000e+06, 2.642999999999999950e-03, 2.077999999999999847e+00, 3.333000000000000242e-04, 9.868999999999999734e-04, 0.000000000000000000e+00
1.500000000000000000e+06, 1.835999999999999958e-03, 1.889000000000000012e+00, 2.415999999999999908e-04, 5.425000000000000135e-03, 0.000000000000000000e+00
2.000000000000000000e+06, 1.033000000000000064e-03, 1.612000000000000099e+00, 1.512999999999999914e-04, 2.153000000000000053e-02, 0.000000000000000000e+00
2.044000000000000000e+06, 9.886999999999999088e-04, 1.592000000000000082e+00, 1.463000000000000053e-04, 2.321000000000000146e-02, 0.000000000000000000e+00
3.000000000000000000e+06, 4.589999999999999896e-04, 1.268999999999999906e+00, 8.399999999999999535e-05, 6.139000000000000012e-02, 4.437999999999999996e-04
4.000000000000000000e+06, 2.581999999999999877e-04, 1.058000000000000052e+00, 5.742999999999999733e-05, 9.941999999999999449e-02, 1.812000000000000026e-03
5.000000000000000000e+06, 1.653000000000000064e-04, 9.137999999999999456e-01, 4.343999999999999744e-05, 1.333000000000000018e-01, 3.611000000000000060e-03
6.000000000000000000e+06, 1.147999999999999986e-04, 8.076999999999999735e-01, 3.486000000000000166e-05, 1.635999999999999954e-01, 5.545999999999999715e-03
7.000000000000000000e+06, 8.432000000000000584e-05, 7.259999999999999787e-01, 2.907999999999999940e-05, 1.905999999999999917e-01, 7.477000000000000139e-03
8.000000000000000000e+06, 6.456000000000000529e-05, 6.606999999999999540e-01, 2.493000000000000017e-05, 2.149999999999999967e-01, 9.353000000000000203e-03
9.000000000000000000e+06, 5.101000000000000120e-05, 6.072999999999999510e-01, 2.180999999999999955e-05, 2.369999999999999885e-01, 1.115000000000000019e-02
1.000000000000000000e+07, 4.131999999999999741e-05, 5.626999999999999780e-01, 1.936999999999999920e-05, 2.570999999999999952e-01, 1.285999999999999990e-02
1.100000000000000000e+07, 3.415000000000000338e-05, 5.249000000000000332e-01, 1.743000000000000083e-05, 2.752999999999999892e-01, 1.448999999999999941e-02
1.200000000000000000e+07, 2.869000000000000144e-05, 4.922000000000000264e-01, 1.582999999999999921e-05, 2.919999999999999818e-01, 1.602999999999999911e-02
1.300000000000000000e+07, 2.445000000000000138e-05, 4.637000000000000011e-01, 1.450999999999999999e-05, 3.074999999999999956e-01, 1.747999999999999901e-02
1.400000000000000000e+07, 2.108000000000000146e-05, 4.386999999999999789e-01, 1.338000000000000064e-05, 3.219000000000000195e-01, 1.885999999999999829e-02
1.500000000000000000e+07, 1.836000000000000040e-05, 4.164999999999999813e-01, 1.241999999999999967e-05, 3.353999999999999759e-01, 2.018000000000000002e-02
1.600000000000000000e+07, 1.614000000000000132e-05, 3.966000000000000081e-01, 1.159000000000000084e-05, 3.479999999999999760e-01, 2.143000000000000113e-02
1.800000000000000000e+07, 1.274999999999999990e-05, 3.624999999999999889e-01, 1.021000000000000050e-05, 3.711999999999999744e-01, 2.375999999999999987e-02
2.000000000000000000e+07, 1.032999999999999935e-05, 3.342999999999999861e-01, 9.131999999999999981e-06, 3.920000000000000151e-01, 2.588999999999999982e-02
2.200000000000000000e+07, 8.535999999999999250e-06, 3.104999999999999982e-01, 8.257000000000000735e-06, 4.107999999999999985e-01, 2.784999999999999976e-02
2.400000000000000000e+07, 7.172999999999999763e-06, 2.901000000000000245e-01, 7.534999999999999855e-06, 4.279000000000000026e-01, 2.965999999999999887e-02
2.600000000000000000e+07, 6.112000000000000096e-06, 2.723999999999999755e-01, 6.928000000000000415e-06, 4.435000000000000053e-01, 3.135000000000000286e-02
2.800000000000000000e+07, 5.270000000000000365e-06, 2.570000000000000062e-01, 6.411999999999999765e-06, 4.580000000000000182e-01, 3.291000000000000175e-02
3.000000000000000000e+07, 4.590999999999999751e-06, 2.434000000000000052e-01, 5.966999999999999790e-06, 4.713999999999999857e-01, 3.438000000000000084e-02
4.000000000000000000e+07, 2.582000000000000012e-06, 1.933999999999999886e-01, 4.429999999999999937e-06, 5.263999999999999790e-01, 4.052999999999999658e-02
5.000000000000000000e+07, 1.653000000000000098e-06, 1.613999999999999879e-01, 3.522999999999999981e-06, 5.678999999999999604e-01, 4.529999999999999999e-02
6.000000000000000000e+07, 1.148000000000000062e-06, 1.391000000000000014e-01, 2.923999999999999872e-06, 6.008000000000000007e-01, 4.914999999999999925e-02
8.000000000000000000e+07, 6.455000000000000031e-07, 1.097000000000000058e-01, 2.182000000000000030e-06, 6.502000000000000002e-01, 5.509000000000000008e-02
1.000000000000000000e+08, 4.131000000000000132e-07, 9.103999999999999593e-02, 1.740000000000000069e-06, 6.857999999999999652e-01, 5.952000000000000346e-02
1.500000000000000000e+08, 1.836000000000000029e-07, 6.482999999999999874e-02, 1.154999999999999953e-06, 7.433999999999999497e-01, 6.703000000000000624e-02
2.000000000000000000e+08, 1.033000000000000052e-07, 5.083000000000000018e-02, 8.646000000000000526e-07, 7.783999999999999808e-01, 7.185999999999999333e-02
3.000000000000000000e+08, 4.590000000000000073e-08, 3.602999999999999953e-02, 5.752000000000000155e-07, 8.195000000000000062e-01, 7.789999999999999702e-02
4.000000000000000000e+08, 2.581999999999999893e-08, 2.821999999999999856e-02, 4.308999999999999740e-07, 8.434000000000000385e-01, 8.160000000000000586e-02
5.000000000000000000e+08, 1.651999999999999837e-08, 2.335999999999999882e-02, 3.444999999999999945e-07, 8.591999999999999638e-01, 8.415999999999999870e-02
6.000000000000000000e+08, 1.147999999999999923e-08, 2.000000000000000042e-02, 2.870000000000000156e-07, 8.705000000000000515e-01, 8.605000000000000149e-02
8.000000000000000000e+08, 6.454999999999999733e-09, 1.562000000000000020e-02, 2.150999999999999872e-07, 8.857000000000000428e-01, 8.870000000000000107e-02
1.000000000000000000e+09, 4.130999999999999900e-09, 1.285000000000000031e-02, 1.721000000000000124e-07, 8.955999999999999517e-01, 9.048000000000000487e-02
1.500000000000000000e+09, 1.836000000000000071e-09, 8.973999999999999339e-03, 1.147000000000000014e-07, 9.099000000000000421e-01, 9.317000000000000282e-02
2.000000000000000000e+09, 1.033000000000000052e-09, 6.945999999999999917e-03, 8.596999999999999491e-08, 9.177999999999999492e-01, 9.471999999999999864e-02
3.000000000000000000e+09, 4.590000000000000176e-10, 4.830000000000000092e-03, 5.729999999999999693e-08, 9.263000000000000123e-01, 9.643000000000000183e-02
4.000000000000000000e+09, 2.581999999999999976e-10, 3.727999999999999977e-03, 4.297000000000000030e-08, 9.308999999999999497e-01, 9.743999999999999884e-02
5.000000000000000000e+09, 1.652000000000000086e-10, 3.047999999999999928e-03, 3.438000000000000081e-08, 9.337999999999999634e-01, 9.807000000000000439e-02
6.000000000000000000e+09, 1.147999999999999939e-10, 2.585000000000000058e-03, 2.864999999999999847e-08, 9.357999999999999652e-01, 9.851000000000000034e-02
8.000000000000000000e+09, 6.454999999999999940e-11, 1.991000000000000148e-03, 2.148000000000000110e-08, 9.384000000000000119e-01, 9.909999999999999365e-02
1.000000000000000000e+10, 4.130999999999999745e-11, 1.626000000000000058e-03, 1.719000000000000040e-08, 9.399999999999999467e-01, 9.947000000000000286e-02
1.500000000000000000e+10, 1.835999999999999851e-11, 1.123999999999999999e-03, 1.145999999999999972e-08, 9.424000000000000155e-01, 9.998999999999999555e-02
2.000000000000000000e+10, 1.032999999999999981e-11, 8.637999999999999628e-04, 8.592999999999999588e-09, 9.435999999999999943e-01, 1.003000000000000003e-01
3.000000000000000000e+10, 4.589999999999999627e-12, 5.957000000000000055e-04, 5.728000000000000072e-09, 9.448999999999999622e-01, 1.005999999999999950e-01
4.000000000000000000e+10, 2.582000000000000105e-12, 4.574000000000000049e-04, 4.296000000000000054e-09, 9.455999999999999961e-01, 1.008000000000000007e-01
5.000000000000000000e+10, 1.652000000000000029e-12, 3.723999999999999988e-04, 3.437000000000000022e-09, 9.459999999999999520e-01, 1.009000000000000036e-01
6.000000000000000000e+10, 1.147999999999999955e-12, 3.148000000000000082e-04, 2.864000000000000036e-09, 9.463000000000000300e-01, 1.009000000000000036e-01
8.000000000000000000e+10, 6.455000000000000263e-13, 2.414000000000000130e-04, 2.148000000000000027e-09, 9.466999999999999860e-01, 1.010000000000000064e-01
1.000000000000000000e+11, 4.130999999999999765e-13, 1.964000000000000034e-04, 1.718000000000000064e-09, 9.468999999999999639e-01, 1.010999999999999954e-01
