1.000000000000000000e+03, 5.240000000000000000e+03, 1.804000000000000048e+00, 2.500000000000000000e+06, 0.000000000000000000e+00, 0.000000000000000000e+00
1.500000000000000000e+03, 4.997000000000000000e+03, 2.959999999999999964e+00, 1.271000000000000000e+06, 0.000000000000000000e+00, 0.000000000000000000e+00
2.000000000000000000e+03, 4.742000000000000000e+03, 4.099000000000000199e+00, 6.987000000000000000e+05, 0.000000000000000000e+00, 0.000000000000000000e+00
3.000000000000000000e+03, 4.248000000000000000e+03, 6.306000000000000050e+00, 2.857000000000000000e+05, 0.000000000000000000e+00, 0.000000000000000000e+00
4.000000000000000000e+03, 3.801000000000000000e+03, 8.355000000000000426e+00, 5.005000000000000000e+05, 0.000000000000000000e+00, 0.000000000000000000e+00
5.000000000000000000e+03, 3.412000000000000000e+03, 1.019999999999999929e+01, 3.326000000000000000e+05, 0.000000000000000000e+00, 0.000000000000000000e+00
6.000000000000000000e+03, 3.078000000000000000e+03, 1.184999999999999964e+01, 2.354000000000000000e+05, 0.000000000000000000e+00, 0.000000000000000000e+00
8.000000000000000000e+03, 2.537000000000000000e+03, 1.474000000000000021e+01, 1.154000000000000000e+05, 0.000000000000000000e+00, 0.000000000000000000e+00
1.000000000000000000e+04, 2.123000000000000000e+03, 1.728999999999999915e+01, 6.574000000000000000e+04, 0.000000000000000000e+00, 0.000000000000000000e+00
1.500000000000000000e+04, 1.439000000000000000e+03, 2.239999999999999858e+01, 2.325000000000000000e+04, 0.000000000000000000e+00, 0.000000000000000000e+00
2.000000000000000000e+04, 1.035000000000000000e+03, 2.598000000000000043e+01, 2.589000000000000000e+04, 0.000000000000000000e+00, 0.000000000000000000e+00
3.000000000000000000e+04, 6.096000000000000227e+02, 3.069999999999999929e+01, 1.500000000000000000e+04, 0.000000000000000000e+00, 0.000000000000000000e+00
4.000000000000000000e+04, 4.098000000000000114e+02, 3.363000000000000256e+01, 7.064000000000000000e+03, 0.000000000000000000e+00, 0.000000000000000000e+00
5.000000000000000000e+04, 2.951000000000000227e+02, 3.540999999999999659e+01, 3.908000000000000000e+03, 0.000000000000000000e+00, 0.000000000000000000e+00
6.000000000000000000e+04, 2.219000000000000057e+02, 3.646000000000000085e+01, 2.400000000000000000e+03, 0.000000000000000000e+00, 0.000000000000000000e+00
8.000000000000000000e+04, 1.394000000000000057e+02, 3.727000000000000313e+01, 1.106000000000000000e+03, 0.000000000000000000e+00, 0.000000000000000000e+00
1.000000000000000000e+05, 9.668999999999999773e+01, 3.724000000000000199e+01, 6.042999999999999545e+02, 0.000000000000000000e+00, 0.000000000000000000e+00
1.500000000000000000e+05, 4.828000000000000114e+01, 3.584000000000000341e+01, 9.037999999999999545e+02, 0.000000000000000000e+00, 0.000000000000000000e+00
2.000000000000000000e+05, 2.889999999999999858e+01, 3.397999999999999687e+01, 4.311999999999999886e+02, 0.000000000000000000e+00, 0.000000000000000000e+00
3.000000000000000000e+05, 1.385999999999999943e+01, 3.053000000000000114e+01, 1.533000000000000114e+02, 0.000000000000000000e+00, 0.000000000000000000e+00
4.000000000000000000e+05, 8.153000000000000469e+00, 2.780000000000000071e+01, 7.546999999999999886e+01, 0.000000000000000000e+00, 0.000000000000000000e+00
5.000000000000000000e+05, 5.363000000000000433e+00, 2.562999999999999901e+01, 4.453000000000000114e+01, 0.000000000000000000e+00, 0.000000000000000000e+00
6.000000000000000000e+05, 3.791999999999999815e+00, 2.385999999999999943e+01, 2.941000000000000014e+01, 0.000000000000000000e+00, 0.000000000000000000e+00
8.000000000000000000e+05, 2.182999999999999829e+00, 2.110000000000000142e+01, 1.576999999999999957e+01, 0.000000000000000000e+00, 0.000000000000000000e+00
1.000000000000000000e+06, 1.415999999999999925e+00, 1.905000000000000071e+01, 9.984999999999999432e+00, 0.000000000000000000e+00, 0.000000000000000000e+00
1.022000000000000000e+06, 1.358000000000000096e+00, 1.885000000000000142e+01, 9.560999999999999943e+00, 0.000000000000000000e+00, 0.000000000000000000e+00
1.250000000000000000e+06, 9.164999999999999813e-01, 1.707999999999999829e+01, 6.461999999999999744e+00, 1.713000000000000078e-01, 0.000000000000000000e+00
1.500000000000000000e+06, 6.409000000000000252e-01, 1.555000000000000071e+01, 4.594999999999999751e+00, 8.421999999999999487e-01, 0.000000000000000000e+00
2.000000000000000000e+06, 3.634999999999999898e-01, 1.328999999999999915e+01, 2.775999999999999801e+00, 2.474000000000000199e+00, 0.000000000000000000e+00
2.044000000000000000e+06, 3.482000000000000095e-01, 1.313000000000000078e+01, 2.676000000000000156e+00, 2.612000000000000099e+00, 0.000000000000000000e+00
3.000000000000000000e+06, 1.627000000000000113e-01, 1.047000000000000064e+01, 1.445999999999999952e+00, 5.168000000000000149e+00, 3.657999999999999793e-03
4.000000000000000000e+06, 9.174999999999999822e-02, 8.742000000000000881e+00, 9.442000000000000393e-01, 7.259000000000000341e+00, 1.490000000000000005e-02
5.000000000000000000e+06, 5.879999999999999810e-02, 7.551999999999999602e+00, 6.905000000000000027e-01, 9.005000000000000782e+00, 2.963000000000000009e-02
6.000000000000000000e+06, 4.086000000000000049e-02, 6.676999999999999602e+00, 5.401000000000000245e-01, 1.050000000000000000e+01, 4.540999999999999898e-02
7.000000000000000000e+06, 3.004000000000000073e-02, 6.001999999999999780e+00, 4.416999999999999815e-01, 1.183000000000000007e+01, 6.108999999999999847e-02
8.000000000000000000e+06, 2.299999999999999961e-02, 5.463000000000000078e+00, 3.725999999999999868e-01, 1.302999999999999936e+01, 7.623000000000000609e-02
9.000000000000000000e+06, 1.818000000000000171e-02, 5.022000000000000242e+00, 3.216999999999999860e-01, 1.411999999999999922e+01, 9.067999999999999672e-02
1.000000000000000000e+07, 1.473000000000000004e-02, 4.652999999999999581e+00, 2.827999999999999958e-01, 1.513000000000000078e+01, 1.044000000000000067e-01
1.100000000000000000e+07, 1.217000000000000026e-02, 4.339999999999999858e+00, 2.520000000000000018e-01, 1.607000000000000028e+01, 1.173000000000000015e-01
1.200000000000000000e+07, 1.022999999999999951e-02, 4.070999999999999730e+00, 2.272000000000000131e-01, 1.694000000000000128e+01, 1.295000000000000040e-01
1.300000000000000000e+07, 8.717000000000000789e-03, 3.834999999999999964e+00, 2.066999999999999948e-01, 1.776000000000000156e+01, 1.408999999999999975e-01
1.400000000000000000e+07, 7.517000000000000244e-03, 3.628000000000000114e+00, 1.895999999999999908e-01, 1.851999999999999957e+01, 1.517000000000000015e-01
1.500000000000000000e+07, 6.548000000000000001e-03, 3.444999999999999840e+00, 1.751000000000000056e-01, 1.923000000000000043e+01, 1.620000000000000051e-01
1.600000000000000000e+07, 5.754999999999999699e-03, 3.279999999999999805e+00, 1.625000000000000056e-01, 1.989999999999999858e+01, 1.716999999999999915e-01
1.800000000000000000e+07, 4.547999999999999959e-03, 2.998000000000000220e+00, 1.421999999999999931e-01, 2.110999999999999943e+01, 1.895999999999999908e-01
2.000000000000000000e+07, 3.684000000000000209e-03, 2.765000000000000124e+00, 1.262999999999999956e-01, 2.219000000000000128e+01, 2.058999999999999997e-01
2.200000000000000000e+07, 3.044999999999999964e-03, 2.568000000000000060e+00, 1.136000000000000065e-01, 2.317000000000000171e+01, 2.207000000000000073e-01
2.400000000000000000e+07, 2.557999999999999944e-03, 2.399999999999999911e+00, 1.032000000000000001e-01, 2.407000000000000028e+01, 2.343000000000000083e-01
2.600000000000000000e+07, 2.180000000000000080e-03, 2.254000000000000004e+00, 9.449000000000000454e-02, 2.489000000000000057e+01, 2.467000000000000026e-01
2.800000000000000000e+07, 1.879999999999999944e-03, 2.125999999999999890e+00, 8.716000000000000136e-02, 2.564000000000000057e+01, 2.582999999999999741e-01
3.000000000000000000e+07, 1.637000000000000000e-03, 2.012999999999999901e+00, 8.087999999999999357e-02, 2.632999999999999829e+01, 2.690000000000000169e-01
4.000000000000000000e+07, 9.211000000000000004e-04, 1.600000000000000089e+00, 5.942000000000000060e-02, 2.914999999999999858e+01, 3.130000000000000004e-01
5.000000000000000000e+07, 5.894999999999999633e-04, 1.334999999999999964e+00, 4.694000000000000256e-02, 3.125000000000000000e+01, 3.459999999999999742e-01
6.000000000000000000e+07, 4.093999999999999766e-04, 1.149999999999999911e+00, 3.878999999999999809e-02, 3.286999999999999744e+01, 3.719000000000000083e-01
8.000000000000000000e+07, 2.302999999999999871e-04, 9.073999999999999844e-01, 2.878000000000000003e-02, 3.525999999999999801e+01, 4.106000000000000205e-01
1.000000000000000000e+08, 1.474000000000000050e-04, 7.530999999999999917e-01, 2.288000000000000103e-02, 3.693999999999999773e+01, 4.385000000000000009e-01
1.500000000000000000e+08, 6.550000000000000646e-05, 5.362999999999999989e-01, 1.511999999999999976e-02, 3.960000000000000142e+01, 4.840999999999999748e-01
2.000000000000000000e+08, 3.683999999999999965e-05, 4.204999999999999849e-01, 1.128999999999999969e-02, 4.117999999999999972e+01, 5.123999999999999666e-01
3.000000000000000000e+08, 1.637999999999999903e-05, 2.980999999999999761e-01, 7.493999999999999793e-03, 4.303000000000000114e+01, 5.466999999999999638e-01
4.000000000000000000e+08, 9.211000000000000410e-06, 2.333999999999999964e-01, 5.608000000000000138e-03, 4.407999999999999829e+01, 5.671000000000000485e-01
5.000000000000000000e+08, 5.895000000000000310e-06, 1.932000000000000106e-01, 4.480999999999999740e-03, 4.478000000000000114e+01, 5.810999999999999499e-01
6.000000000000000000e+08, 4.094000000000000105e-06, 1.655000000000000082e-01, 3.730999999999999941e-03, 4.527000000000000313e+01, 5.911999999999999478e-01
8.000000000000000000e+08, 2.302999999999999804e-06, 1.292000000000000093e-01, 2.795000000000000175e-03, 4.592999999999999972e+01, 6.052999999999999492e-01
1.000000000000000000e+09, 1.473999999999999990e-06, 1.063000000000000056e-01, 2.233999999999999875e-03, 4.635999999999999943e+01, 6.146000000000000352e-01
1.500000000000000000e+09, 6.549999999999999757e-07, 7.424000000000000044e-02, 1.487999999999999956e-03, 4.697999999999999687e+01, 6.284999999999999476e-01
2.000000000000000000e+09, 3.683999999999999901e-07, 5.745999999999999719e-02, 1.116000000000000021e-03, 4.731000000000000227e+01, 6.363999999999999657e-01
3.000000000000000000e+09, 1.637999999999999977e-07, 3.994999999999999940e-02, 7.435000000000000202e-04, 4.767999999999999972e+01, 6.450000000000000178e-01
4.000000000000000000e+09, 9.210999999999999563e-08, 3.083999999999999936e-02, 5.575000000000000528e-04, 4.786999999999999744e+01, 6.500000000000000222e-01
5.000000000000000000e+09, 5.895000000000000178e-08, 2.520999999999999977e-02, 4.458999999999999964e-04, 4.800000000000000000e+01, 6.531000000000000139e-01
6.000000000000000000e+09, 4.094000000000000131e-08, 2.137999999999999970e-02, 3.715999999999999794e-04, 4.809000000000000341e+01, 6.552999999999999936e-01
8.000000000000000000e+09, 2.302999999999999843e-08, 1.646999999999999853e-02, 2.786999999999999981e-04, 4.820000000000000284e+01, 6.582000000000000073e-01
1.000000000000000000e+10, 1.473999999999999997e-08, 1.345000000000000015e-02, 2.228999999999999970e-04, 4.827000000000000313e+01, 6.601000000000000201e-01
1.500000000000000000e+10, 6.549999999999999922e-09, 9.294999999999999443e-03, 1.486000000000000070e-04, 4.836999999999999744e+01, 6.625999999999999668e-01
2.000000000000000000e+10, 3.684000000000000100e-09, 7.145999999999999575e-03, 1.113999999999999973e-04, 4.842000000000000171e+01, 6.641000000000000236e-01
3.000000000000000000e+10, 1.637999999999999927e-09, 4.928000000000000089e-03, 7.428999999999999515e-05, 4.847999999999999687e+01, 6.653999999999999915e-01
4.000000000000000000e+10, 9.210999999999999522e-10, 3.784000000000000037e-03, 5.572000000000000184e-05, 4.850999999999999801e+01, 6.663000000000000034e-01
5.000000000000000000e+10, 5.894999999999999806e-10, 3.080999999999999971e-03, 4.457000000000000187e-05, 4.852000000000000313e+01, 6.669000000000000483e-01
6.000000000000000000e+10, 4.094000000000000028e-10, 2.605000000000000111e-03, 3.714000000000000016e-05, 4.853999999999999915e+01, 6.672000000000000153e-01
8.000000000000000000e+10, 2.302999999999999957e-10, 1.997000000000000077e-03, 2.786000000000000092e-05, 4.854999999999999716e+01, 6.675999999999999712e-01
1.000000000000000000e+11, 1.474000000000000028e-10, 1.624999999999999925e-03, 2.228999999999999835e-05, 4.856000000000000227e+01, 6.679000000000000492e-01
