1.000000000000000000e+03, 1.280000000000000000e+03, 9.447999999999999732e-01, 1.053000000000000000e+06, 0.000000000000000000e+00, 0.000000000000000000e+00
1.500000000000000000e+03, 1.213000000000000000e+03, 1.713000000000000078e+00, 4.134000000000000000e+05, 0.000000000000000000e+00, 0.000000000000000000e+00
2.000000000000000000e+03, 1.138000000000000000e+03, 2.483999999999999986e+00, 2.063000000000000000e+05, 0.000000000000000000e+00, 0.000000000000000000e+00
3.000000000000000000e+03, 9.867000000000000455e+02, 3.951999999999999957e+00, 7.491000000000000000e+04, 0.000000000000000000e+00, 0.000000000000000000e+00
4.000000000000000000e+03, 8.512000000000000455e+02, 5.283999999999999808e+00, 1.991000000000000000e+05, 0.000000000000000000e+00, 0.000000000000000000e+00
5.000000000000000000e+03, 7.378999999999999773e+02, 6.500000000000000000e+00, 1.118000000000000000e+05, 0.000000000000000000e+00, 0.000000000000000000e+00
6.000000000000000000e+03, 6.457000000000000455e+02, 7.625000000000000000e+00, 6.942000000000000000e+04, 0.000000000000000000e+00, 0.000000000000000000e+00
8.000000000000000000e+03, 5.105000000000000000e+02, 9.605000000000000426e+00, 3.220000000000000000e+04, 0.000000000000000000e+00, 0.000000000000000000e+00
1.000000000000000000e+04, 4.173999999999999773e+02, 1.122000000000000064e+01, 1.756000000000000000e+04, 0.000000000000000000e+00, 0.000000000000000000e+00
1.500000000000000000e+04, 2.711999999999999886e+02, 1.408000000000000007e+01, 5.725000000000000000e+03, 0.000000000000000000e+00, 0.000000000000000000e+00
2.000000000000000000e+04, 1.869000000000000057e+02, 1.599000000000000021e+01, 2.555000000000000000e+03, 0.000000000000000000e+00, 0.000000000000000000e+00
3.000000000000000000e+04, 1.050999999999999943e+02, 1.828999999999999915e+01, 5.567000000000000000e+03, 0.000000000000000000e+00, 0.000000000000000000e+00
4.000000000000000000e+04, 6.864000000000000057e+01, 1.948000000000000043e+01, 2.550000000000000000e+03, 0.000000000000000000e+00, 0.000000000000000000e+00
5.000000000000000000e+04, 4.828000000000000114e+01, 2.008999999999999986e+01, 1.375000000000000000e+03, 0.000000000000000000e+00, 0.000000000000000000e+00
6.000000000000000000e+04, 3.567000000000000171e+01, 2.035000000000000142e+01, 8.236000000000000227e+02, 0.000000000000000000e+00, 0.000000000000000000e+00
8.000000000000000000e+04, 2.176999999999999957e+01, 2.032999999999999829e+01, 3.620000000000000000e+02, 0.000000000000000000e+00, 0.000000000000000000e+00
1.000000000000000000e+05, 1.473000000000000043e+01, 1.996999999999999886e+01, 1.898000000000000114e+02, 0.000000000000000000e+00, 0.000000000000000000e+00
1.500000000000000000e+05, 7.141000000000000014e+00, 1.873000000000000043e+01, 5.814000000000000057e+01, 0.000000000000000000e+00, 0.000000000000000000e+00
2.000000000000000000e+05, 4.198000000000000398e+00, 1.751000000000000156e+01, 2.514999999999999858e+01, 0.000000000000000000e+00, 0.000000000000000000e+00
3.000000000000000000e+05, 1.945999999999999952e+00, 1.551999999999999957e+01, 7.908000000000000362e+00, 0.000000000000000000e+00, 0.000000000000000000e+00
4.000000000000000000e+05, 1.116999999999999993e+00, 1.402999999999999936e+01, 3.600000000000000089e+00, 0.000000000000000000e+00, 0.000000000000000000e+00
5.000000000000000000e+05, 7.235000000000000320e-01, 1.286999999999999922e+01, 2.013999999999999790e+00, 0.000000000000000000e+00, 0.000000000000000000e+00
6.000000000000000000e+05, 5.061999999999999833e-01, 1.193999999999999950e+01, 1.284000000000000030e+00, 0.000000000000000000e+00, 0.000000000000000000e+00
8.000000000000000000e+05, 2.871000000000000218e-01, 1.051999999999999957e+01, 6.612999999999999989e-01, 0.000000000000000000e+00, 0.000000000000000000e+00
1.000000000000000000e+06, 1.844999999999999973e-01, 9.474999999999999645e+00, 4.123999999999999888e-01, 0.000000000000000000e+00, 0.000000000000000000e+00
1.022000000000000000e+06, 1.766999999999999960e-01, 9.375999999999999446e+00, 3.924000000000000266e-01, 0.000000000000000000e+00, 0.000000000000000000e+00
1.250000000000000000e+06, 1.184999999999999942e-01, 8.481999999999999318e+00, 2.646999999999999909e-01, 2.559000000000000163e-02, 0.000000000000000000e+00
1.500000000000000000e+06, 8.239000000000000490e-02, 7.714000000000000412e+00, 1.899000000000000132e-01, 1.203999999999999931e-01, 0.000000000000000000e+00
2.000000000000000000e+06, 4.642000000000000293e-02, 6.588000000000000078e+00, 1.159000000000000030e-01, 4.213000000000000078e-01, 0.000000000000000000e+00
2.044000000000000000e+06, 4.445000000000000340e-02, 6.506999999999999673e+00, 1.117999999999999966e-01, 4.511000000000000010e-01, 0.000000000000000000e+00
3.000000000000000000e+06, 2.066000000000000128e-02, 5.185999999999999943e+00, 6.178999999999999770e-02, 1.100000000000000089e+00, 1.814000000000000074e-03
4.000000000000000000e+06, 1.162000000000000012e-02, 4.326999999999999957e+00, 4.109999999999999765e-02, 1.709999999999999964e+00, 7.401999999999999726e-03
5.000000000000000000e+06, 7.440999999999999698e-03, 3.737000000000000099e+00, 3.048000000000000015e-02, 2.240000000000000213e+00, 1.473999999999999963e-02
6.000000000000000000e+06, 5.167999999999999851e-03, 3.302999999999999936e+00, 2.410999999999999949e-02, 2.697999999999999954e+00, 2.261000000000000162e-02
7.000000000000000000e+06, 3.797000000000000028e-03, 2.968999999999999861e+00, 1.989000000000000143e-02, 3.108000000000000096e+00, 3.045000000000000137e-02
8.000000000000000000e+06, 2.906999999999999862e-03, 2.701999999999999957e+00, 1.689999999999999836e-02, 3.476999999999999869e+00, 3.805000000000000049e-02
9.000000000000000000e+06, 2.296999999999999997e-03, 2.483999999999999986e+00, 1.468000000000000034e-02, 3.811999999999999833e+00, 4.531999999999999917e-02
1.000000000000000000e+07, 1.861000000000000024e-03, 2.302000000000000046e+00, 1.295999999999999930e-02, 4.118999999999999773e+00, 5.222999999999999865e-02
1.100000000000000000e+07, 1.538000000000000088e-03, 2.146999999999999797e+00, 1.159999999999999920e-02, 4.400999999999999801e+00, 5.875999999999999973e-02
1.200000000000000000e+07, 1.291999999999999963e-03, 2.012999999999999901e+00, 1.050000000000000065e-02, 4.660000000000000142e+00, 6.492000000000000548e-02
1.300000000000000000e+07, 1.100999999999999982e-03, 1.897000000000000020e+00, 9.582999999999999505e-03, 4.900000000000000355e+00, 7.073000000000000120e-02
1.400000000000000000e+07, 9.493999999999999835e-04, 1.794999999999999929e+00, 8.812999999999999653e-03, 5.121000000000000441e+00, 7.625999999999999446e-02
1.500000000000000000e+07, 8.270999999999999923e-04, 1.703999999999999959e+00, 8.156000000000000055e-03, 5.325000000000000178e+00, 8.149000000000000687e-02
1.600000000000000000e+07, 7.269000000000000504e-04, 1.622000000000000108e+00, 7.590000000000000392e-03, 5.516000000000000014e+00, 8.645999999999999519e-02
1.800000000000000000e+07, 5.743999999999999757e-04, 1.483000000000000096e+00, 6.662999999999999652e-03, 5.865999999999999659e+00, 9.565999999999999504e-02
2.000000000000000000e+07, 4.651999999999999777e-04, 1.366999999999999993e+00, 5.936999999999999569e-03, 6.179000000000000270e+00, 1.039999999999999952e-01
2.200000000000000000e+07, 3.845000000000000219e-04, 1.270000000000000018e+00, 5.353000000000000119e-03, 6.464000000000000412e+00, 1.116999999999999937e-01
2.400000000000000000e+07, 3.230999999999999931e-04, 1.187000000000000055e+00, 4.872999999999999728e-03, 6.722000000000000419e+00, 1.188000000000000028e-01
2.600000000000000000e+07, 2.753000000000000239e-04, 1.114999999999999991e+00, 4.472000000000000280e-03, 6.958000000000000185e+00, 1.252999999999999947e-01
2.800000000000000000e+07, 2.373999999999999971e-04, 1.050999999999999934e+00, 4.131000000000000123e-03, 7.174000000000000377e+00, 1.313000000000000000e-01
3.000000000000000000e+07, 2.068000000000000122e-04, 9.955000000000000515e-01, 3.838999999999999965e-03, 7.373000000000000220e+00, 1.368999999999999939e-01
4.000000000000000000e+07, 1.162999999999999944e-04, 7.911000000000000254e-01, 2.834999999999999847e-03, 8.179999999999999716e+00, 1.602000000000000091e-01
5.000000000000000000e+07, 7.443999999999999879e-05, 6.603999999999999870e-01, 2.246000000000000166e-03, 8.778000000000000469e+00, 1.778000000000000136e-01
6.000000000000000000e+07, 5.169000000000000146e-05, 5.689999999999999503e-01, 1.860000000000000108e-03, 9.244999999999999218e+00, 1.918999999999999873e-01
8.000000000000000000e+07, 2.907999999999999940e-05, 4.486999999999999877e-01, 1.384000000000000031e-03, 9.933999999999999275e+00, 2.129999999999999949e-01
1.000000000000000000e+08, 1.860999999999999970e-05, 3.724000000000000088e-01, 1.101999999999999898e-03, 1.041999999999999993e+01, 2.283999999999999919e-01
1.500000000000000000e+08, 8.270999999999999246e-06, 2.651999999999999913e-01, 7.297999999999999583e-04, 1.119999999999999929e+01, 2.540000000000000036e-01
2.000000000000000000e+08, 4.651999999999999675e-06, 2.079999999999999905e-01, 5.456000000000000346e-04, 1.166999999999999993e+01, 2.700000000000000178e-01
3.000000000000000000e+08, 2.067999999999999936e-06, 1.474000000000000032e-01, 3.625999999999999775e-04, 1.221000000000000085e+01, 2.896000000000000241e-01
4.000000000000000000e+08, 1.162999999999999919e-06, 1.154000000000000026e-01, 2.714999999999999857e-04, 1.251999999999999957e+01, 3.014000000000000012e-01
5.000000000000000000e+08, 7.444000000000000218e-07, 9.556000000000000605e-02, 2.169999999999999891e-04, 1.273000000000000043e+01, 3.094000000000000083e-01
6.000000000000000000e+08, 5.168999999999999765e-07, 8.182000000000000384e-02, 1.807000000000000012e-04, 1.286999999999999922e+01, 3.153000000000000247e-01
8.000000000000000000e+08, 2.907999999999999835e-07, 6.389999999999999847e-02, 1.354000000000000114e-04, 1.307000000000000028e+01, 3.235000000000000098e-01
1.000000000000000000e+09, 1.861000000000000054e-07, 5.256999999999999867e-02, 1.083000000000000033e-04, 1.318999999999999950e+01, 3.289000000000000257e-01
1.500000000000000000e+09, 8.271000000000000410e-08, 3.670999999999999958e-02, 7.213000000000000227e-05, 1.338000000000000078e+01, 3.370000000000000218e-01
2.000000000000000000e+09, 4.652000000000000231e-08, 2.842000000000000082e-02, 5.407999999999999721e-05, 1.348000000000000043e+01, 3.415000000000000258e-01
3.000000000000000000e+09, 2.068000000000000055e-08, 1.975999999999999979e-02, 3.604000000000000053e-05, 1.358000000000000007e+01, 3.464999999999999747e-01
4.000000000000000000e+09, 1.163000000000000058e-08, 1.524999999999999967e-02, 2.703000000000000040e-05, 1.364000000000000057e+01, 3.493999999999999884e-01
5.000000000000000000e+09, 7.444000000000000350e-09, 1.247000000000000018e-02, 2.161999999999999968e-05, 1.367999999999999972e+01, 3.512000000000000122e-01
6.000000000000000000e+09, 5.168999999999999831e-09, 1.056999999999999953e-02, 1.802000000000000026e-05, 1.371000000000000085e+01, 3.524999999999999800e-01
8.000000000000000000e+09, 2.907999999999999884e-09, 8.146000000000000463e-03, 1.350999999999999940e-05, 1.374000000000000021e+01, 3.541000000000000258e-01
1.000000000000000000e+10, 1.861000000000000088e-09, 6.650999999999999794e-03, 1.080999999999999984e-05, 1.375999999999999979e+01, 3.552000000000000157e-01
1.500000000000000000e+10, 8.270999999999999666e-10, 4.597000000000000391e-03, 7.204999999999999626e-06, 1.378999999999999915e+01, 3.565999999999999726e-01
2.000000000000000000e+10, 4.652000000000000066e-10, 3.533999999999999815e-03, 5.402999999999999769e-06, 1.380000000000000071e+01, 3.574999999999999845e-01
3.000000000000000000e+10, 2.067999999999999993e-10, 2.436999999999999930e-03, 3.601999999999999987e-06, 1.382000000000000028e+01, 3.583000000000000074e-01
4.000000000000000000e+10, 1.163000000000000016e-10, 1.871000000000000050e-03, 2.702000000000000134e-06, 1.383000000000000007e+01, 3.588000000000000078e-01
5.000000000000000000e+10, 7.444000000000000350e-11, 1.523999999999999964e-03, 2.161000000000000147e-06, 1.383000000000000007e+01, 3.590999999999999748e-01
6.000000000000000000e+10, 5.168999999999999805e-11, 1.288000000000000082e-03, 1.800999999999999994e-06, 1.383999999999999986e+01, 3.593000000000000083e-01
8.000000000000000000e+10, 2.908000000000000130e-11, 9.875999999999999363e-04, 1.351000000000000067e-06, 1.383999999999999986e+01, 3.594999999999999862e-01
1.000000000000000000e+11, 1.861000000000000088e-11, 8.034999999999999608e-04, 1.080999999999999899e-06, 1.384999999999999964e+01, 3.597000000000000197e-01
