1.000000000000000000e+03, 2.579000000000000000e+03, 1.469000000000000083e+00, 5.957000000000000000e+05, 0.000000000000000000e+00, 0.000000000000000000e+00
1.500000000000000000e+03, 2.448000000000000000e+03, 2.423000000000000043e+00, 1.314000000000000000e+06, 0.000000000000000000e+00, 0.000000000000000000e+00
2.000000000000000000e+03, 2.312000000000000000e+03, 3.339999999999999858e+00, 8.750000000000000000e+05, 0.000000000000000000e+00, 0.000000000000000000e+00
3.000000000000000000e+03, 2.049000000000000000e+03, 5.120000000000000107e+00, 3.353000000000000000e+05, 0.000000000000000000e+00, 0.000000000000000000e+00
4.000000000000000000e+03, 1.807000000000000000e+03, 6.780000000000000249e+00, 1.648000000000000000e+05, 0.000000000000000000e+00, 0.000000000000000000e+00
5.000000000000000000e+03, 1.595000000000000000e+03, 8.304000000000000270e+00, 9.379000000000000000e+04, 0.000000000000000000e+00, 0.000000000000000000e+00
6.000000000000000000e+03, 1.415000000000000000e+03, 9.676000000000000156e+00, 5.877000000000000000e+04, 0.000000000000000000e+00, 0.000000000000000000e+00
8.000000000000000000e+03, 1.131000000000000000e+03, 1.200999999999999979e+01, 1.051000000000000000e+05, 0.000000000000000000e+00, 0.000000000000000000e+00
1.000000000000000000e+04, 9.216000000000000227e+02, 1.396000000000000085e+01, 6.938000000000000000e+04, 0.000000000000000000e+00, 0.000000000000000000e+00
1.500000000000000000e+04, 5.981000000000000227e+02, 1.782000000000000028e+01, 2.376000000000000000e+04, 0.000000000000000000e+00, 0.000000000000000000e+00
2.000000000000000000e+04, 4.276999999999999886e+02, 2.064999999999999858e+01, 1.094000000000000000e+04, 0.000000000000000000e+00, 0.000000000000000000e+00
3.000000000000000000e+04, 2.516999999999999886e+02, 2.410999999999999943e+01, 3.599000000000000000e+03, 0.000000000000000000e+00, 0.000000000000000000e+00
4.000000000000000000e+04, 1.640000000000000000e+02, 2.592999999999999972e+01, 1.617000000000000000e+03, 0.000000000000000000e+00, 0.000000000000000000e+00
5.000000000000000000e+04, 1.162000000000000028e+02, 2.692000000000000171e+01, 8.647000000000000455e+02, 0.000000000000000000e+00, 0.000000000000000000e+00
6.000000000000000000e+04, 8.734000000000000341e+01, 2.744000000000000128e+01, 2.954000000000000000e+03, 0.000000000000000000e+00, 0.000000000000000000e+00
8.000000000000000000e+04, 5.457999999999999829e+01, 2.771000000000000085e+01, 1.373000000000000000e+03, 0.000000000000000000e+00, 0.000000000000000000e+00
1.000000000000000000e+05, 3.717999999999999972e+01, 2.744999999999999929e+01, 7.472999999999999545e+02, 0.000000000000000000e+00, 0.000000000000000000e+00
1.500000000000000000e+05, 1.812000000000000099e+01, 2.601999999999999957e+01, 2.430999999999999943e+02, 0.000000000000000000e+00, 0.000000000000000000e+00
2.000000000000000000e+05, 1.077999999999999936e+01, 2.446000000000000085e+01, 1.092999999999999972e+02, 0.000000000000000000e+00, 0.000000000000000000e+00
3.000000000000000000e+05, 5.078999999999999737e+00, 2.180999999999999872e+01, 3.603999999999999915e+01, 0.000000000000000000e+00, 0.000000000000000000e+00
4.000000000000000000e+05, 2.939000000000000057e+00, 1.978000000000000114e+01, 1.691000000000000014e+01, 0.000000000000000000e+00, 0.000000000000000000e+00
5.000000000000000000e+05, 1.911999999999999922e+00, 1.819000000000000128e+01, 9.647000000000000242e+00, 0.000000000000000000e+00, 0.000000000000000000e+00
6.000000000000000000e+05, 1.342999999999999972e+00, 1.689999999999999858e+01, 6.225999999999999979e+00, 0.000000000000000000e+00, 0.000000000000000000e+00
8.000000000000000000e+05, 7.653999999999999693e-01, 1.491999999999999993e+01, 3.251999999999999780e+00, 0.000000000000000000e+00, 0.000000000000000000e+00
1.000000000000000000e+06, 4.934999999999999942e-01, 1.344999999999999929e+01, 2.036999999999999922e+00, 0.000000000000000000e+00, 0.000000000000000000e+00
1.022000000000000000e+06, 4.727999999999999980e-01, 1.330000000000000071e+01, 1.949000000000000066e+00, 0.000000000000000000e+00, 0.000000000000000000e+00
1.250000000000000000e+06, 3.175999999999999934e-01, 1.203999999999999915e+01, 1.314000000000000057e+00, 6.626999999999999558e-02, 0.000000000000000000e+00
1.500000000000000000e+06, 2.212000000000000077e-01, 1.096000000000000085e+01, 9.385000000000000009e-01, 3.064000000000000057e-01, 0.000000000000000000e+00
2.000000000000000000e+06, 1.247999999999999943e-01, 9.361000000000000654e+00, 5.694000000000000172e-01, 9.855000000000000426e-01, 0.000000000000000000e+00
2.044000000000000000e+06, 1.194999999999999951e-01, 9.246000000000000441e+00, 5.492000000000000215e-01, 1.048999999999999932e+00, 0.000000000000000000e+00
3.000000000000000000e+06, 5.562000000000000277e-02, 7.371999999999999886e+00, 3.000999999999999779e-01, 2.361000000000000210e+00, 2.576999999999999864e-03
4.000000000000000000e+06, 3.132000000000000062e-02, 6.152000000000000135e+00, 1.978000000000000036e-01, 3.536000000000000032e+00, 1.051000000000000024e-02
5.000000000000000000e+06, 2.004999999999999838e-02, 5.314000000000000057e+00, 1.456999999999999962e-01, 4.536999999999999922e+00, 2.091000000000000150e-02
6.000000000000000000e+06, 1.392999999999999967e-02, 4.697000000000000064e+00, 1.145999999999999935e-01, 5.399000000000000021e+00, 3.207000000000000128e-02
7.000000000000000000e+06, 1.022999999999999951e-02, 4.222000000000000419e+00, 9.417000000000000370e-02, 6.160000000000000142e+00, 4.317000000000000004e-02
8.000000000000000000e+06, 7.835999999999999216e-03, 3.842999999999999972e+00, 7.975000000000000144e-02, 6.844000000000000306e+00, 5.390999999999999959e-02
9.000000000000000000e+06, 6.191999999999999588e-03, 3.532999999999999918e+00, 6.908000000000000251e-02, 7.466000000000000192e+00, 6.417000000000000481e-02
1.000000000000000000e+07, 5.015999999999999626e-03, 3.273000000000000131e+00, 6.087000000000000050e-02, 8.035999999999999588e+00, 7.391000000000000347e-02
1.100000000000000000e+07, 4.145000000000000247e-03, 3.052999999999999936e+00, 5.437999999999999778e-02, 8.563000000000000611e+00, 8.311000000000000332e-02
1.200000000000000000e+07, 3.482999999999999985e-03, 2.862999999999999989e+00, 4.911999999999999700e-02, 9.051000000000000156e+00, 9.178000000000000047e-02
1.300000000000000000e+07, 2.968000000000000152e-03, 2.697000000000000064e+00, 4.476999999999999730e-02, 9.509000000000000341e+00, 9.994000000000000106e-02
1.400000000000000000e+07, 2.559000000000000077e-03, 2.552000000000000046e+00, 4.111999999999999683e-02, 9.932000000000000384e+00, 1.077000000000000041e-01
1.500000000000000000e+07, 2.229000000000000078e-03, 2.423000000000000043e+00, 3.801000000000000212e-02, 1.033000000000000007e+01, 1.150000000000000050e-01
1.600000000000000000e+07, 1.959999999999999937e-03, 2.306999999999999940e+00, 3.534000000000000336e-02, 1.068999999999999950e+01, 1.219999999999999973e-01
1.800000000000000000e+07, 1.547999999999999897e-03, 2.108999999999999986e+00, 3.097000000000000100e-02, 1.134999999999999964e+01, 1.348999999999999921e-01
2.000000000000000000e+07, 1.253999999999999906e-03, 1.945000000000000062e+00, 2.756000000000000116e-02, 1.193999999999999950e+01, 1.466000000000000081e-01
2.200000000000000000e+07, 1.036000000000000029e-03, 1.806000000000000050e+00, 2.481999999999999831e-02, 1.248000000000000043e+01, 1.572999999999999954e-01
2.400000000000000000e+07, 8.708999999999999728e-04, 1.687999999999999945e+00, 2.256999999999999978e-02, 1.296000000000000085e+01, 1.670999999999999985e-01
2.600000000000000000e+07, 7.420999999999999862e-04, 1.584999999999999964e+00, 2.069000000000000006e-02, 1.341000000000000014e+01, 1.761999999999999955e-01
2.800000000000000000e+07, 6.398999999999999957e-04, 1.495000000000000107e+00, 1.909999999999999892e-02, 1.381000000000000050e+01, 1.844999999999999973e-01
3.000000000000000000e+07, 5.573999999999999962e-04, 1.415999999999999925e+00, 1.773999999999999883e-02, 1.418999999999999950e+01, 1.922999999999999987e-01
4.000000000000000000e+07, 3.134999999999999766e-04, 1.125000000000000000e+00, 1.307000000000000002e-02, 1.572000000000000064e+01, 2.245000000000000051e-01
5.000000000000000000e+07, 2.006999999999999995e-04, 9.392000000000000348e-01, 1.034000000000000023e-02, 1.685000000000000142e+01, 2.487000000000000044e-01
6.000000000000000000e+07, 1.394000000000000003e-04, 8.092000000000000304e-01, 8.555999999999999370e-03, 1.773999999999999844e+01, 2.679000000000000270e-01
8.000000000000000000e+07, 7.838999999999999994e-05, 6.381999999999999895e-01, 6.357999999999999936e-03, 1.903999999999999915e+01, 2.967000000000000193e-01
1.000000000000000000e+08, 5.017000000000000246e-05, 5.296999999999999487e-01, 5.059000000000000129e-03, 1.996000000000000085e+01, 3.175000000000000044e-01
1.500000000000000000e+08, 2.229999999999999994e-05, 3.771999999999999797e-01, 3.347000000000000149e-03, 2.142999999999999972e+01, 3.518000000000000016e-01
2.000000000000000000e+08, 1.254000000000000022e-05, 2.958000000000000074e-01, 2.501000000000000185e-03, 2.230000000000000071e+01, 3.731999999999999762e-01
3.000000000000000000e+08, 5.574000000000000334e-06, 2.096000000000000085e-01, 1.660999999999999933e-03, 2.330999999999999872e+01, 3.993999999999999773e-01
4.000000000000000000e+08, 3.135000000000000054e-06, 1.642000000000000126e-01, 1.244000000000000097e-03, 2.389999999999999858e+01, 4.149999999999999800e-01
5.000000000000000000e+08, 2.007000000000000012e-06, 1.358999999999999930e-01, 9.936999999999999219e-04, 2.428000000000000114e+01, 4.257000000000000228e-01
6.000000000000000000e+08, 1.393000000000000046e-06, 1.164000000000000035e-01, 8.274000000000000538e-04, 2.455000000000000071e+01, 4.334999999999999964e-01
8.000000000000000000e+08, 7.838000000000000173e-07, 9.088000000000000245e-02, 6.199999999999999999e-04, 2.491000000000000014e+01, 4.442999999999999727e-01
1.000000000000000000e+09, 5.015999999999999917e-07, 7.477000000000000313e-02, 4.956999999999999601e-04, 2.514999999999999858e+01, 4.515000000000000124e-01
1.500000000000000000e+09, 2.229999999999999984e-07, 5.220999999999999946e-02, 3.302000000000000031e-04, 2.548999999999999844e+01, 4.622999999999999887e-01
2.000000000000000000e+09, 1.253999999999999979e-07, 4.041000000000000147e-02, 2.476000000000000011e-04, 2.567999999999999972e+01, 4.683999999999999830e-01
3.000000000000000000e+09, 5.574000000000000149e-08, 2.809999999999999998e-02, 1.649999999999999991e-04, 2.587999999999999901e+01, 4.751000000000000223e-01
4.000000000000000000e+09, 3.134999999999999948e-08, 2.169000000000000095e-02, 1.236999999999999981e-04, 2.598000000000000043e+01, 4.789999999999999813e-01
5.000000000000000000e+09, 2.007000000000000038e-08, 1.772999999999999923e-02, 9.896000000000000120e-05, 2.605000000000000071e+01, 4.813999999999999946e-01
6.000000000000000000e+09, 1.392999999999999967e-08, 1.503999999999999955e-02, 8.246000000000000671e-05, 2.610000000000000142e+01, 4.830999999999999739e-01
8.000000000000000000e+09, 7.838000000000000437e-09, 1.158999999999999961e-02, 6.184000000000000423e-05, 2.616000000000000014e+01, 4.853999999999999981e-01
1.000000000000000000e+10, 5.016000000000000049e-09, 9.459999999999999659e-03, 4.946999999999999900e-05, 2.619999999999999929e+01, 4.868000000000000105e-01
1.500000000000000000e+10, 2.229999999999999951e-09, 6.537000000000000276e-03, 3.297999999999999933e-05, 2.625000000000000000e+01, 4.888000000000000123e-01
2.000000000000000000e+10, 1.254000000000000012e-09, 5.026000000000000086e-03, 2.472999999999999870e-05, 2.628000000000000114e+01, 4.899000000000000021e-01
3.000000000000000000e+10, 5.573999999999999570e-10, 3.465999999999999897e-03, 1.648999999999999967e-05, 2.630999999999999872e+01, 4.909999999999999920e-01
4.000000000000000000e+10, 3.135000000000000031e-10, 2.661000000000000171e-03, 1.237000000000000015e-05, 2.632999999999999829e+01, 4.917000000000000259e-01
5.000000000000000000e+10, 2.006999999999999894e-10, 2.167000000000000089e-03, 9.891999999999999480e-06, 2.633999999999999986e+01, 4.920999999999999819e-01
6.000000000000000000e+10, 1.392999999999999998e-10, 1.832000000000000078e-03, 8.243999999999999335e-06, 2.635000000000000142e+01, 4.924000000000000044e-01
8.000000000000000000e+10, 7.838000000000000489e-11, 1.404999999999999999e-03, 6.182999999999999925e-06, 2.635000000000000142e+01, 4.927000000000000268e-01
1.000000000000000000e+11, 5.015999999999999791e-11, 1.142999999999999919e-03, 4.945999999999999740e-06, 2.635999999999999943e+01, 4.929000000000000048e-01
