1.000000000000000000e+03, 2.332000000000000000e+03, 1.497999999999999998e+00, 4.925000000000000000e+05, 0.000000000000000000e+00, 0.000000000000000000e+00
1.500000000000000000e+03, 2.209000000000000000e+03, 2.434000000000000163e+00, 1.334000000000000000e+06, 0.000000000000000000e+00, 0.000000000000000000e+00
2.000000000000000000e+03, 2.084000000000000000e+03, 3.349000000000000199e+00, 7.314000000000000000e+05, 0.000000000000000000e+00, 0.000000000000000000e+00
3.000000000000000000e+03, 1.839000000000000000e+03, 5.125000000000000000e+00, 2.777000000000000000e+05, 0.000000000000000000e+00, 0.000000000000000000e+00
4.000000000000000000e+03, 1.614000000000000000e+03, 6.766000000000000014e+00, 1.358000000000000000e+05, 0.000000000000000000e+00, 0.000000000000000000e+00
5.000000000000000000e+03, 1.420000000000000000e+03, 8.256999999999999673e+00, 7.702000000000000000e+04, 0.000000000000000000e+00, 0.000000000000000000e+00
6.000000000000000000e+03, 1.257000000000000000e+03, 9.582000000000000739e+00, 4.814000000000000000e+04, 0.000000000000000000e+00, 0.000000000000000000e+00
8.000000000000000000e+03, 1.002000000000000000e+03, 1.183000000000000007e+01, 1.028000000000000000e+05, 0.000000000000000000e+00, 0.000000000000000000e+00
1.000000000000000000e+04, 8.158999999999999773e+02, 1.372000000000000064e+01, 5.789000000000000000e+04, 0.000000000000000000e+00, 0.000000000000000000e+00
1.500000000000000000e+04, 5.313999999999999773e+02, 1.746000000000000085e+01, 1.969000000000000000e+04, 0.000000000000000000e+00, 0.000000000000000000e+00
2.000000000000000000e+04, 3.811999999999999886e+02, 2.012999999999999901e+01, 9.022000000000000000e+03, 0.000000000000000000e+00, 0.000000000000000000e+00
3.000000000000000000e+04, 2.226999999999999886e+02, 2.332999999999999829e+01, 2.946000000000000000e+03, 0.000000000000000000e+00, 0.000000000000000000e+00
4.000000000000000000e+04, 1.449000000000000057e+02, 2.500000000000000000e+01, 1.317000000000000000e+03, 0.000000000000000000e+00, 0.000000000000000000e+00
5.000000000000000000e+04, 1.029000000000000057e+02, 2.589999999999999858e+01, 4.046000000000000000e+03, 0.000000000000000000e+00, 0.000000000000000000e+00
6.000000000000000000e+04, 7.728000000000000114e+01, 2.637000000000000099e+01, 2.513000000000000000e+03, 0.000000000000000000e+00, 0.000000000000000000e+00
8.000000000000000000e+04, 4.810999999999999943e+01, 2.658999999999999986e+01, 1.154000000000000000e+03, 0.000000000000000000e+00, 0.000000000000000000e+00
1.000000000000000000e+05, 3.270000000000000284e+01, 2.630000000000000071e+01, 6.242999999999999545e+02, 0.000000000000000000e+00, 0.000000000000000000e+00
1.500000000000000000e+05, 1.592999999999999972e+01, 2.489000000000000057e+01, 2.010999999999999943e+02, 0.000000000000000000e+00, 0.000000000000000000e+00
2.000000000000000000e+05, 9.464000000000000412e+00, 2.337999999999999901e+01, 8.984000000000000341e+01, 0.000000000000000000e+00, 0.000000000000000000e+00
3.000000000000000000e+05, 4.448999999999999844e+00, 2.082999999999999829e+01, 2.941000000000000014e+01, 0.000000000000000000e+00, 0.000000000000000000e+00
4.000000000000000000e+05, 2.569999999999999840e+00, 1.887999999999999901e+01, 1.373000000000000043e+01, 0.000000000000000000e+00, 0.000000000000000000e+00
5.000000000000000000e+05, 1.671000000000000041e+00, 1.735999999999999943e+01, 7.809999999999999609e+00, 0.000000000000000000e+00, 0.000000000000000000e+00
6.000000000000000000e+05, 1.173000000000000043e+00, 1.612000000000000099e+01, 5.030000000000000249e+00, 0.000000000000000000e+00, 0.000000000000000000e+00
8.000000000000000000e+05, 6.680000000000000382e-01, 1.423000000000000043e+01, 2.620999999999999996e+00, 0.000000000000000000e+00, 0.000000000000000000e+00
1.000000000000000000e+06, 4.304000000000000048e-01, 1.282000000000000028e+01, 1.639999999999999902e+00, 0.000000000000000000e+00, 0.000000000000000000e+00
1.022000000000000000e+06, 4.123999999999999888e-01, 1.268999999999999950e+01, 1.570000000000000062e+00, 0.000000000000000000e+00, 0.000000000000000000e+00
1.250000000000000000e+06, 2.768999999999999795e-01, 1.148000000000000043e+01, 1.058000000000000052e+00, 5.807999999999999968e-02, 0.000000000000000000e+00
1.500000000000000000e+06, 1.927999999999999992e-01, 1.044999999999999929e+01, 7.561999999999999833e-01, 2.685000000000000164e-01, 0.000000000000000000e+00
2.000000000000000000e+06, 1.087999999999999939e-01, 8.923999999999999488e+00, 4.591000000000000081e-01, 8.739999999999999991e-01, 0.000000000000000000e+00
2.044000000000000000e+06, 1.042000000000000010e-01, 8.814000000000000057e+00, 4.429000000000000159e-01, 9.313000000000000167e-01, 0.000000000000000000e+00
3.000000000000000000e+06, 4.845000000000000001e-02, 7.027000000000000135e+00, 2.424000000000000044e-01, 2.124000000000000110e+00, 2.456999999999999983e-03
4.000000000000000000e+06, 2.727999999999999869e-02, 5.863999999999999879e+00, 1.598999999999999866e-01, 3.200000000000000178e+00, 1.001999999999999939e-02
5.000000000000000000e+06, 1.745999999999999983e-02, 5.065000000000000391e+00, 1.179000000000000048e-01, 4.121999999999999886e+00, 1.993999999999999939e-02
6.000000000000000000e+06, 1.213000000000000016e-02, 4.477000000000000313e+00, 9.285000000000000198e-02, 4.915000000000000036e+00, 3.057999999999999954e-02
7.000000000000000000e+06, 8.913000000000000783e-03, 4.024000000000000021e+00, 7.632999999999999508e-02, 5.616999999999999993e+00, 4.116999999999999826e-02
8.000000000000000000e+06, 6.825000000000000337e-03, 3.662999999999999812e+00, 6.467000000000000526e-02, 6.246999999999999886e+00, 5.140999999999999737e-02
9.000000000000000000e+06, 5.393000000000000224e-03, 3.366999999999999993e+00, 5.603999999999999954e-02, 6.820000000000000284e+00, 6.119999999999999746e-02
1.000000000000000000e+07, 4.368000000000000355e-03, 3.120000000000000107e+00, 4.939999999999999947e-02, 7.346000000000000085e+00, 7.049999999999999323e-02
1.100000000000000000e+07, 3.609999999999999928e-03, 2.910000000000000142e+00, 4.413999999999999868e-02, 7.831000000000000405e+00, 7.928000000000000325e-02
1.200000000000000000e+07, 3.033999999999999805e-03, 2.729000000000000092e+00, 3.987999999999999878e-02, 8.281000000000000583e+00, 8.755999999999999894e-02
1.300000000000000000e+07, 2.585000000000000058e-03, 2.571000000000000174e+00, 3.636000000000000343e-02, 8.701000000000000512e+00, 9.535000000000000420e-02
1.400000000000000000e+07, 2.229000000000000078e-03, 2.431999999999999940e+00, 3.339999999999999913e-02, 9.089999999999999858e+00, 1.028000000000000025e-01
1.500000000000000000e+07, 1.941999999999999933e-03, 2.309000000000000163e+00, 3.088000000000000120e-02, 9.451000000000000512e+00, 1.097999999999999948e-01
1.600000000000000000e+07, 1.706999999999999967e-03, 2.198999999999999844e+00, 2.870999999999999941e-02, 9.785999999999999588e+00, 1.164000000000000035e-01
1.800000000000000000e+07, 1.348000000000000023e-03, 2.009999999999999787e+00, 2.517000000000000140e-02, 1.039000000000000057e+01, 1.287000000000000088e-01
2.000000000000000000e+07, 1.092000000000000089e-03, 1.854000000000000092e+00, 2.239999999999999977e-02, 1.092999999999999972e+01, 1.398999999999999966e-01
2.200000000000000000e+07, 9.026999999999999868e-04, 1.721999999999999975e+00, 2.018000000000000002e-02, 1.142999999999999972e+01, 1.501000000000000112e-01
2.400000000000000000e+07, 7.584999999999999512e-04, 1.608999999999999986e+00, 1.835000000000000173e-02, 1.186999999999999922e+01, 1.595000000000000029e-01
2.600000000000000000e+07, 6.463000000000000429e-04, 1.510999999999999899e+00, 1.683000000000000121e-02, 1.227999999999999936e+01, 1.681999999999999884e-01
2.800000000000000000e+07, 5.573000000000000479e-04, 1.425000000000000044e+00, 1.553999999999999999e-02, 1.265000000000000036e+01, 1.761999999999999955e-01
3.000000000000000000e+07, 4.853999999999999808e-04, 1.350000000000000089e+00, 1.443000000000000012e-02, 1.300000000000000000e+01, 1.837000000000000022e-01
4.000000000000000000e+07, 2.731000000000000246e-04, 1.072000000000000064e+00, 1.063000000000000056e-02, 1.440000000000000036e+01, 2.144999999999999962e-01
5.000000000000000000e+07, 1.747999999999999934e-04, 8.951000000000000068e-01, 8.416999999999999135e-03, 1.543999999999999950e+01, 2.376999999999999946e-01
6.000000000000000000e+07, 1.213999999999999964e-04, 7.712999999999999856e-01, 6.963999999999999704e-03, 1.625000000000000000e+01, 2.560999999999999943e-01
8.000000000000000000e+07, 6.826000000000000036e-05, 6.082999999999999519e-01, 5.176000000000000045e-03, 1.744999999999999929e+01, 2.837999999999999967e-01
1.000000000000000000e+08, 4.368999999999999674e-05, 5.049000000000000155e-01, 4.119000000000000265e-03, 1.830000000000000071e+01, 3.038000000000000145e-01
1.500000000000000000e+08, 1.942000000000000041e-05, 3.594999999999999862e-01, 2.726000000000000124e-03, 1.964000000000000057e+01, 3.368999999999999773e-01
2.000000000000000000e+08, 1.092000000000000048e-05, 2.818999999999999839e-01, 2.037000000000000182e-03, 2.044999999999999929e+01, 3.575999999999999734e-01
3.000000000000000000e+08, 4.853999999999999605e-06, 1.998000000000000054e-01, 1.353000000000000036e-03, 2.137999999999999901e+01, 3.829000000000000181e-01
4.000000000000000000e+08, 2.730000000000000120e-06, 1.565000000000000002e-01, 1.013000000000000012e-03, 2.192000000000000171e+01, 3.981000000000000094e-01
5.000000000000000000e+08, 1.748000000000000035e-06, 1.295000000000000040e-01, 8.094000000000000500e-04, 2.228000000000000114e+01, 4.084999999999999742e-01
6.000000000000000000e+08, 1.213999999999999939e-06, 1.108999999999999986e-01, 6.740000000000000114e-04, 2.253000000000000114e+01, 4.161000000000000254e-01
8.000000000000000000e+08, 6.826000000000000375e-07, 8.662000000000000255e-02, 5.050000000000000235e-04, 2.287000000000000099e+01, 4.265999999999999792e-01
1.000000000000000000e+09, 4.369000000000000013e-07, 7.126000000000000389e-02, 4.038000000000000031e-04, 2.308999999999999986e+01, 4.335999999999999854e-01
1.500000000000000000e+09, 1.942000000000000052e-07, 4.977000000000000174e-02, 2.689999999999999791e-04, 2.339999999999999858e+01, 4.440999999999999948e-01
2.000000000000000000e+09, 1.091999999999999984e-07, 3.851999999999999869e-02, 2.016999999999999967e-04, 2.357999999999999829e+01, 4.501000000000000001e-01
3.000000000000000000e+09, 4.854000000000000319e-08, 2.678000000000000172e-02, 1.343999999999999871e-04, 2.376000000000000156e+01, 4.566999999999999948e-01
4.000000000000000000e+09, 2.729999999999999961e-08, 2.067000000000000087e-02, 1.007999999999999971e-04, 2.385999999999999943e+01, 4.606000000000000094e-01
5.000000000000000000e+09, 1.747999999999999837e-08, 1.689999999999999836e-02, 8.061000000000000240e-05, 2.392999999999999972e+01, 4.628999999999999782e-01
6.000000000000000000e+09, 1.213999999999999985e-08, 1.433000000000000072e-02, 6.716999999999999555e-05, 2.396999999999999886e+01, 4.646000000000000130e-01
8.000000000000000000e+09, 6.826000000000000210e-09, 1.103999999999999947e-02, 5.037000000000000055e-05, 2.403000000000000114e+01, 4.667999999999999927e-01
1.000000000000000000e+10, 4.369000000000000112e-09, 9.015999999999999709e-03, 4.029999999999999701e-05, 2.405999999999999872e+01, 4.682000000000000051e-01
1.500000000000000000e+10, 1.942000000000000118e-09, 6.231000000000000427e-03, 2.686000000000000033e-05, 2.412000000000000099e+01, 4.702000000000000068e-01
2.000000000000000000e+10, 1.091999999999999951e-09, 4.789999999999999987e-03, 2.014999999999999851e-05, 2.414000000000000057e+01, 4.712999999999999967e-01
3.000000000000000000e+10, 4.853999999999999988e-10, 3.304000000000000079e-03, 1.343000000000000017e-05, 2.417000000000000171e+01, 4.722999999999999976e-01
4.000000000000000000e+10, 2.729999999999999878e-10, 2.536000000000000060e-03, 1.007000000000000015e-05, 2.417999999999999972e+01, 4.731000000000000205e-01
5.000000000000000000e+10, 1.748000000000000064e-10, 2.064999999999999995e-03, 8.057999999999999760e-06, 2.419000000000000128e+01, 4.734999999999999765e-01
6.000000000000000000e+10, 1.213999999999999892e-10, 1.745999999999999939e-03, 6.715000000000000083e-06, 2.419999999999999929e+01, 4.737000000000000099e-01
8.000000000000000000e+10, 6.826000000000000520e-11, 1.338999999999999913e-03, 5.035999999999999726e-06, 2.421000000000000085e+01, 4.739999999999999769e-01
1.000000000000000000e+11, 4.368999999999999983e-11, 1.088999999999999907e-03, 4.028999999999999880e-06, 2.421000000000000085e+01, 4.742000000000000104e-01
