1.000000000000000000e+03, 3.868000000000000114e+02, 8.426000000000000156e-01, 7.379000000000000000e+05, 0.000000000000000000e+00, 0.000000000000000000e+00
1.500000000000000000e+03, 3.601999999999999886e+02, 1.451000000000000068e+00, 2.718000000000000000e+05, 0.000000000000000000e+00, 0.000000000000000000e+00
2.000000000000000000e+03, 3.326000000000000227e+02, 1.997999999999999998e+00, 1.293000000000000000e+05, 0.000000000000000000e+00, 0.000000000000000000e+00
3.000000000000000000e+03, 2.820000000000000000e+02, 2.988999999999999879e+00, 4.397000000000000000e+04, 0.000000000000000000e+00, 0.000000000000000000e+00
4.000000000000000000e+03, 2.384000000000000057e+02, 3.903999999999999915e+00, 2.009000000000000000e+04, 0.000000000000000000e+00, 0.000000000000000000e+00
5.000000000000000000e+03, 2.019000000000000057e+02, 4.735999999999999766e+00, 1.085000000000000000e+04, 0.000000000000000000e+00, 0.000000000000000000e+00
6.000000000000000000e+03, 1.719000000000000057e+02, 5.485999999999999766e+00, 6.528000000000000000e+03, 0.000000000000000000e+00, 0.000000000000000000e+00
8.000000000000000000e+03, 1.284000000000000057e+02, 6.764000000000000234e+00, 2.481000000000000000e+04, 0.000000000000000000e+00, 0.000000000000000000e+00
1.000000000000000000e+04, 1.002999999999999972e+02, 7.775000000000000355e+00, 1.370000000000000000e+04, 0.000000000000000000e+00, 0.000000000000000000e+00
1.500000000000000000e+04, 6.275000000000000000e+01, 9.455000000000000071e+00, 4.514000000000000000e+03, 0.000000000000000000e+00, 0.000000000000000000e+00
2.000000000000000000e+04, 4.346000000000000085e+01, 1.047000000000000064e+01, 2.001000000000000000e+03, 0.000000000000000000e+00, 0.000000000000000000e+00
3.000000000000000000e+04, 2.383999999999999986e+01, 1.156000000000000050e+01, 6.161000000000000227e+02, 0.000000000000000000e+00, 0.000000000000000000e+00
4.000000000000000000e+04, 1.502999999999999936e+01, 1.200000000000000000e+01, 2.621000000000000227e+02, 0.000000000000000000e+00, 0.000000000000000000e+00
5.000000000000000000e+04, 1.042999999999999972e+01, 1.213000000000000078e+01, 1.338000000000000114e+02, 0.000000000000000000e+00, 0.000000000000000000e+00
6.000000000000000000e+04, 7.695000000000000284e+00, 1.213000000000000078e+01, 7.684999999999999432e+01, 0.000000000000000000e+00, 0.000000000000000000e+00
8.000000000000000000e+04, 4.693999999999999950e+00, 1.191000000000000014e+01, 3.180000000000000071e+01, 0.000000000000000000e+00, 0.000000000000000000e+00
1.000000000000000000e+05, 3.150999999999999801e+00, 1.158999999999999986e+01, 1.597000000000000064e+01, 0.000000000000000000e+00, 0.000000000000000000e+00
1.500000000000000000e+05, 1.487999999999999989e+00, 1.072000000000000064e+01, 4.562999999999999723e+00, 0.000000000000000000e+00, 0.000000000000000000e+00
2.000000000000000000e+05, 8.622999999999999554e-01, 9.939999999999999503e+00, 1.889000000000000012e+00, 0.000000000000000000e+00, 0.000000000000000000e+00
3.000000000000000000e+05, 3.942999999999999838e-01, 8.733000000000000540e+00, 5.625999999999999890e-01, 0.000000000000000000e+00, 0.000000000000000000e+00
4.000000000000000000e+05, 2.245999999999999941e-01, 7.858999999999999986e+00, 2.480999999999999872e-01, 0.000000000000000000e+00, 0.000000000000000000e+00
5.000000000000000000e+05, 1.446000000000000063e-01, 7.192999999999999616e+00, 1.360999999999999988e-01, 0.000000000000000000e+00, 0.000000000000000000e+00
6.000000000000000000e+05, 1.008000000000000007e-01, 6.663999999999999702e+00, 8.562000000000000166e-02, 0.000000000000000000e+00, 0.000000000000000000e+00
8.000000000000000000e+05, 5.691999999999999837e-02, 5.863000000000000433e+00, 4.358999999999999680e-02, 0.000000000000000000e+00, 0.000000000000000000e+00
1.000000000000000000e+06, 3.649999999999999772e-02, 5.275000000000000355e+00, 2.711999999999999827e-02, 0.000000000000000000e+00, 0.000000000000000000e+00
1.022000000000000000e+06, 3.495000000000000190e-02, 5.219999999999999751e+00, 2.572999999999999940e-02, 0.000000000000000000e+00, 0.000000000000000000e+00
1.250000000000000000e+06, 2.339000000000000107e-02, 4.719000000000000306e+00, 1.739999999999999880e-02, 5.947000000000000029e-03, 0.000000000000000000e+00
1.500000000000000000e+06, 1.625000000000000056e-02, 4.291000000000000369e+00, 1.255000000000000039e-02, 3.042999999999999872e-02, 0.000000000000000000e+00
2.000000000000000000e+06, 9.145999999999999616e-03, 3.662999999999999812e+00, 7.747999999999999679e-03, 1.165999999999999953e-01, 0.000000000000000000e+00
2.044000000000000000e+06, 8.756999999999999160e-03, 3.616999999999999993e+00, 7.484000000000000201e-03, 1.255000000000000004e-01, 0.000000000000000000e+00
3.000000000000000000e+06, 4.067000000000000302e-03, 2.882000000000000117e+00, 4.211000000000000333e-03, 3.235000000000000098e-01, 1.008999999999999914e-03
4.000000000000000000e+06, 2.288000000000000103e-03, 2.404999999999999805e+00, 2.838999999999999944e-03, 5.172999999999999821e-01, 4.118000000000000133e-03
5.000000000000000000e+06, 1.464000000000000024e-03, 2.076999999999999957e+00, 2.126999999999999984e-03, 6.886999999999999789e-01, 8.203000000000000222e-03
6.000000000000000000e+06, 1.016999999999999892e-03, 1.836000000000000076e+00, 1.694999999999999892e-03, 8.414000000000000368e-01, 1.259000000000000050e-02
7.000000000000000000e+06, 7.471999999999999476e-04, 1.649999999999999911e+00, 1.405999999999999915e-03, 9.770999999999999686e-01, 1.696999999999999897e-02
8.000000000000000000e+06, 5.720999999999999740e-04, 1.500999999999999890e+00, 1.199999999999999895e-03, 1.098999999999999977e+00, 2.121999999999999928e-02
9.000000000000000000e+06, 4.519999999999999821e-04, 1.379999999999999893e+00, 1.046000000000000055e-03, 1.209999999999999964e+00, 2.528999999999999998e-02
1.000000000000000000e+07, 3.661000000000000083e-04, 1.278999999999999915e+00, 9.269000000000000329e-04, 1.310000000000000053e+00, 2.915999999999999842e-02
1.100000000000000000e+07, 3.025999999999999827e-04, 1.193000000000000060e+00, 8.318000000000000524e-04, 1.401000000000000023e+00, 3.282999999999999807e-02
1.200000000000000000e+07, 2.543000000000000013e-04, 1.118999999999999995e+00, 7.542000000000000093e-04, 1.483999999999999986e+00, 3.629000000000000281e-02
1.300000000000000000e+07, 2.167000000000000089e-04, 1.054000000000000048e+00, 6.897999999999999618e-04, 1.560999999999999943e+00, 3.955999999999999794e-02
1.400000000000000000e+07, 1.867999999999999869e-04, 9.969999999999999973e-01, 6.354000000000000490e-04, 1.633000000000000007e+00, 4.266999999999999960e-02
1.500000000000000000e+07, 1.626999999999999974e-04, 9.465000000000000080e-01, 5.888999999999999487e-04, 1.699000000000000066e+00, 4.562999999999999695e-02
1.600000000000000000e+07, 1.430000000000000064e-04, 9.013999999999999790e-01, 5.488000000000000040e-04, 1.762000000000000011e+00, 4.843999999999999695e-02
1.800000000000000000e+07, 1.129999999999999955e-04, 8.237999999999999767e-01, 4.828000000000000260e-04, 1.877000000000000002e+00, 5.365000000000000324e-02
2.000000000000000000e+07, 9.153999999999999431e-05, 7.597000000000000419e-01, 4.310000000000000137e-04, 1.979999999999999982e+00, 5.840999999999999664e-02
2.200000000000000000e+07, 7.564999999999999568e-05, 7.056999999999999940e-01, 3.891999999999999735e-04, 2.072000000000000064e+00, 6.278000000000000247e-02
2.400000000000000000e+07, 6.357000000000000291e-05, 6.593999999999999861e-01, 3.547000000000000023e-04, 2.157000000000000028e+00, 6.680999999999999439e-02
2.600000000000000000e+07, 5.416000000000000322e-05, 6.191999999999999726e-01, 3.259000000000000070e-04, 2.233999999999999986e+00, 7.052999999999999547e-02
2.800000000000000000e+07, 4.669999999999999672e-05, 5.840999999999999526e-01, 3.013000000000000053e-04, 2.305000000000000160e+00, 7.399999999999999634e-02
3.000000000000000000e+07, 4.067999999999999676e-05, 5.531000000000000361e-01, 2.801999999999999803e-04, 2.370999999999999996e+00, 7.722999999999999310e-02
4.000000000000000000e+07, 2.288000000000000117e-05, 4.395000000000000018e-01, 2.075000000000000022e-04, 2.637999999999999901e+00, 9.070999999999999897e-02
5.000000000000000000e+07, 1.465000000000000034e-05, 3.669000000000000039e-01, 1.647999999999999942e-04, 2.838999999999999968e+00, 1.010999999999999954e-01
6.000000000000000000e+07, 1.016999999999999919e-05, 3.160999999999999921e-01, 1.366000000000000135e-04, 2.995000000000000107e+00, 1.092999999999999944e-01
8.000000000000000000e+07, 5.720999999999999943e-06, 2.492999999999999938e-01, 1.017999999999999943e-04, 3.228000000000000203e+00, 1.218999999999999945e-01
1.000000000000000000e+08, 3.661000000000000185e-06, 2.069000000000000006e-01, 8.111000000000000100e-05, 3.395000000000000018e+00, 1.312000000000000111e-01
1.500000000000000000e+08, 1.627000000000000050e-06, 1.472999999999999865e-01, 5.379999999999999989e-05, 3.664000000000000146e+00, 1.468000000000000138e-01
2.000000000000000000e+08, 9.153000000000000500e-07, 1.155000000000000054e-01, 4.024000000000000097e-05, 3.826999999999999957e+00, 1.567999999999999949e-01
3.000000000000000000e+08, 4.068000000000000163e-07, 8.189000000000000445e-02, 2.676000000000000129e-05, 4.017999999999999794e+00, 1.691000000000000003e-01
4.000000000000000000e+08, 2.288000000000000106e-07, 6.413000000000000644e-02, 2.004000000000000125e-05, 4.128999999999999559e+00, 1.766000000000000070e-01
5.000000000000000000e+08, 1.464999999999999950e-07, 5.308999999999999830e-02, 1.601999999999999908e-05, 4.201999999999999957e+00, 1.817999999999999894e-01
6.000000000000000000e+08, 1.017000000000000041e-07, 4.544999999999999735e-02, 1.333999999999999933e-05, 4.253999999999999559e+00, 1.855999999999999872e-01
8.000000000000000000e+08, 5.721000000000000076e-08, 3.549999999999999684e-02, 1.000000000000000082e-05, 4.323999999999999844e+00, 1.910000000000000031e-01
1.000000000000000000e+09, 3.661000000000000158e-08, 2.920999999999999985e-02, 7.998000000000000335e-06, 4.370000000000000107e+00, 1.945000000000000062e-01
1.500000000000000000e+09, 1.626999999999999944e-08, 2.040000000000000147e-02, 5.329000000000000139e-06, 4.435999999999999943e+00, 1.998999999999999944e-01
2.000000000000000000e+09, 9.152999999999999308e-09, 1.578999999999999848e-02, 3.996000000000000366e-06, 4.472000000000000419e+00, 2.030000000000000138e-01
3.000000000000000000e+09, 4.067999999999999601e-09, 1.098000000000000018e-02, 2.663000000000000169e-06, 4.511000000000000121e+00, 2.063000000000000111e-01
4.000000000000000000e+09, 2.287999999999999957e-09, 8.472999999999999629e-03, 1.997000000000000108e-06, 4.532000000000000028e+00, 2.083000000000000129e-01
5.000000000000000000e+09, 1.465000000000000007e-09, 6.926999999999999998e-03, 1.597999999999999989e-06, 4.544999999999999929e+00, 2.094999999999999918e-01
6.000000000000000000e+09, 1.016999999999999900e-09, 5.873999999999999881e-03, 1.331000000000000047e-06, 4.554000000000000270e+00, 2.104000000000000037e-01
8.000000000000000000e+09, 5.721000000000000200e-10, 4.525999999999999641e-03, 9.984000000000000463e-07, 4.565999999999999837e+00, 2.114999999999999936e-01
1.000000000000000000e+10, 3.661000000000000076e-10, 3.694999999999999934e-03, 7.985999999999999645e-07, 4.573999999999999844e+00, 2.122999999999999887e-01
1.500000000000000000e+10, 1.626999999999999913e-10, 2.553999999999999847e-03, 5.323999999999999763e-07, 4.583999999999999631e+00, 2.132999999999999896e-01
2.000000000000000000e+10, 9.153000000000000601e-11, 1.962999999999999901e-03, 3.992999999999999822e-07, 4.589999999999999858e+00, 2.139000000000000068e-01
3.000000000000000000e+10, 4.068000000000000195e-11, 1.353999999999999952e-03, 2.661999999999999882e-07, 4.596000000000000085e+00, 2.144000000000000072e-01
4.000000000000000000e+10, 2.287999999999999944e-11, 1.038999999999999993e-03, 1.995999999999999874e-07, 4.599000000000000199e+00, 2.147999999999999909e-01
5.000000000000000000e+10, 1.464999999999999917e-11, 8.465000000000000302e-04, 1.597000000000000073e-07, 4.600999999999999979e+00, 2.149999999999999967e-01
6.000000000000000000e+10, 1.017000000000000049e-11, 7.154999999999999902e-04, 1.330999999999999941e-07, 4.602000000000000313e+00, 2.151000000000000134e-01
8.000000000000000000e+10, 5.721000000000000361e-12, 5.486999999999999473e-04, 9.982000000000000313e-08, 4.604000000000000092e+00, 2.152999999999999914e-01
1.000000000000000000e+11, 3.660999999999999849e-12, 4.464000000000000086e-04, 7.985000000000000364e-08, 4.605000000000000426e+00, 2.154000000000000081e-01
