1.000000000000000000e+03, 2.015000000000000000e+03, 1.588000000000000078e+00, 2.094000000000000000e+06, 0.000000000000000000e+00, 0.000000000000000000e+00
1.500000000000000000e+03, 1.892000000000000000e+03, 2.560999999999999943e+00, 1.099000000000000000e+06, 0.000000000000000000e+00, 0.000000000000000000e+00
2.000000000000000000e+03, 1.770000000000000000e+03, 3.487999999999999989e+00, 5.666000000000000000e+05, 0.000000000000000000e+00, 0.000000000000000000e+00
3.000000000000000000e+03, 1.543000000000000000e+03, 5.253999999999999559e+00, 2.122000000000000000e+05, 0.000000000000000000e+00, 0.000000000000000000e+00
4.000000000000000000e+03, 1.348000000000000000e+03, 6.879999999999999893e+00, 1.031000000000000000e+05, 0.000000000000000000e+00, 0.000000000000000000e+00
5.000000000000000000e+03, 1.184000000000000000e+03, 8.337999999999999190e+00, 5.828000000000000000e+04, 0.000000000000000000e+00, 0.000000000000000000e+00
6.000000000000000000e+03, 1.049000000000000000e+03, 9.608000000000000540e+00, 1.447000000000000000e+05, 0.000000000000000000e+00, 0.000000000000000000e+00
8.000000000000000000e+03, 8.391000000000000227e+02, 1.172000000000000064e+01, 8.054000000000000000e+04, 0.000000000000000000e+00, 0.000000000000000000e+00
1.000000000000000000e+04, 6.850000000000000000e+02, 1.350000000000000000e+01, 4.468000000000000000e+04, 0.000000000000000000e+00, 0.000000000000000000e+00
1.500000000000000000e+04, 4.503999999999999773e+02, 1.700000000000000000e+01, 1.506000000000000000e+04, 0.000000000000000000e+00, 0.000000000000000000e+00
2.000000000000000000e+04, 3.238000000000000114e+02, 1.939999999999999858e+01, 6.850000000000000000e+03, 0.000000000000000000e+00, 0.000000000000000000e+00
3.000000000000000000e+04, 1.871999999999999886e+02, 2.221999999999999886e+01, 2.218000000000000000e+03, 0.000000000000000000e+00, 0.000000000000000000e+00
4.000000000000000000e+04, 1.217999999999999972e+02, 2.371000000000000085e+01, 5.802000000000000000e+03, 0.000000000000000000e+00, 0.000000000000000000e+00
5.000000000000000000e+04, 8.665000000000000568e+01, 2.451000000000000156e+01, 3.227000000000000000e+03, 0.000000000000000000e+00, 0.000000000000000000e+00
6.000000000000000000e+04, 6.498000000000000398e+01, 2.492000000000000171e+01, 1.977000000000000000e+03, 0.000000000000000000e+00, 0.000000000000000000e+00
8.000000000000000000e+04, 4.022999999999999687e+01, 2.507000000000000028e+01, 8.981000000000000227e+02, 0.000000000000000000e+00, 0.000000000000000000e+00
1.000000000000000000e+05, 2.728999999999999915e+01, 2.476000000000000156e+01, 4.820000000000000000e+02, 0.000000000000000000e+00, 0.000000000000000000e+00
1.500000000000000000e+05, 1.328999999999999915e+01, 2.337000000000000099e+01, 1.534000000000000057e+02, 0.000000000000000000e+00, 0.000000000000000000e+00
2.000000000000000000e+05, 7.878999999999999559e+00, 2.192000000000000171e+01, 6.798000000000000398e+01, 0.000000000000000000e+00, 0.000000000000000000e+00
3.000000000000000000e+05, 3.689999999999999947e+00, 1.951000000000000156e+01, 2.203000000000000114e+01, 0.000000000000000000e+00, 0.000000000000000000e+00
4.000000000000000000e+05, 2.128000000000000114e+00, 1.767000000000000171e+01, 1.022000000000000064e+01, 0.000000000000000000e+00, 0.000000000000000000e+00
5.000000000000000000e+05, 1.383000000000000007e+00, 1.623999999999999844e+01, 5.788999999999999702e+00, 0.000000000000000000e+00, 0.000000000000000000e+00
6.000000000000000000e+05, 9.695000000000000284e-01, 1.508000000000000007e+01, 3.717999999999999972e+00, 0.000000000000000000e+00, 0.000000000000000000e+00
8.000000000000000000e+05, 5.516999999999999682e-01, 1.330000000000000071e+01, 1.931999999999999940e+00, 0.000000000000000000e+00, 0.000000000000000000e+00
1.000000000000000000e+06, 3.552000000000000157e-01, 1.199000000000000021e+01, 1.207999999999999963e+00, 0.000000000000000000e+00, 0.000000000000000000e+00
1.022000000000000000e+06, 3.402999999999999914e-01, 1.185999999999999943e+01, 1.155000000000000027e+00, 0.000000000000000000e+00, 0.000000000000000000e+00
1.250000000000000000e+06, 2.283999999999999919e-01, 1.073000000000000043e+01, 7.791000000000000147e-01, 4.830999999999999878e-02, 0.000000000000000000e+00
1.500000000000000000e+06, 1.590000000000000024e-01, 9.763999999999999346e+00, 5.572000000000000286e-01, 2.232000000000000095e-01, 0.000000000000000000e+00
2.000000000000000000e+06, 8.964999999999999358e-02, 8.339999999999999858e+00, 3.387000000000000011e-01, 7.390999999999999792e-01, 0.000000000000000000e+00
2.044000000000000000e+06, 8.584999999999999576e-02, 8.237999999999999545e+00, 3.266999999999999904e-01, 7.885999999999999677e-01, 0.000000000000000000e+00
3.000000000000000000e+06, 3.991999999999999715e-02, 6.567000000000000171e+00, 1.791999999999999982e-01, 1.830999999999999961e+00, 2.295999999999999864e-03
4.000000000000000000e+06, 2.247000000000000039e-02, 5.479000000000000092e+00, 1.184000000000000052e-01, 2.781000000000000139e+00, 9.365000000000000061e-03
5.000000000000000000e+06, 1.439000000000000001e-02, 4.732999999999999652e+00, 8.744999999999999996e-02, 3.599000000000000199e+00, 1.864000000000000032e-02
6.000000000000000000e+06, 9.993000000000000146e-03, 4.184000000000000163e+00, 6.893000000000000516e-02, 4.302999999999999936e+00, 2.859000000000000083e-02
7.000000000000000000e+06, 7.342999999999999701e-03, 3.761000000000000121e+00, 5.671000000000000346e-02, 4.926999999999999602e+00, 3.849000000000000338e-02
8.000000000000000000e+06, 5.622000000000000261e-03, 3.423000000000000043e+00, 4.807999999999999774e-02, 5.488000000000000433e+00, 4.807999999999999774e-02
9.000000000000000000e+06, 4.441999999999999768e-03, 3.145999999999999908e+00, 4.168999999999999789e-02, 5.998000000000000220e+00, 5.723999999999999921e-02
1.000000000000000000e+07, 3.598000000000000070e-03, 2.915000000000000036e+00, 3.676000000000000101e-02, 6.464999999999999858e+00, 6.593999999999999861e-02
1.100000000000000000e+07, 2.974000000000000081e-03, 2.718999999999999861e+00, 3.286000000000000032e-02, 6.895999999999999908e+00, 7.416999999999999982e-02
1.200000000000000000e+07, 2.498999999999999919e-03, 2.549999999999999822e+00, 2.970000000000000070e-02, 7.296000000000000263e+00, 8.192000000000000670e-02
1.300000000000000000e+07, 2.128999999999999816e-03, 2.402000000000000135e+00, 2.707999999999999990e-02, 7.668999999999999595e+00, 8.920999999999999763e-02
1.400000000000000000e+07, 1.835999999999999958e-03, 2.273000000000000131e+00, 2.488999999999999893e-02, 8.012999999999999901e+00, 9.615999999999999548e-02
1.500000000000000000e+07, 1.598999999999999944e-03, 2.157999999999999918e+00, 2.301999999999999880e-02, 8.332000000000000739e+00, 1.026999999999999996e-01
1.600000000000000000e+07, 1.405999999999999915e-03, 2.055000000000000160e+00, 2.140999999999999848e-02, 8.627000000000000668e+00, 1.089999999999999997e-01
1.800000000000000000e+07, 1.111000000000000008e-03, 1.877999999999999892e+00, 1.876999999999999849e-02, 9.163000000000000256e+00, 1.204999999999999960e-01
2.000000000000000000e+07, 8.997000000000000223e-04, 1.731999999999999984e+00, 1.670999999999999916e-02, 9.643000000000000682e+00, 1.310000000000000053e-01
2.200000000000000000e+07, 7.435999999999999685e-04, 1.608999999999999986e+00, 1.504999999999999914e-02, 1.008000000000000007e+01, 1.406000000000000028e-01
2.400000000000000000e+07, 6.248000000000000081e-04, 1.502999999999999892e+00, 1.370000000000000037e-02, 1.048000000000000043e+01, 1.494000000000000050e-01
2.600000000000000000e+07, 5.324000000000000390e-04, 1.411999999999999922e+00, 1.255999999999999998e-02, 1.083999999999999986e+01, 1.575000000000000011e-01
2.800000000000000000e+07, 4.589999999999999896e-04, 1.332000000000000073e+00, 1.159999999999999920e-02, 1.116999999999999993e+01, 1.650000000000000078e-01
3.000000000000000000e+07, 3.999000000000000167e-04, 1.260999999999999899e+00, 1.077000000000000006e-02, 1.147000000000000064e+01, 1.719999999999999862e-01
4.000000000000000000e+07, 2.248999999999999914e-04, 1.002000000000000002e+00, 7.943000000000000407e-03, 1.271000000000000085e+01, 2.010000000000000120e-01
5.000000000000000000e+07, 1.439000000000000012e-04, 8.364000000000000323e-01, 6.289000000000000319e-03, 1.363000000000000078e+01, 2.228999999999999870e-01
6.000000000000000000e+07, 9.997000000000000677e-05, 7.207000000000000073e-01, 5.204000000000000292e-03, 1.434999999999999964e+01, 2.403000000000000136e-01
8.000000000000000000e+07, 5.623000000000000204e-05, 5.684000000000000163e-01, 3.869000000000000043e-03, 1.541000000000000014e+01, 2.664000000000000257e-01
1.000000000000000000e+08, 3.598999999999999931e-05, 4.717999999999999972e-01, 3.079000000000000140e-03, 1.616000000000000014e+01, 2.853999999999999870e-01
1.500000000000000000e+08, 1.599000000000000107e-05, 3.360000000000000209e-01, 2.037999999999999881e-03, 1.735000000000000142e+01, 3.169000000000000150e-01
2.000000000000000000e+08, 8.997000000000000426e-06, 2.634000000000000230e-01, 1.523000000000000048e-03, 1.807000000000000028e+01, 3.366999999999999993e-01
3.000000000000000000e+08, 3.999000000000000167e-06, 1.867000000000000048e-01, 1.012000000000000096e-03, 1.889999999999999858e+01, 3.608999999999999986e-01
4.000000000000000000e+08, 2.248999999999999982e-06, 1.461999999999999966e-01, 7.575000000000000353e-04, 1.937999999999999901e+01, 3.755000000000000004e-01
5.000000000000000000e+08, 1.438999999999999902e-06, 1.209999999999999964e-01, 6.053999999999999703e-04, 1.969999999999999929e+01, 3.855999999999999983e-01
6.000000000000000000e+08, 9.995999999999999247e-07, 1.035999999999999976e-01, 5.040999999999999474e-04, 1.992000000000000171e+01, 3.930000000000000160e-01
8.000000000000000000e+08, 5.622999999999999992e-07, 8.093999999999999806e-02, 3.777000000000000192e-04, 2.021999999999999886e+01, 4.032000000000000028e-01
1.000000000000000000e+09, 3.598999999999999868e-07, 6.658999999999999642e-02, 3.020000000000000223e-04, 2.042000000000000171e+01, 4.099999999999999756e-01
1.500000000000000000e+09, 1.598999999999999958e-07, 4.649999999999999967e-02, 2.012000000000000116e-04, 2.069999999999999929e+01, 4.203000000000000069e-01
2.000000000000000000e+09, 8.997000000000000426e-08, 3.599000000000000116e-02, 1.509000000000000087e-04, 2.085000000000000142e+01, 4.260999999999999788e-01
3.000000000000000000e+09, 3.999000000000000273e-08, 2.503000000000000017e-02, 1.005000000000000034e-04, 2.101999999999999957e+01, 4.325999999999999845e-01
4.000000000000000000e+09, 2.249000000000000154e-08, 1.932000000000000037e-02, 7.537999999999999996e-05, 2.110999999999999943e+01, 4.364000000000000101e-01
5.000000000000000000e+09, 1.439000000000000015e-08, 1.578999999999999848e-02, 6.030000000000000204e-05, 2.117000000000000171e+01, 4.386999999999999789e-01
6.000000000000000000e+09, 9.996000000000000637e-09, 1.339000000000000086e-02, 5.025000000000000170e-05, 2.121000000000000085e+01, 4.404000000000000137e-01
8.000000000000000000e+09, 5.623000000000000125e-09, 1.031999999999999931e-02, 3.767999999999999838e-05, 2.126000000000000156e+01, 4.425999999999999934e-01
1.000000000000000000e+10, 3.599000000000000083e-09, 8.425000000000000197e-03, 3.013999999999999942e-05, 2.128999999999999915e+01, 4.440000000000000058e-01
1.500000000000000000e+10, 1.598999999999999958e-09, 5.821999999999999918e-03, 2.008999999999999908e-05, 2.133999999999999986e+01, 4.457999999999999741e-01
2.000000000000000000e+10, 8.997000000000000054e-10, 4.475999999999999944e-03, 1.506999999999999971e-05, 2.135999999999999943e+01, 4.470000000000000084e-01
3.000000000000000000e+10, 3.998999999999999839e-10, 3.086999999999999900e-03, 1.005000000000000034e-05, 2.139000000000000057e+01, 4.480000000000000093e-01
4.000000000000000000e+10, 2.248999999999999937e-10, 2.370000000000000145e-03, 7.534999999999999855e-06, 2.139999999999999858e+01, 4.486999999999999877e-01
5.000000000000000000e+10, 1.438999999999999890e-10, 1.930000000000000075e-03, 6.027999999999999715e-06, 2.141000000000000014e+01, 4.490999999999999992e-01
6.000000000000000000e+10, 9.995999999999999654e-11, 1.631000000000000071e-03, 5.023000000000000019e-06, 2.141000000000000014e+01, 4.494000000000000217e-01
8.000000000000000000e+10, 5.623000000000000254e-11, 1.250999999999999942e-03, 3.767000000000000102e-06, 2.142000000000000171e+01, 4.496999999999999886e-01
1.000000000000000000e+11, 3.599000000000000316e-11, 1.018000000000000025e-03, 3.013999999999999857e-06, 2.142000000000000171e+01, 4.499000000000000221e-01
