1.000000000000000000e+03, 3.233000000000000114e+02, 9.062000000000000055e-01, 5.491000000000000000e+05, 0.000000000000000000e+00, 0.000000000000000000e+00
1.500000000000000000e+03, 2.981000000000000227e+02, 1.520000000000000018e+00, 1.978000000000000000e+05, 0.000000000000000000e+00, 0.000000000000000000e+00
2.000000000000000000e+03, 2.731999999999999886e+02, 2.059000000000000163e+00, 9.328000000000000000e+04, 0.000000000000000000e+00, 0.000000000000000000e+00
3.000000000000000000e+03, 2.289000000000000057e+02, 3.040999999999999925e+00, 3.143000000000000000e+04, 0.000000000000000000e+00, 0.000000000000000000e+00
4.000000000000000000e+03, 1.920000000000000000e+02, 3.935999999999999943e+00, 1.429000000000000000e+04, 0.000000000000000000e+00, 0.000000000000000000e+00
5.000000000000000000e+03, 1.616999999999999886e+02, 4.733999999999999986e+00, 7.693000000000000000e+03, 0.000000000000000000e+00, 0.000000000000000000e+00
6.000000000000000000e+03, 1.374000000000000057e+02, 5.442000000000000171e+00, 3.951000000000000000e+04, 0.000000000000000000e+00, 0.000000000000000000e+00
8.000000000000000000e+03, 1.030000000000000000e+02, 6.610000000000000320e+00, 1.864000000000000000e+04, 0.000000000000000000e+00, 0.000000000000000000e+00
1.000000000000000000e+04, 8.126000000000000512e+01, 7.496999999999999886e+00, 1.021000000000000000e+04, 0.000000000000000000e+00, 0.000000000000000000e+00
1.500000000000000000e+04, 5.150000000000000000e+01, 8.949999999999999289e+00, 3.308000000000000000e+03, 0.000000000000000000e+00, 0.000000000000000000e+00
2.000000000000000000e+04, 3.543999999999999773e+01, 9.846000000000000085e+00, 1.450000000000000000e+03, 0.000000000000000000e+00, 0.000000000000000000e+00
3.000000000000000000e+04, 1.926999999999999957e+01, 1.080000000000000071e+01, 4.406000000000000227e+02, 0.000000000000000000e+00, 0.000000000000000000e+00
4.000000000000000000e+04, 1.216999999999999993e+01, 1.116000000000000014e+01, 1.858000000000000114e+02, 0.000000000000000000e+00, 0.000000000000000000e+00
5.000000000000000000e+04, 8.452999999999999403e+00, 1.125999999999999979e+01, 9.426999999999999602e+01, 0.000000000000000000e+00, 0.000000000000000000e+00
6.000000000000000000e+04, 6.235999999999999766e+00, 1.124000000000000021e+01, 5.389999999999999858e+01, 0.000000000000000000e+00, 0.000000000000000000e+00
8.000000000000000000e+04, 3.793000000000000149e+00, 1.102999999999999936e+01, 2.214999999999999858e+01, 0.000000000000000000e+00, 0.000000000000000000e+00
1.000000000000000000e+05, 2.539000000000000146e+00, 1.072000000000000064e+01, 1.108000000000000007e+01, 0.000000000000000000e+00, 0.000000000000000000e+00
1.500000000000000000e+05, 1.195999999999999952e+00, 9.891000000000000014e+00, 3.138999999999999790e+00, 0.000000000000000000e+00, 0.000000000000000000e+00
2.000000000000000000e+05, 6.918999999999999595e-01, 9.163999999999999702e+00, 1.292999999999999927e+00, 0.000000000000000000e+00, 0.000000000000000000e+00
3.000000000000000000e+05, 3.159000000000000141e-01, 8.044000000000000483e+00, 3.829000000000000181e-01, 0.000000000000000000e+00, 0.000000000000000000e+00
4.000000000000000000e+05, 1.796999999999999986e-01, 7.235999999999999766e+00, 1.683000000000000052e-01, 0.000000000000000000e+00, 0.000000000000000000e+00
5.000000000000000000e+05, 1.156999999999999973e-01, 6.621999999999999886e+00, 9.210999999999999743e-02, 0.000000000000000000e+00, 0.000000000000000000e+00
6.000000000000000000e+05, 8.058999999999999497e-02, 6.133000000000000007e+00, 5.786999999999999783e-02, 0.000000000000000000e+00, 0.000000000000000000e+00
8.000000000000000000e+05, 4.547999999999999959e-02, 5.394999999999999574e+00, 2.943000000000000130e-02, 0.000000000000000000e+00, 0.000000000000000000e+00
1.000000000000000000e+06, 2.915999999999999842e-02, 4.854000000000000092e+00, 1.830000000000000029e-02, 0.000000000000000000e+00, 0.000000000000000000e+00
1.022000000000000000e+06, 2.792000000000000037e-02, 4.802999999999999936e+00, 1.736000000000000043e-02, 0.000000000000000000e+00, 0.000000000000000000e+00
1.250000000000000000e+06, 1.867999999999999869e-02, 4.341999999999999638e+00, 1.175000000000000003e-02, 4.902000000000000107e-03, 0.000000000000000000e+00
1.500000000000000000e+06, 1.298000000000000022e-02, 3.947999999999999954e+00, 8.479000000000000425e-03, 2.535000000000000100e-02, 0.000000000000000000e+00
2.000000000000000000e+06, 7.304999999999999861e-03, 3.370000000000000107e+00, 5.240999999999999999e-03, 9.804000000000000214e-02, 0.000000000000000000e+00
2.044000000000000000e+06, 6.994000000000000217e-03, 3.327999999999999847e+00, 5.063999999999999925e-03, 1.055999999999999994e-01, 0.000000000000000000e+00
3.000000000000000000e+06, 3.248000000000000019e-03, 2.652000000000000135e+00, 2.856000000000000032e-03, 2.727999999999999869e-01, 9.280000000000000054e-04
4.000000000000000000e+06, 1.827000000000000065e-03, 2.212000000000000188e+00, 1.928999999999999942e-03, 4.373000000000000220e-01, 3.788000000000000134e-03
5.000000000000000000e+06, 1.168999999999999900e-03, 1.911000000000000032e+00, 1.446000000000000020e-03, 5.827999999999999847e-01, 7.546999999999999889e-03
6.000000000000000000e+06, 8.122000000000000096e-04, 1.689000000000000057e+00, 1.154000000000000078e-03, 7.126000000000000112e-01, 1.158999999999999961e-02
7.000000000000000000e+06, 5.967000000000000299e-04, 1.518000000000000016e+00, 9.577000000000000226e-04, 8.279999999999999583e-01, 1.562000000000000020e-02
8.000000000000000000e+06, 4.568999999999999928e-04, 1.381000000000000005e+00, 8.180000000000000422e-04, 9.317999999999999616e-01, 1.952999999999999875e-02
9.000000000000000000e+06, 3.609999999999999928e-04, 1.270000000000000018e+00, 7.133999999999999933e-04, 1.026000000000000023e+00, 2.327999999999999861e-02
1.000000000000000000e+07, 2.924000000000000058e-04, 1.177000000000000046e+00, 6.323000000000000278e-04, 1.110999999999999988e+00, 2.683999999999999928e-02
1.100000000000000000e+07, 2.416999999999999932e-04, 1.096999999999999975e+00, 5.674999999999999706e-04, 1.187999999999999945e+00, 3.022000000000000033e-02
1.200000000000000000e+07, 2.031000000000000036e-04, 1.028999999999999915e+00, 5.148000000000000449e-04, 1.258999999999999897e+00, 3.341000000000000220e-02
1.300000000000000000e+07, 1.730000000000000038e-04, 9.696000000000000174e-01, 4.709000000000000078e-04, 1.324999999999999956e+00, 3.642000000000000098e-02
1.400000000000000000e+07, 1.491999999999999945e-04, 9.172000000000000153e-01, 4.338999999999999758e-04, 1.385999999999999899e+00, 3.928999999999999854e-02
1.500000000000000000e+07, 1.299999999999999886e-04, 8.708000000000000185e-01, 4.022000000000000184e-04, 1.443000000000000060e+00, 4.200999999999999873e-02
1.600000000000000000e+07, 1.141999999999999976e-04, 8.293000000000000371e-01, 3.748000000000000029e-04, 1.495999999999999996e+00, 4.460000000000000075e-02
1.800000000000000000e+07, 9.024999999999999819e-05, 7.579000000000000181e-01, 3.298999999999999958e-04, 1.594000000000000083e+00, 4.939999999999999947e-02
2.000000000000000000e+07, 7.310000000000000146e-05, 6.988999999999999657e-01, 2.945000000000000027e-04, 1.681000000000000050e+00, 5.378999999999999754e-02
2.200000000000000000e+07, 6.040999999999999929e-05, 6.491999999999999993e-01, 2.660000000000000146e-04, 1.760000000000000009e+00, 5.782000000000000334e-02
2.400000000000000000e+07, 5.076000000000000190e-05, 6.066000000000000281e-01, 2.425000000000000126e-04, 1.832000000000000073e+00, 6.153999999999999748e-02
2.600000000000000000e+07, 4.326000000000000255e-05, 5.696999999999999842e-01, 2.227999999999999946e-04, 1.897999999999999909e+00, 6.496999999999999997e-02
2.800000000000000000e+07, 3.729999999999999863e-05, 5.373999999999999888e-01, 2.059999999999999928e-04, 1.957999999999999963e+00, 6.816999999999999449e-02
3.000000000000000000e+07, 3.249000000000000233e-05, 5.088000000000000300e-01, 1.915999999999999951e-04, 2.013999999999999790e+00, 7.116000000000000103e-02
4.000000000000000000e+07, 1.826999999999999957e-05, 4.042999999999999927e-01, 1.420000000000000092e-04, 2.241999999999999993e+00, 8.361000000000000376e-02
5.000000000000000000e+07, 1.169999999999999979e-05, 3.375000000000000222e-01, 1.127000000000000018e-04, 2.412999999999999812e+00, 9.317999999999999894e-02
6.000000000000000000e+07, 8.121999999999999486e-06, 2.908000000000000029e-01, 9.346000000000000303e-05, 2.545999999999999819e+00, 1.009000000000000036e-01
8.000000000000000000e+07, 4.568999999999999792e-06, 2.293000000000000038e-01, 6.965999999999999373e-05, 2.744000000000000217e+00, 1.126000000000000056e-01
1.000000000000000000e+08, 2.923999999999999872e-06, 1.904000000000000137e-01, 5.551999999999999698e-05, 2.887000000000000011e+00, 1.212000000000000022e-01
1.500000000000000000e+08, 1.298999999999999972e-06, 1.355999999999999983e-01, 3.682000000000000323e-05, 3.116999999999999993e+00, 1.358000000000000040e-01
2.000000000000000000e+08, 7.308999999999999605e-07, 1.063000000000000056e-01, 2.754999999999999881e-05, 3.257000000000000117e+00, 1.451999999999999957e-01
3.000000000000000000e+08, 3.249000000000000043e-07, 7.532999999999999419e-02, 1.832000000000000078e-05, 3.422000000000000153e+00, 1.567999999999999949e-01
4.000000000000000000e+08, 1.826999999999999882e-07, 5.899999999999999689e-02, 1.372000000000000078e-05, 3.519000000000000128e+00, 1.638999999999999901e-01
5.000000000000000000e+08, 1.170000000000000021e-07, 4.884000000000000147e-02, 1.097000000000000000e-05, 3.581999999999999851e+00, 1.688999999999999946e-01
6.000000000000000000e+08, 8.121999999999999539e-08, 4.182000000000000300e-02, 9.136000000000000281e-06, 3.628000000000000114e+00, 1.724999999999999867e-01
8.000000000000000000e+08, 4.568000000000000273e-08, 3.266000000000000153e-02, 6.848000000000000334e-06, 3.689000000000000057e+00, 1.776000000000000079e-01
1.000000000000000000e+09, 2.923999999999999912e-08, 2.687000000000000152e-02, 5.475999999999999748e-06, 3.729000000000000092e+00, 1.811000000000000110e-01
1.500000000000000000e+09, 1.298999999999999919e-08, 1.875999999999999890e-02, 3.649000000000000130e-06, 3.786999999999999922e+00, 1.862999999999999934e-01
2.000000000000000000e+09, 7.309000000000000299e-09, 1.451999999999999992e-02, 2.736000000000000147e-06, 3.818000000000000060e+00, 1.892000000000000071e-01
3.000000000000000000e+09, 3.248999999999999844e-09, 1.009999999999999960e-02, 1.824000000000000028e-06, 3.853000000000000203e+00, 1.925000000000000044e-01
4.000000000000000000e+09, 1.826999999999999998e-09, 7.794999999999999846e-03, 1.366999999999999998e-06, 3.870999999999999996e+00, 1.945000000000000062e-01
5.000000000000000000e+09, 1.170000000000000096e-09, 6.373000000000000193e-03, 1.094000000000000029e-06, 3.883000000000000007e+00, 1.957000000000000128e-01
6.000000000000000000e+09, 8.122000000000000491e-10, 5.403999999999999949e-03, 9.114999999999999762e-07, 3.891000000000000014e+00, 1.965000000000000080e-01
8.000000000000000000e+09, 4.568000000000000149e-10, 4.164000000000000166e-03, 6.836000000000000068e-07, 3.900999999999999801e+00, 1.975999999999999979e-01
1.000000000000000000e+10, 2.923999999999999932e-10, 3.399999999999999811e-03, 5.469000000000000069e-07, 3.907999999999999918e+00, 1.983000000000000040e-01
1.500000000000000000e+10, 1.299000000000000115e-10, 2.348999999999999960e-03, 3.646000000000000223e-07, 3.916999999999999815e+00, 1.993000000000000049e-01
2.000000000000000000e+10, 7.309000000000000299e-11, 1.806000000000000097e-03, 2.733999999999999997e-07, 3.922000000000000153e+00, 1.998999999999999944e-01
3.000000000000000000e+10, 3.249000000000000232e-11, 1.245999999999999929e-03, 1.823000000000000111e-07, 3.927999999999999936e+00, 2.005000000000000115e-01
4.000000000000000000e+10, 1.826999999999999869e-11, 9.562999999999999886e-04, 1.366999999999999998e-07, 3.930000000000000160e+00, 2.008000000000000063e-01
5.000000000000000000e+10, 1.170000000000000063e-11, 7.787999999999999567e-04, 1.094000000000000002e-07, 3.931999999999999940e+00, 2.010000000000000120e-01
6.000000000000000000e+10, 8.121999999999999521e-12, 6.583000000000000093e-04, 9.112999999999999612e-08, 3.932999999999999829e+00, 2.011000000000000010e-01
8.000000000000000000e+10, 4.567999999999999923e-12, 5.048000000000000187e-04, 6.834999999999999992e-08, 3.935000000000000053e+00, 2.013000000000000067e-01
1.000000000000000000e+11, 2.924000000000000062e-12, 4.107000000000000082e-04, 5.467999999999999729e-08, 3.935999999999999943e+00, 2.013999999999999957e-01
