1.000000000000000000e+03, 4.999000000000000000e+03, 1.836999999999999966e+00, 2.434000000000000000e+06, 0.000000000000000000e+00, 0.000000000000000000e+00
1.500000000000000000e+03, 4.761000000000000000e+03, 2.982000000000000206e+00, 1.157000000000000000e+06, 0.000000000000000000e+00, 0.000000000000000000e+00
2.000000000000000000e+03, 4.517000000000000000e+03, 4.100999999999999979e+00, 6.347000000000000000e+05, 0.000000000000000000e+00, 0.000000000000000000e+00
3.000000000000000000e+03, 4.049000000000000000e+03, 6.264000000000000234e+00, 2.591000000000000000e+05, 0.000000000000000000e+00, 0.000000000000000000e+00
4.000000000000000000e+03, 3.628000000000000000e+03, 8.281000000000000583e+00, 5.340000000000000000e+05, 0.000000000000000000e+00, 0.000000000000000000e+00
5.000000000000000000e+03, 3.260000000000000000e+03, 1.008999999999999986e+01, 3.242000000000000000e+05, 0.000000000000000000e+00, 0.000000000000000000e+00
6.000000000000000000e+03, 2.943000000000000000e+03, 1.169999999999999929e+01, 2.168000000000000000e+05, 0.000000000000000000e+00, 0.000000000000000000e+00
8.000000000000000000e+03, 2.425000000000000000e+03, 1.452999999999999936e+01, 1.061000000000000000e+05, 0.000000000000000000e+00, 0.000000000000000000e+00
1.000000000000000000e+04, 2.027000000000000000e+03, 1.705000000000000071e+01, 6.028000000000000000e+04, 0.000000000000000000e+00, 0.000000000000000000e+00
1.500000000000000000e+04, 1.369000000000000000e+03, 2.203000000000000114e+01, 2.123000000000000000e+04, 0.000000000000000000e+00, 0.000000000000000000e+00
2.000000000000000000e+04, 9.805000000000000000e+02, 2.551000000000000156e+01, 3.901000000000000000e+04, 0.000000000000000000e+00, 0.000000000000000000e+00
3.000000000000000000e+04, 5.772000000000000455e+02, 3.017999999999999972e+01, 1.376000000000000000e+04, 0.000000000000000000e+00, 0.000000000000000000e+00
4.000000000000000000e+04, 3.878999999999999773e+02, 3.306000000000000227e+01, 6.451000000000000000e+03, 0.000000000000000000e+00, 0.000000000000000000e+00
5.000000000000000000e+04, 2.786000000000000227e+02, 3.479999999999999716e+01, 3.558000000000000000e+03, 0.000000000000000000e+00, 0.000000000000000000e+00
6.000000000000000000e+04, 2.091999999999999886e+02, 3.581000000000000227e+01, 2.180000000000000000e+03, 0.000000000000000000e+00, 0.000000000000000000e+00
8.000000000000000000e+04, 1.314000000000000057e+02, 3.657999999999999829e+01, 1.001000000000000000e+03, 0.000000000000000000e+00, 0.000000000000000000e+00
1.000000000000000000e+05, 9.109999999999999432e+01, 3.653999999999999915e+01, 5.456000000000000227e+02, 0.000000000000000000e+00, 0.000000000000000000e+00
1.500000000000000000e+05, 4.535999999999999943e+01, 3.513000000000000256e+01, 8.370000000000000000e+02, 0.000000000000000000e+00, 0.000000000000000000e+00
2.000000000000000000e+05, 2.712999999999999901e+01, 3.328000000000000114e+01, 3.968999999999999773e+02, 0.000000000000000000e+00, 0.000000000000000000e+00
3.000000000000000000e+05, 1.300000000000000000e+01, 2.989000000000000057e+01, 1.403000000000000114e+02, 0.000000000000000000e+00, 0.000000000000000000e+00
4.000000000000000000e+05, 7.634999999999999787e+00, 2.721000000000000085e+01, 6.879000000000000625e+01, 0.000000000000000000e+00, 0.000000000000000000e+00
5.000000000000000000e+05, 5.016000000000000014e+00, 2.507999999999999829e+01, 4.046999999999999886e+01, 0.000000000000000000e+00, 0.000000000000000000e+00
6.000000000000000000e+05, 3.544999999999999929e+00, 2.335000000000000142e+01, 2.667999999999999972e+01, 0.000000000000000000e+00, 0.000000000000000000e+00
8.000000000000000000e+05, 2.037999999999999812e+00, 2.064999999999999858e+01, 1.426999999999999957e+01, 0.000000000000000000e+00, 0.000000000000000000e+00
1.000000000000000000e+06, 1.322000000000000064e+00, 1.862999999999999901e+01, 9.025000000000000355e+00, 0.000000000000000000e+00, 0.000000000000000000e+00
1.022000000000000000e+06, 1.266999999999999904e+00, 1.844000000000000128e+01, 8.641999999999999460e+00, 0.000000000000000000e+00, 0.000000000000000000e+00
1.250000000000000000e+06, 8.548000000000000043e-01, 1.671000000000000085e+01, 5.838000000000000078e+00, 1.617999999999999994e-01, 0.000000000000000000e+00
1.500000000000000000e+06, 5.975000000000000311e-01, 1.521000000000000085e+01, 4.152000000000000135e+00, 7.896999999999999575e-01, 0.000000000000000000e+00
2.000000000000000000e+06, 3.387000000000000011e-01, 1.300000000000000000e+01, 2.508999999999999897e+00, 2.331999999999999851e+00, 0.000000000000000000e+00
2.044000000000000000e+06, 3.244000000000000217e-01, 1.283999999999999986e+01, 2.419000000000000039e+00, 2.463999999999999968e+00, 0.000000000000000000e+00
3.000000000000000000e+06, 1.514999999999999958e-01, 1.024000000000000021e+01, 1.308000000000000052e+00, 4.919999999999999929e+00, 3.578000000000000017e-03
4.000000000000000000e+06, 8.541999999999999593e-02, 8.550000000000000711e+00, 8.546000000000000263e-01, 6.945000000000000284e+00, 1.457999999999999921e-02
5.000000000000000000e+06, 5.473999999999999699e-02, 7.386999999999999567e+00, 6.251999999999999780e-01, 8.635999999999999233e+00, 2.898999999999999841e-02
6.000000000000000000e+06, 3.803999999999999743e-02, 6.530000000000000249e+00, 4.893000000000000127e-01, 1.008999999999999986e+01, 4.442999999999999727e-02
7.000000000000000000e+06, 2.795999999999999874e-02, 5.870000000000000107e+00, 4.002000000000000002e-01, 1.136999999999999922e+01, 5.976999999999999674e-02
8.000000000000000000e+06, 2.140999999999999848e-02, 5.342999999999999972e+00, 3.377000000000000002e-01, 1.252999999999999936e+01, 7.459000000000000352e-02
9.000000000000000000e+06, 1.692000000000000101e-02, 4.911999999999999922e+00, 2.917000000000000148e-01, 1.358999999999999986e+01, 8.873000000000000331e-02
1.000000000000000000e+07, 1.370999999999999996e-02, 4.551000000000000156e+00, 2.564000000000000168e-01, 1.457000000000000028e+01, 1.020999999999999963e-01
1.100000000000000000e+07, 1.132999999999999979e-02, 4.245000000000000107e+00, 2.285999999999999976e-01, 1.547000000000000064e+01, 1.147999999999999993e-01
1.200000000000000000e+07, 9.520999999999999949e-03, 3.980999999999999872e+00, 2.061000000000000054e-01, 1.632000000000000028e+01, 1.267000000000000071e-01
1.300000000000000000e+07, 8.113000000000000420e-03, 3.750999999999999890e+00, 1.875000000000000000e-01, 1.710000000000000142e+01, 1.378999999999999948e-01
1.400000000000000000e+07, 6.995999999999999615e-03, 3.548999999999999932e+00, 1.719999999999999862e-01, 1.783999999999999986e+01, 1.484999999999999931e-01
1.500000000000000000e+07, 6.094999999999999724e-03, 3.369000000000000217e+00, 1.587999999999999967e-01, 1.853000000000000114e+01, 1.585000000000000020e-01
1.600000000000000000e+07, 5.356999999999999783e-03, 3.208000000000000185e+00, 1.474999999999999922e-01, 1.917000000000000171e+01, 1.680000000000000104e-01
1.800000000000000000e+07, 4.232999999999999784e-03, 2.931999999999999940e+00, 1.290000000000000036e-01, 2.033999999999999986e+01, 1.855999999999999872e-01
2.000000000000000000e+07, 3.429000000000000190e-03, 2.704000000000000181e+00, 1.145999999999999935e-01, 2.137999999999999901e+01, 2.015000000000000124e-01
2.200000000000000000e+07, 2.834000000000000147e-03, 2.512000000000000011e+00, 1.030999999999999972e-01, 2.232000000000000028e+01, 2.159999999999999976e-01
2.400000000000000000e+07, 2.380999999999999870e-03, 2.346999999999999975e+00, 9.364999999999999714e-02, 2.319000000000000128e+01, 2.293000000000000038e-01
2.600000000000000000e+07, 2.028999999999999988e-03, 2.204000000000000181e+00, 8.577999999999999514e-02, 2.398000000000000043e+01, 2.416000000000000092e-01
2.800000000000000000e+07, 1.748999999999999904e-03, 2.079000000000000181e+00, 7.913000000000000589e-02, 2.469999999999999929e+01, 2.529000000000000137e-01
3.000000000000000000e+07, 1.523999999999999964e-03, 1.969000000000000083e+00, 7.342999999999999527e-02, 2.537000000000000099e+01, 2.634000000000000230e-01
4.000000000000000000e+07, 8.572999999999999675e-04, 1.564999999999999947e+00, 5.396000000000000102e-02, 2.807999999999999829e+01, 3.064999999999999947e-01
5.000000000000000000e+07, 5.486999999999999473e-04, 1.306000000000000050e+00, 4.263000000000000123e-02, 3.010000000000000142e+01, 3.387999999999999901e-01
6.000000000000000000e+07, 3.809999999999999910e-04, 1.125000000000000000e+00, 3.522999999999999743e-02, 3.166000000000000014e+01, 3.643000000000000127e-01
8.000000000000000000e+07, 2.143000000000000048e-04, 8.874999999999999556e-01, 2.614000000000000004e-02, 3.396000000000000085e+01, 4.022000000000000020e-01
1.000000000000000000e+08, 1.372000000000000010e-04, 7.366000000000000325e-01, 2.077999999999999986e-02, 3.557999999999999829e+01, 4.295999999999999819e-01
1.500000000000000000e+08, 6.095999999999999910e-05, 5.245999999999999552e-01, 1.374000000000000048e-02, 3.814000000000000057e+01, 4.742999999999999994e-01
2.000000000000000000e+08, 3.428999999999999865e-05, 4.112999999999999989e-01, 1.026000000000000002e-02, 3.965999999999999659e+01, 5.020999999999999908e-01
3.000000000000000000e+08, 1.523999999999999978e-05, 2.914999999999999813e-01, 6.808999999999999948e-03, 4.142999999999999972e+01, 5.358000000000000540e-01
4.000000000000000000e+08, 8.572000000000000260e-06, 2.283000000000000029e-01, 5.094999999999999703e-03, 4.245000000000000284e+01, 5.558999999999999497e-01
5.000000000000000000e+08, 5.485999999999999652e-06, 1.890000000000000013e-01, 4.070999999999999966e-03, 4.310999999999999943e+01, 5.695999999999999952e-01
6.000000000000000000e+08, 3.809999999999999944e-06, 1.617999999999999994e-01, 3.389999999999999784e-03, 4.359000000000000341e+01, 5.796000000000000041e-01
8.000000000000000000e+08, 2.143000000000000065e-06, 1.264000000000000123e-01, 2.539000000000000024e-03, 4.421999999999999886e+01, 5.934000000000000385e-01
1.000000000000000000e+09, 1.371999999999999951e-06, 1.039999999999999952e-01, 2.030000000000000120e-03, 4.463000000000000256e+01, 6.026000000000000245e-01
1.500000000000000000e+09, 6.095999999999999529e-07, 7.260999999999999399e-02, 1.351999999999999903e-03, 4.522999999999999687e+01, 6.162999999999999590e-01
2.000000000000000000e+09, 3.428999999999999801e-07, 5.619999999999999996e-02, 1.013999999999999927e-03, 4.554999999999999716e+01, 6.240999999999999881e-01
3.000000000000000000e+09, 1.523999999999999882e-07, 3.907999999999999668e-02, 6.756000000000000503e-04, 4.589999999999999858e+01, 6.326000000000000512e-01
4.000000000000000000e+09, 8.572000000000000260e-08, 3.015999999999999931e-02, 5.065999999999999540e-04, 4.609000000000000341e+01, 6.375999999999999446e-01
5.000000000000000000e+09, 5.486000000000000287e-08, 2.466000000000000136e-02, 4.051999999999999829e-04, 4.621000000000000085e+01, 6.407000000000000473e-01
6.000000000000000000e+09, 3.809999999999999706e-08, 2.091000000000000150e-02, 3.376000000000000203e-04, 4.628999999999999915e+01, 6.428000000000000380e-01
8.000000000000000000e+09, 2.143000000000000065e-08, 1.610999999999999932e-02, 2.531999999999999746e-04, 4.639999999999999858e+01, 6.457000000000000517e-01
1.000000000000000000e+10, 1.371999999999999977e-08, 1.315000000000000023e-02, 2.024999999999999890e-04, 4.646999999999999886e+01, 6.474999999999999645e-01
1.500000000000000000e+10, 6.095999999999999629e-09, 9.091000000000000122e-03, 1.350000000000000017e-04, 4.656000000000000227e+01, 6.500000000000000222e-01
2.000000000000000000e+10, 3.429000000000000050e-09, 6.989000000000000420e-03, 1.012999999999999957e-04, 4.660999999999999943e+01, 6.514999999999999680e-01
3.000000000000000000e+10, 1.523999999999999907e-09, 4.819999999999999632e-03, 6.750000000000000086e-05, 4.667000000000000171e+01, 6.529000000000000359e-01
4.000000000000000000e+10, 8.571999999999999971e-10, 3.700999999999999863e-03, 5.063000000000000145e-05, 4.670000000000000284e+01, 6.538000000000000478e-01
5.000000000000000000e+10, 5.486000000000000494e-10, 3.013000000000000053e-03, 4.050000000000000187e-05, 4.671000000000000085e+01, 6.542999999999999927e-01
6.000000000000000000e+10, 3.809999999999999768e-10, 2.546999999999999785e-03, 3.375000000000000043e-05, 4.671999999999999886e+01, 6.545999999999999597e-01
8.000000000000000000e+10, 2.142999999999999993e-10, 1.953000000000000092e-03, 2.530999999999999992e-05, 4.674000000000000199e+01, 6.550000000000000266e-01
1.000000000000000000e+11, 1.372000000000000018e-10, 1.588999999999999918e-03, 2.025000000000000094e-05, 4.675000000000000000e+01, 6.552999999999999936e-01
