1.000000000000000000e+03, 4.923999999999999773e+02, 7.612999999999999767e-01, 9.600000000000000000e+05, 0.000000000000000000e+00, 0.000000000000000000e+00
1.500000000000000000e+03, 4.640000000000000000e+02, 1.354999999999999982e+00, 4.122000000000000000e+05, 0.000000000000000000e+00, 0.000000000000000000e+00
2.000000000000000000e+03, 4.333999999999999773e+02, 1.909999999999999920e+00, 1.992000000000000000e+05, 0.000000000000000000e+00, 0.000000000000000000e+00
3.000000000000000000e+03, 3.740000000000000000e+02, 2.927000000000000046e+00, 6.877000000000000000e+04, 0.000000000000000000e+00, 0.000000000000000000e+00
4.000000000000000000e+03, 3.208999999999999773e+02, 3.883000000000000007e+00, 3.166000000000000000e+04, 0.000000000000000000e+00, 0.000000000000000000e+00
5.000000000000000000e+03, 2.746999999999999886e+02, 4.770999999999999908e+00, 1.719000000000000000e+04, 0.000000000000000000e+00, 0.000000000000000000e+00
6.000000000000000000e+03, 2.355999999999999943e+02, 5.581000000000000405e+00, 1.038000000000000000e+04, 0.000000000000000000e+00, 0.000000000000000000e+00
8.000000000000000000e+03, 1.765000000000000000e+02, 6.990000000000000213e+00, 4.643000000000000000e+03, 0.000000000000000000e+00, 0.000000000000000000e+00
1.000000000000000000e+04, 1.370000000000000000e+02, 8.146000000000000796e+00, 2.022000000000000000e+04, 0.000000000000000000e+00, 0.000000000000000000e+00
1.500000000000000000e+04, 8.381999999999999318e+01, 1.015000000000000036e+01, 6.807000000000000000e+03, 0.000000000000000000e+00, 0.000000000000000000e+00
2.000000000000000000e+04, 5.796000000000000085e+01, 1.134999999999999964e+01, 3.069000000000000000e+03, 0.000000000000000000e+00, 0.000000000000000000e+00
3.000000000000000000e+04, 3.218999999999999773e+01, 1.266000000000000014e+01, 9.632000000000000455e+02, 0.000000000000000000e+00, 0.000000000000000000e+00
4.000000000000000000e+04, 2.028999999999999915e+01, 1.322000000000000064e+01, 4.148000000000000114e+02, 0.000000000000000000e+00, 0.000000000000000000e+00
5.000000000000000000e+04, 1.402999999999999936e+01, 1.341999999999999993e+01, 2.136999999999999886e+02, 0.000000000000000000e+00, 0.000000000000000000e+00
6.000000000000000000e+04, 1.033999999999999986e+01, 1.342999999999999972e+01, 1.235000000000000000e+02, 0.000000000000000000e+00, 0.000000000000000000e+00
8.000000000000000000e+04, 6.317999999999999616e+00, 1.323000000000000043e+01, 5.164999999999999858e+01, 0.000000000000000000e+00, 0.000000000000000000e+00
1.000000000000000000e+05, 4.256000000000000227e+00, 1.289000000000000057e+01, 2.612000000000000099e+01, 0.000000000000000000e+00, 0.000000000000000000e+00
1.500000000000000000e+05, 2.019000000000000128e+00, 1.194999999999999929e+01, 7.549000000000000377e+00, 0.000000000000000000e+00, 0.000000000000000000e+00
2.000000000000000000e+05, 1.171999999999999931e+00, 1.109999999999999964e+01, 3.146999999999999797e+00, 0.000000000000000000e+00, 0.000000000000000000e+00
3.000000000000000000e+05, 5.370000000000000329e-01, 9.762999999999999901e+00, 9.455000000000000071e-01, 0.000000000000000000e+00, 0.000000000000000000e+00
4.000000000000000000e+05, 3.063000000000000167e-01, 8.791000000000000369e+00, 4.189999999999999836e-01, 0.000000000000000000e+00, 0.000000000000000000e+00
5.000000000000000000e+05, 1.975000000000000089e-01, 8.048999999999999488e+00, 2.305000000000000104e-01, 0.000000000000000000e+00, 0.000000000000000000e+00
6.000000000000000000e+05, 1.376999999999999891e-01, 7.458999999999999631e+00, 1.453000000000000125e-01, 0.000000000000000000e+00, 0.000000000000000000e+00
8.000000000000000000e+05, 7.779999999999999416e-02, 6.564000000000000057e+00, 7.409999999999999920e-02, 0.000000000000000000e+00, 0.000000000000000000e+00
1.000000000000000000e+06, 4.989999999999999991e-02, 5.907000000000000028e+00, 4.610000000000000209e-02, 0.000000000000000000e+00, 0.000000000000000000e+00
1.022000000000000000e+06, 4.778000000000000302e-02, 5.844000000000000306e+00, 4.377999999999999947e-02, 0.000000000000000000e+00, 0.000000000000000000e+00
1.250000000000000000e+06, 3.198000000000000148e-02, 5.285000000000000142e+00, 2.960000000000000131e-02, 7.777000000000000059e-03, 0.000000000000000000e+00
1.500000000000000000e+06, 2.222000000000000017e-02, 4.804999999999999716e+00, 2.132999999999999827e-02, 3.921000000000000180e-02, 0.000000000000000000e+00
2.000000000000000000e+06, 1.251000000000000029e-02, 4.102000000000000313e+00, 1.314000000000000064e-02, 1.479000000000000037e-01, 0.000000000000000000e+00
2.044000000000000000e+06, 1.197999999999999933e-02, 4.051000000000000156e+00, 1.268999999999999989e-02, 1.590000000000000024e-01, 0.000000000000000000e+00
3.000000000000000000e+06, 5.563000000000000236e-03, 3.228000000000000203e+00, 7.114999999999999797e-03, 4.082000000000000073e-01, 1.129999999999999928e-03
4.000000000000000000e+06, 3.129999999999999970e-03, 2.693000000000000060e+00, 4.785000000000000191e-03, 6.504999999999999671e-01, 4.610999999999999648e-03
5.000000000000000000e+06, 2.003000000000000006e-03, 2.326000000000000068e+00, 3.578000000000000017e-03, 8.641999999999999682e-01, 9.185000000000000456e-03
6.000000000000000000e+06, 1.391000000000000092e-03, 2.056000000000000050e+00, 2.847000000000000138e-03, 1.054000000000000048e+00, 1.409999999999999969e-02
7.000000000000000000e+06, 1.021999999999999905e-03, 1.848000000000000087e+00, 2.360000000000000119e-03, 1.223000000000000087e+00, 1.899999999999999953e-02
8.000000000000000000e+06, 7.826000000000000491e-04, 1.681999999999999940e+00, 2.013000000000000032e-03, 1.375000000000000000e+00, 2.375999999999999987e-02
9.000000000000000000e+06, 6.183999999999999610e-04, 1.546000000000000041e+00, 1.753999999999999917e-03, 1.512999999999999901e+00, 2.830999999999999836e-02
1.000000000000000000e+07, 5.008999999999999781e-04, 1.431999999999999940e+00, 1.552999999999999910e-03, 1.637000000000000011e+00, 3.264000000000000234e-02
1.100000000000000000e+07, 4.139999999999999800e-04, 1.336000000000000076e+00, 1.392999999999999924e-03, 1.750999999999999890e+00, 3.674000000000000182e-02
1.200000000000000000e+07, 3.477999999999999972e-04, 1.252999999999999892e+00, 1.263000000000000017e-03, 1.854000000000000092e+00, 4.061000000000000026e-02
1.300000000000000000e+07, 2.963999999999999946e-04, 1.179999999999999938e+00, 1.154000000000000078e-03, 1.949999999999999956e+00, 4.426000000000000073e-02
1.400000000000000000e+07, 2.555999999999999787e-04, 1.116999999999999993e+00, 1.062999999999999926e-03, 2.039000000000000146e+00, 4.775000000000000078e-02
1.500000000000000000e+07, 2.225999999999999897e-04, 1.060000000000000053e+00, 9.851000000000000381e-04, 2.123000000000000220e+00, 5.104000000000000203e-02
1.600000000000000000e+07, 1.957000000000000135e-04, 1.010000000000000009e+00, 9.177000000000000261e-04, 2.201000000000000068e+00, 5.417999999999999899e-02
1.800000000000000000e+07, 1.545999999999999903e-04, 9.226999999999999647e-01, 8.071999999999999965e-04, 2.343999999999999861e+00, 6.001000000000000084e-02
2.000000000000000000e+07, 1.252000000000000075e-04, 8.508999999999999897e-01, 7.202999999999999984e-04, 2.471000000000000085e+00, 6.532000000000000306e-02
2.200000000000000000e+07, 1.034999999999999950e-04, 7.903000000000000025e-01, 6.501999999999999750e-04, 2.587000000000000188e+00, 7.019999999999999851e-02
2.400000000000000000e+07, 8.697000000000000249e-05, 7.385000000000000453e-01, 5.925000000000000362e-04, 2.692000000000000171e+00, 7.469000000000000639e-02
2.600000000000000000e+07, 7.409999999999999866e-05, 6.935000000000000053e-01, 5.442000000000000006e-04, 2.787999999999999812e+00, 7.883999999999999342e-02
2.800000000000000000e+07, 6.388999999999999985e-05, 6.542000000000000037e-01, 5.031999999999999798e-04, 2.875999999999999890e+00, 8.271000000000000574e-02
3.000000000000000000e+07, 5.565999999999999903e-05, 6.195000000000000506e-01, 4.678999999999999891e-04, 2.956999999999999851e+00, 8.630999999999999783e-02
4.000000000000000000e+07, 3.130999999999999669e-05, 4.922000000000000264e-01, 3.463000000000000149e-04, 3.289000000000000146e+00, 1.013000000000000012e-01
5.000000000000000000e+07, 2.004000000000000125e-05, 4.108999999999999875e-01, 2.749000000000000141e-04, 3.536999999999999922e+00, 1.127999999999999975e-01
6.000000000000000000e+07, 1.391000000000000065e-05, 3.539999999999999813e-01, 2.278000000000000077e-04, 3.732000000000000206e+00, 1.219999999999999973e-01
8.000000000000000000e+07, 7.825999999999999271e-06, 2.792000000000000037e-01, 1.697000000000000049e-04, 4.020999999999999908e+00, 1.358999999999999930e-01
1.000000000000000000e+08, 5.008999999999999815e-06, 2.316999999999999893e-01, 1.352000000000000066e-04, 4.227999999999999758e+00, 1.461000000000000076e-01
1.500000000000000000e+08, 2.225999999999999948e-06, 1.650000000000000078e-01, 8.967999999999999518e-05, 4.559000000000000163e+00, 1.632000000000000117e-01
2.000000000000000000e+08, 1.252000000000000041e-06, 1.293999999999999873e-01, 6.708000000000000150e-05, 4.756999999999999673e+00, 1.739999999999999880e-01
3.000000000000000000e+08, 5.564999999999999870e-07, 9.170999999999999985e-02, 4.459999999999999989e-05, 4.988999999999999879e+00, 1.874000000000000110e-01
4.000000000000000000e+08, 3.130000000000000102e-07, 7.183000000000000496e-02, 3.339999999999999870e-05, 5.121999999999999886e+00, 1.953999999999999904e-01
5.000000000000000000e+08, 2.002999999999999870e-07, 5.945999999999999897e-02, 2.669999999999999847e-05, 5.209999999999999964e+00, 2.010000000000000120e-01
6.000000000000000000e+08, 1.390999999999999949e-07, 5.090999999999999692e-02, 2.224000000000000052e-05, 5.272999999999999687e+00, 2.051000000000000045e-01
8.000000000000000000e+08, 7.826000000000000065e-08, 3.975999999999999673e-02, 1.667000000000000133e-05, 5.355999999999999872e+00, 2.106999999999999984e-01
1.000000000000000000e+09, 5.009000000000000053e-08, 3.271000000000000296e-02, 1.332999999999999943e-05, 5.410999999999999588e+00, 2.144999999999999962e-01
1.500000000000000000e+09, 2.225999999999999882e-08, 2.283999999999999919e-02, 8.879999999999999683e-06, 5.488999999999999879e+00, 2.200999999999999901e-01
2.000000000000000000e+09, 1.252000000000000061e-08, 1.768000000000000127e-02, 6.657999999999999612e-06, 5.532000000000000028e+00, 2.232999999999999985e-01
3.000000000000000000e+09, 5.564999999999999704e-09, 1.229000000000000058e-02, 4.437999999999999691e-06, 5.578000000000000291e+00, 2.268000000000000016e-01
4.000000000000000000e+09, 3.130000000000000152e-09, 9.488999999999999171e-03, 3.328000000000000154e-06, 5.602999999999999758e+00, 2.288999999999999924e-01
5.000000000000000000e+09, 2.002999999999999804e-09, 7.758000000000000139e-03, 2.662000000000000093e-06, 5.618999999999999773e+00, 2.300999999999999990e-01
6.000000000000000000e+09, 1.391000000000000056e-09, 6.578999999999999779e-03, 2.218000000000000194e-06, 5.629999999999999893e+00, 2.310000000000000109e-01
8.000000000000000000e+09, 7.825999999999999652e-10, 5.068999999999999721e-03, 1.664000000000000077e-06, 5.644000000000000128e+00, 2.321999999999999897e-01
1.000000000000000000e+10, 5.008999999999999970e-10, 4.139000000000000318e-03, 1.331000000000000047e-06, 5.652999999999999581e+00, 2.330000000000000127e-01
1.500000000000000000e+10, 2.226000000000000120e-10, 2.860000000000000129e-03, 8.871999999999999505e-07, 5.665000000000000036e+00, 2.340000000000000135e-01
2.000000000000000000e+10, 1.251999999999999916e-10, 2.199000000000000000e-03, 6.654000000000000158e-07, 5.671999999999999709e+00, 2.346000000000000030e-01
3.000000000000000000e+10, 5.565000000000000299e-11, 1.515999999999999986e-03, 4.435999999999999753e-07, 5.679000000000000270e+00, 2.351999999999999924e-01
4.000000000000000000e+10, 3.129999999999999790e-11, 1.164000000000000104e-03, 3.327000000000000079e-07, 5.682999999999999829e+00, 2.354999999999999871e-01
5.000000000000000000e+10, 2.003000000000000088e-11, 9.479999999999999495e-04, 2.660999999999999807e-07, 5.684999999999999609e+00, 2.358000000000000096e-01
6.000000000000000000e+10, 1.391000000000000030e-11, 8.013999999999999639e-04, 2.217999999999999876e-07, 5.685999999999999943e+00, 2.358999999999999986e-01
8.000000000000000000e+10, 7.825999999999999975e-12, 6.145000000000000288e-04, 1.663000000000000002e-07, 5.689000000000000057e+00, 2.359999999999999876e-01
1.000000000000000000e+11, 5.009000000000000164e-12, 4.998999999999999538e-04, 1.330999999999999941e-07, 5.690000000000000391e+00, 2.361999999999999933e-01
