1.000000000000000000e+03, 5.487000000000000000e+03, 1.778999999999999915e+00, 2.731000000000000000e+06, 0.000000000000000000e+00, 0.000000000000000000e+00
1.500000000000000000e+03, 5.240000000000000000e+03, 2.939999999999999947e+00, 1.368000000000000000e+06, 0.000000000000000000e+00, 0.000000000000000000e+00
2.000000000000000000e+03, 4.979000000000000000e+03, 4.086000000000000298e+00, 7.672000000000000000e+05, 0.000000000000000000e+00, 0.000000000000000000e+00
3.000000000000000000e+03, 4.463000000000000000e+03, 6.309000000000000163e+00, 3.140000000000000000e+05, 0.000000000000000000e+00, 0.000000000000000000e+00
4.000000000000000000e+03, 3.991000000000000000e+03, 8.369999999999999218e+00, 5.432000000000000000e+05, 0.000000000000000000e+00, 0.000000000000000000e+00
5.000000000000000000e+03, 3.579000000000000000e+03, 1.024000000000000021e+01, 3.634000000000000000e+05, 0.000000000000000000e+00, 0.000000000000000000e+00
6.000000000000000000e+03, 3.224000000000000000e+03, 1.191999999999999993e+01, 2.553000000000000000e+05, 0.000000000000000000e+00, 0.000000000000000000e+00
8.000000000000000000e+03, 2.656000000000000000e+03, 1.486999999999999922e+01, 1.252000000000000000e+05, 0.000000000000000000e+00, 0.000000000000000000e+00
1.000000000000000000e+04, 2.224000000000000000e+03, 1.746999999999999886e+01, 7.154000000000000000e+04, 0.000000000000000000e+00, 0.000000000000000000e+00
1.500000000000000000e+04, 1.513000000000000000e+03, 2.269999999999999929e+01, 2.538000000000000000e+04, 0.000000000000000000e+00, 0.000000000000000000e+00
2.000000000000000000e+04, 1.091000000000000000e+03, 2.639999999999999858e+01, 2.819000000000000000e+04, 0.000000000000000000e+00, 0.000000000000000000e+00
3.000000000000000000e+04, 6.433999999999999773e+02, 3.121000000000000085e+01, 1.631000000000000000e+04, 0.000000000000000000e+00, 0.000000000000000000e+00
4.000000000000000000e+04, 4.325000000000000000e+02, 3.417999999999999972e+01, 7.711000000000000000e+03, 0.000000000000000000e+00, 0.000000000000000000e+00
5.000000000000000000e+04, 3.121999999999999886e+02, 3.602000000000000313e+01, 4.281000000000000000e+03, 0.000000000000000000e+00, 0.000000000000000000e+00
6.000000000000000000e+04, 2.350999999999999943e+02, 3.710000000000000142e+01, 2.635000000000000000e+03, 0.000000000000000000e+00, 0.000000000000000000e+00
8.000000000000000000e+04, 1.476999999999999886e+02, 3.796000000000000085e+01, 1.218000000000000000e+03, 0.000000000000000000e+00, 0.000000000000000000e+00
1.000000000000000000e+05, 1.025000000000000000e+02, 3.795000000000000284e+01, 6.677000000000000455e+02, 0.000000000000000000e+00, 0.000000000000000000e+00
1.500000000000000000e+05, 5.132000000000000028e+01, 3.654999999999999716e+01, 9.732000000000000455e+02, 0.000000000000000000e+00, 0.000000000000000000e+00
2.000000000000000000e+05, 3.075000000000000000e+01, 3.465999999999999659e+01, 4.670000000000000000e+02, 0.000000000000000000e+00, 0.000000000000000000e+00
3.000000000000000000e+05, 1.476999999999999957e+01, 3.117000000000000171e+01, 1.670999999999999943e+02, 0.000000000000000000e+00, 0.000000000000000000e+00
4.000000000000000000e+05, 8.695000000000000284e+00, 2.839000000000000057e+01, 8.260999999999999943e+01, 0.000000000000000000e+00, 0.000000000000000000e+00
5.000000000000000000e+05, 5.724999999999999645e+00, 2.617000000000000171e+01, 4.889000000000000057e+01, 0.000000000000000000e+00, 0.000000000000000000e+00
6.000000000000000000e+05, 4.051999999999999602e+00, 2.437000000000000099e+01, 3.235999999999999943e+01, 0.000000000000000000e+00, 0.000000000000000000e+00
8.000000000000000000e+05, 2.334999999999999964e+00, 2.155999999999999872e+01, 1.739999999999999858e+01, 0.000000000000000000e+00, 0.000000000000000000e+00
1.000000000000000000e+06, 1.516000000000000014e+00, 1.946000000000000085e+01, 1.101999999999999957e+01, 0.000000000000000000e+00, 0.000000000000000000e+00
1.022000000000000000e+06, 1.453000000000000069e+00, 1.926000000000000156e+01, 1.056000000000000050e+01, 0.000000000000000000e+00, 0.000000000000000000e+00
1.250000000000000000e+06, 9.815000000000000391e-01, 1.744999999999999929e+01, 7.136999999999999567e+00, 1.809000000000000052e-01, 0.000000000000000000e+00
1.500000000000000000e+06, 6.866999999999999771e-01, 1.589000000000000057e+01, 5.073999999999999844e+00, 8.961000000000000076e-01, 0.000000000000000000e+00
2.000000000000000000e+06, 3.896000000000000019e-01, 1.358000000000000007e+01, 3.064999999999999947e+00, 2.617999999999999883e+00, 0.000000000000000000e+00
2.044000000000000000e+06, 3.731999999999999762e-01, 1.341999999999999993e+01, 2.954000000000000181e+00, 2.762999999999999901e+00, 0.000000000000000000e+00
3.000000000000000000e+06, 1.744999999999999885e-01, 1.069999999999999929e+01, 1.596000000000000085e+00, 5.419999999999999929e+00, 3.738000000000000003e-03
4.000000000000000000e+06, 9.843000000000000360e-02, 8.933999999999999275e+00, 1.040999999999999925e+00, 7.575000000000000178e+00, 1.523000000000000048e-02
5.000000000000000000e+06, 6.308999999999999331e-02, 7.717999999999999972e+00, 7.610999999999999988e-01, 9.374000000000000554e+00, 3.028000000000000136e-02
6.000000000000000000e+06, 4.385000000000000009e-02, 6.823000000000000398e+00, 5.950999999999999623e-01, 1.091000000000000014e+01, 4.639999999999999680e-02
7.000000000000000000e+06, 3.223000000000000170e-02, 6.134000000000000341e+00, 4.864999999999999880e-01, 1.227999999999999936e+01, 6.241000000000000020e-02
8.000000000000000000e+06, 2.469000000000000014e-02, 5.583000000000000185e+00, 4.103999999999999870e-01, 1.350999999999999979e+01, 7.786999999999999478e-02
9.000000000000000000e+06, 1.950999999999999956e-02, 5.131999999999999673e+00, 3.542000000000000148e-01, 1.464000000000000057e+01, 9.263000000000000400e-02
1.000000000000000000e+07, 1.581000000000000114e-02, 4.756000000000000227e+00, 3.113000000000000211e-01, 1.568999999999999950e+01, 1.066000000000000003e-01
1.100000000000000000e+07, 1.307000000000000002e-02, 4.435999999999999943e+00, 2.773999999999999799e-01, 1.666000000000000014e+01, 1.198000000000000037e-01
1.200000000000000000e+07, 1.098000000000000018e-02, 4.160000000000000142e+00, 2.500000000000000000e-01, 1.755999999999999872e+01, 1.322000000000000119e-01
1.300000000000000000e+07, 9.355999999999999733e-03, 3.919000000000000039e+00, 2.275000000000000078e-01, 1.839999999999999858e+01, 1.439000000000000001e-01
1.400000000000000000e+07, 8.068000000000000518e-03, 3.708000000000000185e+00, 2.086000000000000076e-01, 1.919000000000000128e+01, 1.549999999999999989e-01
1.500000000000000000e+07, 7.028000000000000393e-03, 3.520000000000000018e+00, 1.925999999999999934e-01, 1.992999999999999972e+01, 1.653999999999999915e-01
1.600000000000000000e+07, 6.177000000000000199e-03, 3.351999999999999869e+00, 1.787999999999999867e-01, 2.062999999999999901e+01, 1.753000000000000114e-01
1.800000000000000000e+07, 4.880999999999999922e-03, 3.064000000000000057e+00, 1.564000000000000112e-01, 2.187999999999999901e+01, 1.935999999999999943e-01
2.000000000000000000e+07, 3.954000000000000049e-03, 2.826000000000000068e+00, 1.388999999999999957e-01, 2.300000000000000000e+01, 2.101999999999999980e-01
2.200000000000000000e+07, 3.268000000000000071e-03, 2.625000000000000000e+00, 1.248999999999999971e-01, 2.401999999999999957e+01, 2.253000000000000003e-01
2.400000000000000000e+07, 2.746000000000000177e-03, 2.452999999999999847e+00, 1.134000000000000008e-01, 2.494999999999999929e+01, 2.391999999999999960e-01
2.600000000000000000e+07, 2.340000000000000066e-03, 2.302999999999999936e+00, 1.039000000000000062e-01, 2.580000000000000071e+01, 2.519000000000000128e-01
2.800000000000000000e+07, 2.017999999999999829e-03, 2.173000000000000043e+00, 9.582999999999999852e-02, 2.657999999999999829e+01, 2.636999999999999900e-01
3.000000000000000000e+07, 1.757000000000000098e-03, 2.056999999999999940e+00, 8.891999999999999904e-02, 2.730000000000000071e+01, 2.746000000000000107e-01
4.000000000000000000e+07, 9.886000000000000690e-04, 1.635000000000000009e+00, 6.531000000000000694e-02, 3.023000000000000043e+01, 3.195000000000000062e-01
5.000000000000000000e+07, 6.327000000000000375e-04, 1.364999999999999991e+00, 5.158999999999999697e-02, 3.239999999999999858e+01, 3.531000000000000250e-01
6.000000000000000000e+07, 4.394000000000000011e-04, 1.175999999999999934e+00, 4.263000000000000123e-02, 3.409000000000000341e+01, 3.795000000000000040e-01
8.000000000000000000e+07, 2.471999999999999914e-04, 9.273000000000000131e-01, 3.162999999999999839e-02, 3.657000000000000028e+01, 4.189999999999999836e-01
1.000000000000000000e+08, 1.581999999999999964e-04, 7.697000000000000508e-01, 2.513999999999999915e-02, 3.832000000000000028e+01, 4.472999999999999754e-01
1.500000000000000000e+08, 7.030000000000000116e-05, 5.481000000000000316e-01, 1.660999999999999976e-02, 4.107999999999999829e+01, 4.938000000000000167e-01
2.000000000000000000e+08, 3.953999999999999751e-05, 4.298000000000000154e-01, 1.239999999999999956e-02, 4.271999999999999886e+01, 5.224999999999999645e-01
3.000000000000000000e+08, 1.758000000000000109e-05, 3.045999999999999819e-01, 8.233000000000000734e-03, 4.463000000000000256e+01, 5.574000000000000066e-01
4.000000000000000000e+08, 9.885999999999999877e-06, 2.386000000000000065e-01, 6.160999999999999810e-03, 4.572999999999999687e+01, 5.780999999999999472e-01
5.000000000000000000e+08, 6.326999999999999732e-06, 1.975000000000000089e-01, 4.922000000000000160e-03, 4.645000000000000284e+01, 5.923000000000000487e-01
6.000000000000000000e+08, 4.393999999999999774e-06, 1.691000000000000003e-01, 4.098000000000000080e-03, 4.696999999999999886e+01, 6.026000000000000245e-01
8.000000000000000000e+08, 2.471999999999999795e-06, 1.320999999999999952e-01, 3.069999999999999812e-03, 4.764999999999999858e+01, 6.168000000000000149e-01
1.000000000000000000e+09, 1.582000000000000058e-06, 1.086000000000000021e-01, 2.455000000000000151e-03, 4.809000000000000341e+01, 6.261999999999999789e-01
1.500000000000000000e+09, 7.029999999999999820e-07, 7.587000000000000688e-02, 1.634999999999999952e-03, 4.871999999999999886e+01, 6.402999999999999803e-01
2.000000000000000000e+09, 3.954000000000000069e-07, 5.872000000000000136e-02, 1.226000000000000093e-03, 4.907999999999999829e+01, 6.481999999999999984e-01
3.000000000000000000e+09, 1.757999999999999992e-07, 4.082999999999999824e-02, 8.166999999999999564e-04, 4.942999999999999972e+01, 6.569000000000000394e-01
4.000000000000000000e+09, 9.885999999999999983e-08, 3.151999999999999941e-02, 6.124000000000000320e-04, 4.967000000000000171e+01, 6.621000000000000218e-01
5.000000000000000000e+09, 6.326999999999999679e-08, 2.577000000000000124e-02, 4.899000000000000360e-04, 4.978999999999999915e+01, 6.652000000000000135e-01
6.000000000000000000e+09, 4.394000000000000171e-08, 2.185000000000000137e-02, 4.082000000000000016e-04, 4.988000000000000256e+01, 6.673999999999999932e-01
8.000000000000000000e+09, 2.471999999999999901e-08, 1.684000000000000080e-02, 3.061000000000000136e-04, 5.000000000000000000e+01, 6.703000000000000069e-01
1.000000000000000000e+10, 1.581999999999999872e-08, 1.375000000000000007e-02, 2.448999999999999897e-04, 5.007999999999999829e+01, 6.722000000000000197e-01
1.500000000000000000e+10, 7.029999999999999919e-09, 9.499999999999999764e-03, 1.632000000000000096e-04, 5.017000000000000171e+01, 6.746999999999999664e-01
2.000000000000000000e+10, 3.954000000000000201e-09, 7.302999999999999596e-03, 1.223999999999999936e-04, 5.022999999999999687e+01, 6.762000000000000233e-01
3.000000000000000000e+10, 1.757999999999999926e-09, 5.036999999999999811e-03, 8.160999999999999960e-05, 5.028000000000000114e+01, 6.775999999999999801e-01
4.000000000000000000e+10, 9.886000000000000810e-10, 3.867000000000000211e-03, 6.121000000000000518e-05, 5.032000000000000028e+01, 6.784999999999999920e-01
5.000000000000000000e+10, 6.326999999999999968e-10, 3.148999999999999889e-03, 4.895999999999999880e-05, 5.034000000000000341e+01, 6.790000000000000480e-01
6.000000000000000000e+10, 4.394000000000000026e-10, 2.661999999999999870e-03, 4.080000000000000239e-05, 5.035000000000000142e+01, 6.794000000000000039e-01
8.000000000000000000e+10, 2.471999999999999839e-10, 2.040999999999999846e-03, 3.059999999999999840e-05, 5.035999999999999943e+01, 6.796999999999999709e-01
1.000000000000000000e+11, 1.582000000000000069e-10, 1.660000000000000017e-03, 2.447999999999999940e-05, 5.036999999999999744e+01, 6.800000000000000488e-01
