1.000000000000000000e+03, 4.728000000000000000e+03, 1.175999999999999934e+00, 2.143000000000000000e+06, 0.000000000000000000e+00, 0.000000000000000000e+00
1.500000000000000000e+03, 4.527000000000000000e+03, 2.254000000000000004e+00, 9.977000000000000000e+05, 0.000000000000000000e+00, 0.000000000000000000e+00
2.000000000000000000e+03, 4.298000000000000000e+03, 3.388999999999999790e+00, 5.450000000000000000e+05, 0.000000000000000000e+00, 0.000000000000000000e+00
3.000000000000000000e+03, 3.840000000000000000e+03, 5.613000000000000433e+00, 5.689000000000000000e+05, 0.000000000000000000e+00, 0.000000000000000000e+00
4.000000000000000000e+03, 3.432000000000000000e+03, 7.618000000000000327e+00, 4.634000000000000000e+05, 0.000000000000000000e+00, 0.000000000000000000e+00
5.000000000000000000e+03, 3.079000000000000000e+03, 9.368000000000000327e+00, 2.979000000000000000e+05, 0.000000000000000000e+00, 0.000000000000000000e+00
6.000000000000000000e+03, 2.773000000000000000e+03, 1.094999999999999929e+01, 1.904000000000000000e+05, 0.000000000000000000e+00, 0.000000000000000000e+00
8.000000000000000000e+03, 2.273000000000000000e+03, 1.382000000000000028e+01, 9.270000000000000000e+04, 0.000000000000000000e+00, 0.000000000000000000e+00
1.000000000000000000e+04, 1.893000000000000000e+03, 1.635999999999999943e+01, 5.253000000000000000e+04, 0.000000000000000000e+00, 0.000000000000000000e+00
1.500000000000000000e+04, 1.270000000000000000e+03, 2.128000000000000114e+01, 4.511000000000000000e+04, 0.000000000000000000e+00, 0.000000000000000000e+00
2.000000000000000000e+04, 9.038999999999999773e+02, 2.471000000000000085e+01, 3.433000000000000000e+04, 0.000000000000000000e+00, 0.000000000000000000e+00
3.000000000000000000e+04, 5.317000000000000455e+02, 2.935000000000000142e+01, 1.200000000000000000e+04, 0.000000000000000000e+00, 0.000000000000000000e+00
4.000000000000000000e+04, 3.566999999999999886e+02, 3.217999999999999972e+01, 5.598000000000000000e+03, 0.000000000000000000e+00, 0.000000000000000000e+00
5.000000000000000000e+04, 2.550999999999999943e+02, 3.385999999999999943e+01, 3.075000000000000000e+03, 0.000000000000000000e+00, 0.000000000000000000e+00
6.000000000000000000e+04, 1.911999999999999886e+02, 3.481000000000000227e+01, 1.878000000000000000e+03, 0.000000000000000000e+00, 0.000000000000000000e+00
8.000000000000000000e+04, 1.200999999999999943e+02, 3.553999999999999915e+01, 8.577000000000000455e+02, 0.000000000000000000e+00, 0.000000000000000000e+00
1.000000000000000000e+05, 8.317000000000000171e+01, 3.546999999999999886e+01, 2.125000000000000000e+03, 0.000000000000000000e+00, 0.000000000000000000e+00
1.500000000000000000e+05, 4.122999999999999687e+01, 3.406000000000000227e+01, 7.412000000000000455e+02, 0.000000000000000000e+00, 0.000000000000000000e+00
2.000000000000000000e+05, 2.462999999999999901e+01, 3.224000000000000199e+01, 3.491000000000000227e+02, 0.000000000000000000e+00, 0.000000000000000000e+00
3.000000000000000000e+05, 1.177999999999999936e+01, 2.892999999999999972e+01, 1.222000000000000028e+02, 0.000000000000000000e+00, 0.000000000000000000e+00
4.000000000000000000e+05, 6.905000000000000249e+00, 2.632999999999999829e+01, 5.959000000000000341e+01, 0.000000000000000000e+00, 0.000000000000000000e+00
5.000000000000000000e+05, 4.530000000000000249e+00, 2.426000000000000156e+01, 3.490999999999999659e+01, 0.000000000000000000e+00, 0.000000000000000000e+00
6.000000000000000000e+05, 3.197999999999999954e+00, 2.257999999999999829e+01, 2.294000000000000128e+01, 0.000000000000000000e+00, 0.000000000000000000e+00
8.000000000000000000e+05, 1.836000000000000076e+00, 1.996000000000000085e+01, 1.223000000000000043e+01, 0.000000000000000000e+00, 0.000000000000000000e+00
1.000000000000000000e+06, 1.189999999999999947e+00, 1.801000000000000156e+01, 7.724000000000000199e+00, 0.000000000000000000e+00, 0.000000000000000000e+00
1.022000000000000000e+06, 1.139999999999999902e+00, 1.782999999999999829e+01, 7.394000000000000128e+00, 0.000000000000000000e+00, 0.000000000000000000e+00
1.250000000000000000e+06, 7.687000000000000499e-01, 1.614999999999999858e+01, 4.990999999999999659e+00, 1.476999999999999980e-01, 0.000000000000000000e+00
1.500000000000000000e+06, 5.370000000000000329e-01, 1.469999999999999929e+01, 3.552999999999999936e+00, 7.138999999999999790e-01, 0.000000000000000000e+00
2.000000000000000000e+06, 3.040999999999999814e-01, 1.256000000000000050e+01, 2.148000000000000131e+00, 2.126999999999999780e+00, 0.000000000000000000e+00
2.044000000000000000e+06, 2.913000000000000034e-01, 1.241000000000000014e+01, 2.069999999999999840e+00, 2.249000000000000110e+00, 0.000000000000000000e+00
3.000000000000000000e+06, 1.358999999999999930e-01, 9.898999999999999133e+00, 1.120999999999999996e+00, 4.560999999999999943e+00, 3.458000000000000136e-03
4.000000000000000000e+06, 7.663000000000000367e-02, 8.262999999999999901e+00, 7.329999999999999849e-01, 6.485000000000000320e+00, 1.409000000000000009e-02
5.000000000000000000e+06, 4.909999999999999781e-02, 7.137999999999999901e+00, 5.366999999999999549e-01, 8.092999999999999972e+00, 2.801999999999999977e-02
6.000000000000000000e+06, 3.411000000000000143e-02, 6.309999999999999609e+00, 4.202000000000000179e-01, 9.480000000000000426e+00, 4.295000000000000207e-02
7.000000000000000000e+06, 2.506999999999999854e-02, 5.671999999999999709e+00, 3.438999999999999835e-01, 1.069999999999999929e+01, 5.777999999999999803e-02
8.000000000000000000e+06, 1.919999999999999832e-02, 5.163000000000000256e+00, 2.903000000000000025e-01, 1.180000000000000071e+01, 7.212000000000000355e-02
9.000000000000000000e+06, 1.516999999999999946e-02, 4.746000000000000441e+00, 2.508000000000000229e-01, 1.280000000000000071e+01, 8.580000000000000127e-02
1.000000000000000000e+07, 1.229000000000000058e-02, 4.397999999999999687e+00, 2.205000000000000016e-01, 1.373000000000000043e+01, 9.876999999999999669e-02
1.100000000000000000e+07, 1.016000000000000063e-02, 4.102000000000000313e+00, 1.965999999999999970e-01, 1.458999999999999986e+01, 1.110000000000000014e-01
1.200000000000000000e+07, 8.538000000000000450e-03, 3.846999999999999975e+00, 1.773000000000000131e-01, 1.538000000000000078e+01, 1.224999999999999978e-01
1.300000000000000000e+07, 7.275000000000000216e-03, 3.624000000000000110e+00, 1.613999999999999879e-01, 1.612999999999999901e+01, 1.333999999999999908e-01
1.400000000000000000e+07, 6.272999999999999930e-03, 3.428999999999999826e+00, 1.481000000000000094e-01, 1.682999999999999829e+01, 1.436000000000000054e-01
1.500000000000000000e+07, 5.465000000000000240e-03, 3.254999999999999893e+00, 1.366999999999999882e-01, 1.748000000000000043e+01, 1.534000000000000086e-01
1.600000000000000000e+07, 4.802999999999999978e-03, 3.100000000000000089e+00, 1.270000000000000018e-01, 1.808999999999999986e+01, 1.625999999999999945e-01
1.800000000000000000e+07, 3.795000000000000196e-03, 2.834000000000000075e+00, 1.111000000000000043e-01, 1.919000000000000128e+01, 1.796000000000000096e-01
2.000000000000000000e+07, 3.073999999999999910e-03, 2.612999999999999989e+00, 9.872000000000000219e-02, 2.017000000000000171e+01, 1.950000000000000067e-01
2.200000000000000000e+07, 2.540999999999999856e-03, 2.427000000000000046e+00, 8.880000000000000393e-02, 2.105999999999999872e+01, 2.091000000000000081e-01
2.400000000000000000e+07, 2.135000000000000179e-03, 2.267999999999999794e+00, 8.068000000000000171e-02, 2.187999999999999901e+01, 2.218999999999999861e-01
2.600000000000000000e+07, 1.819000000000000087e-03, 2.129999999999999893e+00, 7.391000000000000347e-02, 2.262000000000000099e+01, 2.338000000000000078e-01
2.800000000000000000e+07, 1.569000000000000082e-03, 2.008999999999999897e+00, 6.819000000000000061e-02, 2.330000000000000071e+01, 2.447999999999999898e-01
3.000000000000000000e+07, 1.366999999999999943e-03, 1.901999999999999913e+00, 6.328000000000000291e-02, 2.392999999999999972e+01, 2.549000000000000155e-01
4.000000000000000000e+07, 7.686999999999999823e-04, 1.512000000000000011e+00, 4.651000000000000273e-02, 2.648999999999999844e+01, 2.967000000000000193e-01
5.000000000000000000e+07, 4.918999999999999762e-04, 1.262000000000000011e+00, 3.676000000000000101e-02, 2.839999999999999858e+01, 3.281000000000000028e-01
6.000000000000000000e+07, 3.416000000000000091e-04, 1.086999999999999966e+00, 3.038000000000000075e-02, 2.987000000000000099e+01, 3.528000000000000025e-01
8.000000000000000000e+07, 1.922000000000000097e-04, 8.575000000000000400e-01, 2.255000000000000060e-02, 3.203999999999999915e+01, 3.896000000000000019e-01
1.000000000000000000e+08, 1.230000000000000082e-04, 7.117999999999999883e-01, 1.791999999999999843e-02, 3.357000000000000028e+01, 4.161000000000000254e-01
1.500000000000000000e+08, 5.466000000000000183e-05, 5.069000000000000172e-01, 1.184999999999999942e-02, 3.597999999999999687e+01, 4.593999999999999750e-01
2.000000000000000000e+08, 3.075000000000000205e-05, 3.973999999999999755e-01, 8.848999999999999228e-03, 3.740999999999999659e+01, 4.862000000000000210e-01
3.000000000000000000e+08, 1.366999999999999956e-05, 2.817000000000000060e-01, 5.873999999999999881e-03, 3.907999999999999829e+01, 5.187000000000000499e-01
4.000000000000000000e+08, 7.686999999999999416e-06, 2.205999999999999905e-01, 4.395999999999999734e-03, 4.003000000000000114e+01, 5.380000000000000338e-01
5.000000000000000000e+08, 4.920000000000000328e-06, 1.826000000000000123e-01, 3.511999999999999931e-03, 4.065999999999999659e+01, 5.511000000000000343e-01
6.000000000000000000e+08, 3.415999999999999989e-06, 1.564000000000000112e-01, 2.925000000000000083e-03, 4.110999999999999943e+01, 5.605999999999999872e-01
8.000000000000000000e+08, 1.921999999999999979e-06, 1.221000000000000002e-01, 2.190999999999999805e-03, 4.170000000000000284e+01, 5.736999999999999877e-01
1.000000000000000000e+09, 1.230000000000000082e-06, 1.005000000000000060e-01, 1.752000000000000085e-03, 4.209000000000000341e+01, 5.824000000000000288e-01
1.500000000000000000e+09, 5.465999999999999844e-07, 7.016000000000000014e-02, 1.167000000000000069e-03, 4.264000000000000057e+01, 5.950999999999999623e-01
2.000000000000000000e+09, 3.075000000000000205e-07, 5.430000000000000104e-02, 8.746999999999999567e-04, 4.293999999999999773e+01, 6.024000000000000465e-01
3.000000000000000000e+09, 1.366999999999999998e-07, 3.776000000000000190e-02, 5.829000000000000197e-04, 4.327000000000000313e+01, 6.100999999999999757e-01
4.000000000000000000e+09, 7.686999999999999945e-08, 2.914999999999999883e-02, 4.370999999999999994e-04, 4.345000000000000284e+01, 6.147000000000000242e-01
5.000000000000000000e+09, 4.919999999999999719e-08, 2.383000000000000049e-02, 3.495999999999999867e-04, 4.356000000000000227e+01, 6.175000000000000488e-01
6.000000000000000000e+09, 3.416000000000000281e-08, 2.020999999999999880e-02, 2.912999999999999791e-04, 4.364000000000000057e+01, 6.195000000000000506e-01
8.000000000000000000e+09, 1.921999999999999939e-08, 1.557000000000000051e-02, 2.184999999999999985e-04, 4.374000000000000199e+01, 6.220999999999999863e-01
1.000000000000000000e+10, 1.229999999999999930e-08, 1.271000000000000081e-02, 1.747999999999999934e-04, 4.379999999999999716e+01, 6.237000000000000322e-01
1.500000000000000000e+10, 5.465999999999999943e-09, 8.784999999999999407e-03, 1.164999999999999993e-04, 4.389000000000000057e+01, 6.259000000000000119e-01
2.000000000000000000e+10, 3.074999999999999824e-09, 6.753999999999999587e-03, 8.736999999999999866e-05, 4.393999999999999773e+01, 6.271999999999999797e-01
3.000000000000000000e+10, 1.366999999999999932e-09, 4.657999999999999814e-03, 5.823999999999999804e-05, 4.399000000000000199e+01, 6.283999999999999586e-01
4.000000000000000000e+10, 7.687000000000000442e-10, 3.576000000000000185e-03, 4.368000000000000192e-05, 4.402000000000000313e+01, 6.291999999999999815e-01
5.000000000000000000e+10, 4.919999999999999554e-10, 2.912000000000000092e-03, 3.495000000000000249e-05, 4.403000000000000114e+01, 6.297000000000000375e-01
6.000000000000000000e+10, 3.415999999999999888e-10, 2.461000000000000080e-03, 2.911999999999999902e-05, 4.403999999999999915e+01, 6.300000000000000044e-01
8.000000000000000000e+10, 1.921999999999999929e-10, 1.887000000000000005e-03, 2.184000000000000096e-05, 4.406000000000000227e+01, 6.302999999999999714e-01
1.000000000000000000e+11, 1.229999999999999888e-10, 1.536000000000000039e-03, 1.747000000000000045e-05, 4.407000000000000028e+01, 6.306000000000000494e-01
