1.000000000000000000e+03, 3.796000000000000000e+03, 1.254999999999999893e+00, 1.350000000000000000e+06, 0.000000000000000000e+00, 0.000000000000000000e+00
1.500000000000000000e+03, 3.643000000000000000e+03, 2.233999999999999986e+00, 6.022000000000000000e+05, 0.000000000000000000e+00, 0.000000000000000000e+00
2.000000000000000000e+03, 3.468000000000000000e+03, 3.181000000000000050e+00, 3.259000000000000000e+05, 0.000000000000000000e+00, 0.000000000000000000e+00
3.000000000000000000e+03, 3.110000000000000000e+03, 4.990000000000000213e+00, 6.389000000000000000e+05, 0.000000000000000000e+00, 0.000000000000000000e+00
4.000000000000000000e+03, 2.776000000000000000e+03, 6.711000000000000298e+00, 3.365000000000000000e+05, 0.000000000000000000e+00, 0.000000000000000000e+00
5.000000000000000000e+03, 2.480000000000000000e+03, 8.342000000000000526e+00, 1.947000000000000000e+05, 0.000000000000000000e+00, 0.000000000000000000e+00
6.000000000000000000e+03, 2.222000000000000000e+03, 9.887000000000000455e+00, 1.234000000000000000e+05, 0.000000000000000000e+00, 0.000000000000000000e+00
8.000000000000000000e+03, 1.806000000000000000e+03, 1.266999999999999993e+01, 5.928000000000000000e+04, 0.000000000000000000e+00, 0.000000000000000000e+00
1.000000000000000000e+04, 1.490000000000000000e+03, 1.500000000000000000e+01, 3.329000000000000000e+04, 0.000000000000000000e+00, 0.000000000000000000e+00
1.500000000000000000e+04, 9.743999999999999773e+02, 1.942999999999999972e+01, 4.785000000000000000e+04, 0.000000000000000000e+00, 0.000000000000000000e+00
2.000000000000000000e+04, 6.867000000000000455e+02, 2.269000000000000128e+01, 2.265000000000000000e+04, 0.000000000000000000e+00, 0.000000000000000000e+00
3.000000000000000000e+04, 4.058000000000000114e+02, 2.710000000000000142e+01, 7.693000000000000000e+03, 0.000000000000000000e+00, 0.000000000000000000e+00
4.000000000000000000e+04, 2.690000000000000000e+02, 2.962999999999999901e+01, 3.528000000000000000e+03, 0.000000000000000000e+00, 0.000000000000000000e+00
5.000000000000000000e+04, 1.905000000000000000e+02, 3.105000000000000071e+01, 1.915000000000000000e+03, 0.000000000000000000e+00, 0.000000000000000000e+00
6.000000000000000000e+04, 1.425999999999999943e+02, 3.183999999999999986e+01, 1.158000000000000000e+03, 0.000000000000000000e+00, 0.000000000000000000e+00
8.000000000000000000e+04, 8.965000000000000568e+01, 3.238000000000000256e+01, 2.618000000000000000e+03, 0.000000000000000000e+00, 0.000000000000000000e+00
1.000000000000000000e+05, 6.171999999999999886e+01, 3.224000000000000199e+01, 1.456000000000000000e+03, 0.000000000000000000e+00, 0.000000000000000000e+00
1.500000000000000000e+05, 3.026999999999999957e+01, 3.082000000000000028e+01, 4.943999999999999773e+02, 0.000000000000000000e+00, 0.000000000000000000e+00
2.000000000000000000e+05, 1.803999999999999915e+01, 2.910000000000000142e+01, 2.281999999999999886e+02, 0.000000000000000000e+00, 0.000000000000000000e+00
3.000000000000000000e+05, 8.586000000000000298e+00, 2.603999999999999915e+01, 7.790000000000000568e+01, 0.000000000000000000e+00, 0.000000000000000000e+00
4.000000000000000000e+05, 5.003000000000000114e+00, 2.366000000000000014e+01, 3.734000000000000341e+01, 0.000000000000000000e+00, 0.000000000000000000e+00
5.000000000000000000e+05, 3.269000000000000128e+00, 2.178999999999999915e+01, 2.162999999999999901e+01, 0.000000000000000000e+00, 0.000000000000000000e+00
6.000000000000000000e+05, 2.301000000000000156e+00, 2.026999999999999957e+01, 1.409999999999999964e+01, 0.000000000000000000e+00, 0.000000000000000000e+00
8.000000000000000000e+05, 1.316999999999999948e+00, 1.791000000000000014e+01, 7.448999999999999844e+00, 0.000000000000000000e+00, 0.000000000000000000e+00
1.000000000000000000e+06, 8.511999999999999567e-01, 1.614999999999999858e+01, 4.685999999999999943e+00, 0.000000000000000000e+00, 0.000000000000000000e+00
1.022000000000000000e+06, 8.155999999999999917e-01, 1.598000000000000043e+01, 4.485000000000000320e+00, 0.000000000000000000e+00, 0.000000000000000000e+00
1.250000000000000000e+06, 5.489000000000000545e-01, 1.447000000000000064e+01, 3.024999999999999911e+00, 1.097999999999999948e-01, 0.000000000000000000e+00
1.500000000000000000e+06, 3.829000000000000181e-01, 1.316999999999999993e+01, 2.156000000000000139e+00, 5.171000000000000041e-01, 0.000000000000000000e+00
2.000000000000000000e+06, 2.164999999999999980e-01, 1.125999999999999979e+01, 1.304999999999999938e+00, 1.586999999999999966e+00, 0.000000000000000000e+00
2.044000000000000000e+06, 2.073000000000000120e-01, 1.111999999999999922e+01, 1.258000000000000007e+00, 1.681999999999999940e+00, 0.000000000000000000e+00
3.000000000000000000e+06, 9.660000000000000531e-02, 8.865999999999999659e+00, 6.834000000000000075e-01, 3.560999999999999943e+00, 3.098000000000000059e-03
4.000000000000000000e+06, 5.442000000000000309e-02, 7.399000000000000021e+00, 4.481999999999999873e-01, 5.184000000000000163e+00, 1.263000000000000060e-02
5.000000000000000000e+06, 3.484999999999999903e-02, 6.392000000000000348e+00, 3.289000000000000257e-01, 6.541999999999999815e+00, 2.511999999999999997e-02
6.000000000000000000e+06, 2.420999999999999888e-02, 5.650000000000000355e+00, 2.580000000000000071e-01, 7.711000000000000298e+00, 3.851000000000000256e-02
7.000000000000000000e+06, 1.779000000000000026e-02, 5.078999999999999737e+00, 2.114999999999999936e-01, 8.740999999999999659e+00, 5.181999999999999801e-02
8.000000000000000000e+06, 1.362999999999999975e-02, 4.623000000000000220e+00, 1.787999999999999867e-01, 9.667999999999999261e+00, 6.468999999999999750e-02
9.000000000000000000e+06, 1.077000000000000006e-02, 4.250000000000000000e+00, 1.545999999999999874e-01, 1.050999999999999979e+01, 7.698000000000000675e-02
1.000000000000000000e+07, 8.722000000000000586e-03, 3.938000000000000167e+00, 1.360000000000000098e-01, 1.128999999999999915e+01, 8.863000000000000045e-02
1.100000000000000000e+07, 7.209000000000000130e-03, 3.673000000000000043e+00, 1.213999999999999940e-01, 1.200000000000000000e+01, 9.964000000000000634e-02
1.200000000000000000e+07, 6.058000000000000017e-03, 3.444999999999999840e+00, 1.095000000000000001e-01, 1.266999999999999993e+01, 1.100000000000000006e-01
1.300000000000000000e+07, 5.161999999999999922e-03, 3.245000000000000107e+00, 9.975000000000000533e-02, 1.328999999999999915e+01, 1.198000000000000037e-01
1.400000000000000000e+07, 4.451000000000000095e-03, 3.069999999999999840e+00, 9.155000000000000637e-02, 1.386999999999999922e+01, 1.290000000000000036e-01
1.500000000000000000e+07, 3.876999999999999804e-03, 2.915000000000000036e+00, 8.458000000000000240e-02, 1.441999999999999993e+01, 1.378000000000000058e-01
1.600000000000000000e+07, 3.408000000000000005e-03, 2.775999999999999801e+00, 7.857999999999999707e-02, 1.491999999999999993e+01, 1.461000000000000076e-01
1.800000000000000000e+07, 2.693000000000000081e-03, 2.536999999999999922e+00, 6.880000000000000004e-02, 1.583999999999999986e+01, 1.613999999999999879e-01
2.000000000000000000e+07, 2.181000000000000213e-03, 2.339999999999999858e+00, 6.115999999999999909e-02, 1.664999999999999858e+01, 1.753000000000000114e-01
2.200000000000000000e+07, 1.802999999999999915e-03, 2.173000000000000043e+00, 5.503999999999999865e-02, 1.739000000000000057e+01, 1.880000000000000004e-01
2.400000000000000000e+07, 1.515000000000000071e-03, 2.031000000000000139e+00, 5.002999999999999808e-02, 1.805999999999999872e+01, 1.996999999999999886e-01
2.600000000000000000e+07, 1.291000000000000047e-03, 1.907000000000000028e+00, 4.585000000000000187e-02, 1.867999999999999972e+01, 2.104000000000000037e-01
2.800000000000000000e+07, 1.113000000000000057e-03, 1.798999999999999932e+00, 4.231000000000000039e-02, 1.923999999999999844e+01, 2.202999999999999958e-01
3.000000000000000000e+07, 9.694000000000000360e-04, 1.703000000000000069e+00, 3.926999999999999935e-02, 1.976000000000000156e+01, 2.295000000000000095e-01
4.000000000000000000e+07, 5.452999999999999731e-04, 1.354000000000000092e+00, 2.888999999999999901e-02, 2.187999999999999901e+01, 2.674000000000000266e-01
5.000000000000000000e+07, 3.490000000000000263e-04, 1.129999999999999893e+00, 2.283999999999999919e-02, 2.346000000000000085e+01, 2.958000000000000074e-01
6.000000000000000000e+07, 2.424000000000000102e-04, 9.735000000000000320e-01, 1.889000000000000054e-02, 2.467999999999999972e+01, 3.181999999999999829e-01
8.000000000000000000e+07, 1.363000000000000062e-04, 7.678000000000000380e-01, 1.403000000000000080e-02, 2.646999999999999886e+01, 3.516000000000000236e-01
1.000000000000000000e+08, 8.725000000000000659e-05, 6.372999999999999776e-01, 1.115000000000000019e-02, 2.773999999999999844e+01, 3.756999999999999784e-01
1.500000000000000000e+08, 3.877999999999999801e-05, 4.537999999999999812e-01, 7.375999999999999744e-03, 2.973999999999999844e+01, 4.151000000000000245e-01
2.000000000000000000e+08, 2.180999999999999955e-05, 3.558000000000000052e-01, 5.509000000000000008e-03, 3.092000000000000171e+01, 4.395000000000000018e-01
3.000000000000000000e+08, 9.694000000000000698e-06, 2.521999999999999797e-01, 3.657999999999999793e-03, 3.229999999999999716e+01, 4.689999999999999725e-01
4.000000000000000000e+08, 5.453000000000000138e-06, 1.975000000000000089e-01, 2.737999999999999982e-03, 3.307999999999999829e+01, 4.864999999999999880e-01
5.000000000000000000e+08, 3.490000000000000043e-06, 1.635000000000000064e-01, 2.187999999999999841e-03, 3.359000000000000341e+01, 4.984000000000000097e-01
6.000000000000000000e+08, 2.424000000000000000e-06, 1.400000000000000133e-01, 1.822000000000000052e-03, 3.396000000000000085e+01, 5.070999999999999952e-01
8.000000000000000000e+08, 1.362999999999999910e-06, 1.092999999999999944e-01, 1.364999999999999894e-03, 3.445000000000000284e+01, 5.190000000000000169e-01
1.000000000000000000e+09, 8.725000000000000108e-07, 8.995000000000000218e-02, 1.090999999999999956e-03, 3.477000000000000313e+01, 5.269000000000000350e-01
1.500000000000000000e+09, 3.878000000000000182e-07, 6.282000000000000084e-02, 7.267999999999999938e-04, 3.521999999999999886e+01, 5.385999999999999677e-01
2.000000000000000000e+09, 2.181000000000000008e-07, 4.861999999999999655e-02, 5.448999999999999634e-04, 3.546999999999999886e+01, 5.452000000000000179e-01
3.000000000000000000e+09, 9.694000000000000646e-08, 3.380999999999999978e-02, 3.630999999999999896e-04, 3.574000000000000199e+01, 5.524000000000000021e-01
4.000000000000000000e+09, 5.452999999999999926e-08, 2.610000000000000167e-02, 2.723000000000000051e-04, 3.588000000000000256e+01, 5.565999999999999837e-01
5.000000000000000000e+09, 3.490000000000000149e-08, 2.134000000000000133e-02, 2.178000000000000086e-04, 3.596999999999999886e+01, 5.592000000000000304e-01
6.000000000000000000e+09, 2.424000000000000067e-08, 1.808999999999999844e-02, 1.814999999999999936e-04, 3.603999999999999915e+01, 5.610000000000000542e-01
8.000000000000000000e+09, 1.363000000000000029e-08, 1.393999999999999927e-02, 1.361000000000000014e-04, 3.611999999999999744e+01, 5.634000000000000119e-01
1.000000000000000000e+10, 8.725000000000000373e-09, 1.137999999999999949e-02, 1.089000000000000043e-04, 3.617000000000000171e+01, 5.648999999999999577e-01
1.500000000000000000e+10, 3.878000000000000050e-09, 7.865000000000000463e-03, 7.257999999999999966e-05, 3.624000000000000199e+01, 5.668999999999999595e-01
2.000000000000000000e+10, 2.180999999999999810e-09, 6.047000000000000292e-03, 5.442999999999999895e-05, 3.628000000000000114e+01, 5.682000000000000384e-01
3.000000000000000000e+10, 9.693999999999999818e-10, 4.170000000000000095e-03, 3.627999999999999823e-05, 3.632000000000000028e+01, 5.693000000000000282e-01
4.000000000000000000e+10, 5.452999999999999678e-10, 3.201999999999999985e-03, 2.720999999999999867e-05, 3.634000000000000341e+01, 5.699999999999999512e-01
5.000000000000000000e+10, 3.489999999999999839e-10, 2.606999999999999942e-03, 2.176999999999999994e-05, 3.635999999999999943e+01, 5.705000000000000071e-01
6.000000000000000000e+10, 2.424000000000000108e-10, 2.203999999999999796e-03, 1.813999999999999912e-05, 3.636999999999999744e+01, 5.706999999999999851e-01
8.000000000000000000e+10, 1.363000000000000101e-10, 1.690000000000000096e-03, 1.361000000000000014e-05, 3.638000000000000256e+01, 5.709999999999999520e-01
1.000000000000000000e+11, 8.724999999999999597e-11, 1.374999999999999920e-03, 1.087999999999999917e-05, 3.638000000000000256e+01, 5.713000000000000300e-01
