1.000000000000000000e+03, 1.774000000000000000e+03, 9.878000000000000114e-01, 1.915000000000000000e+06, 0.000000000000000000e+00, 0.000000000000000000e+00
1.500000000000000000e+03, 1.677000000000000000e+03, 1.889999999999999902e+00, 8.242000000000000000e+05, 0.000000000000000000e+00, 0.000000000000000000e+00
2.000000000000000000e+03, 1.569000000000000000e+03, 2.829000000000000181e+00, 4.192000000000000000e+05, 0.000000000000000000e+00, 0.000000000000000000e+00
3.000000000000000000e+03, 1.362000000000000000e+03, 4.613999999999999879e+00, 1.550000000000000000e+05, 0.000000000000000000e+00, 0.000000000000000000e+00
4.000000000000000000e+03, 1.186000000000000000e+03, 6.177999999999999936e+00, 7.483000000000000000e+04, 0.000000000000000000e+00, 0.000000000000000000e+00
5.000000000000000000e+03, 1.041000000000000000e+03, 7.519000000000000128e+00, 1.766000000000000000e+05, 0.000000000000000000e+00, 0.000000000000000000e+00
6.000000000000000000e+03, 9.180000000000000000e+02, 8.701000000000000512e+00, 1.292000000000000000e+05, 0.000000000000000000e+00, 0.000000000000000000e+00
8.000000000000000000e+03, 7.262000000000000455e+02, 1.075999999999999979e+01, 6.082000000000000000e+04, 0.000000000000000000e+00, 0.000000000000000000e+00
1.000000000000000000e+04, 5.897000000000000455e+02, 1.255000000000000071e+01, 3.366000000000000000e+04, 0.000000000000000000e+00, 0.000000000000000000e+00
1.500000000000000000e+04, 3.883999999999999773e+02, 1.597000000000000064e+01, 1.121000000000000000e+04, 0.000000000000000000e+00, 0.000000000000000000e+00
2.000000000000000000e+04, 2.765000000000000000e+02, 1.821999999999999886e+01, 5.065000000000000000e+03, 0.000000000000000000e+00, 0.000000000000000000e+00
3.000000000000000000e+04, 1.570999999999999943e+02, 2.087999999999999901e+01, 1.626000000000000000e+03, 0.000000000000000000e+00, 0.000000000000000000e+00
4.000000000000000000e+04, 1.024000000000000057e+02, 2.228000000000000114e+01, 4.532000000000000000e+03, 0.000000000000000000e+00, 0.000000000000000000e+00
5.000000000000000000e+04, 7.273999999999999488e+01, 2.303999999999999915e+01, 2.501000000000000000e+03, 0.000000000000000000e+00, 0.000000000000000000e+00
6.000000000000000000e+04, 5.429999999999999716e+01, 2.339999999999999858e+01, 1.519000000000000000e+03, 0.000000000000000000e+00, 0.000000000000000000e+00
8.000000000000000000e+04, 3.339000000000000057e+01, 2.350000000000000000e+01, 6.827999999999999545e+02, 0.000000000000000000e+00, 0.000000000000000000e+00
1.000000000000000000e+05, 2.262000000000000099e+01, 2.317999999999999972e+01, 3.635000000000000000e+02, 0.000000000000000000e+00, 0.000000000000000000e+00
1.500000000000000000e+05, 1.100000000000000000e+01, 2.183999999999999986e+01, 1.142000000000000028e+02, 0.000000000000000000e+00, 0.000000000000000000e+00
2.000000000000000000e+05, 6.504999999999999893e+00, 2.046000000000000085e+01, 5.021999999999999886e+01, 0.000000000000000000e+00, 0.000000000000000000e+00
3.000000000000000000e+05, 3.035000000000000142e+00, 1.817999999999999972e+01, 1.612000000000000099e+01, 0.000000000000000000e+00, 0.000000000000000000e+00
4.000000000000000000e+05, 1.747999999999999998e+00, 1.646000000000000085e+01, 7.429000000000000270e+00, 0.000000000000000000e+00, 0.000000000000000000e+00
5.000000000000000000e+05, 1.133999999999999897e+00, 1.511999999999999922e+01, 4.189000000000000057e+00, 0.000000000000000000e+00, 0.000000000000000000e+00
6.000000000000000000e+05, 7.945999999999999730e-01, 1.403999999999999915e+01, 2.684000000000000163e+00, 0.000000000000000000e+00, 0.000000000000000000e+00
8.000000000000000000e+05, 4.516000000000000014e-01, 1.238000000000000078e+01, 1.389999999999999902e+00, 0.000000000000000000e+00, 0.000000000000000000e+00
1.000000000000000000e+06, 2.906000000000000250e-01, 1.115000000000000036e+01, 8.682999999999999607e-01, 0.000000000000000000e+00, 0.000000000000000000e+00
1.022000000000000000e+06, 2.783999999999999808e-01, 1.102999999999999936e+01, 8.265000000000000124e-01, 0.000000000000000000e+00, 0.000000000000000000e+00
1.250000000000000000e+06, 1.867000000000000048e-01, 9.983000000000000540e+00, 5.573000000000000176e-01, 3.969000000000000306e-02, 0.000000000000000000e+00
1.500000000000000000e+06, 1.298999999999999877e-01, 9.080999999999999517e+00, 3.988999999999999768e-01, 1.836000000000000132e-01, 0.000000000000000000e+00
2.000000000000000000e+06, 7.326000000000000567e-02, 7.756000000000000227e+00, 2.427999999999999881e-01, 6.192999999999999616e-01, 0.000000000000000000e+00
2.044000000000000000e+06, 7.015000000000000402e-02, 7.660999999999999588e+00, 2.341999999999999915e-01, 6.614999999999999769e-01, 0.000000000000000000e+00
3.000000000000000000e+06, 3.261000000000000010e-02, 6.107000000000000206e+00, 1.287999999999999978e-01, 1.560999999999999943e+00, 2.135999999999999878e-03
4.000000000000000000e+06, 1.836000000000000132e-02, 5.094999999999999751e+00, 8.526999999999999857e-02, 2.392999999999999794e+00, 8.710999999999999993e-03
5.000000000000000000e+06, 1.175000000000000003e-02, 4.400999999999999801e+00, 6.304999999999999494e-02, 3.109999999999999876e+00, 1.734000000000000125e-02
6.000000000000000000e+06, 8.162000000000000852e-03, 3.890000000000000124e+00, 4.975000000000000255e-02, 3.728000000000000203e+00, 2.659999999999999865e-02
7.000000000000000000e+06, 5.996999999999999727e-03, 3.496999999999999886e+00, 4.096999999999999947e-02, 4.277999999999999581e+00, 3.581999999999999768e-02
8.000000000000000000e+06, 4.591999999999999728e-03, 3.182999999999999829e+00, 3.475999999999999923e-02, 4.772000000000000242e+00, 4.474000000000000199e-02
9.000000000000000000e+06, 3.628000000000000148e-03, 2.926000000000000156e+00, 3.014999999999999972e-02, 5.221000000000000085e+00, 5.328000000000000097e-02
1.000000000000000000e+07, 2.939000000000000206e-03, 2.710999999999999854e+00, 2.659999999999999865e-02, 5.631999999999999673e+00, 6.137999999999999706e-02
1.100000000000000000e+07, 2.429000000000000169e-03, 2.528000000000000025e+00, 2.378999999999999865e-02, 6.011000000000000121e+00, 6.904000000000000414e-02
1.200000000000000000e+07, 2.040999999999999846e-03, 2.370999999999999996e+00, 2.151000000000000134e-02, 6.362000000000000099e+00, 7.627000000000000446e-02
1.300000000000000000e+07, 1.739000000000000094e-03, 2.233999999999999986e+00, 1.961999999999999855e-02, 6.687999999999999723e+00, 8.307000000000000495e-02
1.400000000000000000e+07, 1.500000000000000031e-03, 2.112999999999999989e+00, 1.803000000000000089e-02, 6.988000000000000433e+00, 8.953999999999999460e-02
1.500000000000000000e+07, 1.306000000000000086e-03, 2.007000000000000117e+00, 1.668000000000000038e-02, 7.267000000000000348e+00, 9.565999999999999504e-02
1.600000000000000000e+07, 1.147999999999999932e-03, 1.911000000000000032e+00, 1.552000000000000081e-02, 7.525000000000000355e+00, 1.015000000000000069e-01
1.800000000000000000e+07, 9.072000000000000420e-04, 1.745999999999999996e+00, 1.361000000000000057e-02, 7.996000000000000441e+00, 1.121999999999999942e-01
2.000000000000000000e+07, 7.347999999999999714e-04, 1.610000000000000098e+00, 1.212000000000000056e-02, 8.419000000000000483e+00, 1.219999999999999973e-01
2.200000000000000000e+07, 6.072999999999999622e-04, 1.495999999999999996e+00, 1.091999999999999915e-02, 8.801999999999999602e+00, 1.310000000000000053e-01
2.400000000000000000e+07, 5.102999999999999897e-04, 1.397999999999999909e+00, 9.939999999999999183e-03, 9.150000000000000355e+00, 1.391999999999999904e-01
2.600000000000000000e+07, 4.347999999999999977e-04, 1.312999999999999945e+00, 9.117999999999999369e-03, 9.467999999999999972e+00, 1.468000000000000138e-01
2.800000000000000000e+07, 3.749000000000000054e-04, 1.237999999999999989e+00, 8.420999999999999666e-03, 9.757999999999999119e+00, 1.537999999999999923e-01
3.000000000000000000e+07, 3.266000000000000240e-04, 1.171999999999999931e+00, 7.823000000000000093e-03, 1.002999999999999936e+01, 1.603999999999999870e-01
4.000000000000000000e+07, 1.836999999999999929e-04, 9.316999999999999726e-01, 5.769999999999999955e-03, 1.110999999999999943e+01, 1.874000000000000110e-01
5.000000000000000000e+07, 1.175999999999999989e-04, 7.778000000000000469e-01, 4.570000000000000277e-03, 1.191999999999999993e+01, 2.079000000000000015e-01
6.000000000000000000e+07, 8.165000000000000599e-05, 6.701000000000000290e-01, 3.782999999999999904e-03, 1.255000000000000071e+01, 2.242000000000000104e-01
8.000000000000000000e+07, 4.593000000000000240e-05, 5.284999999999999698e-01, 2.812999999999999962e-03, 1.347000000000000064e+01, 2.485999999999999877e-01
1.000000000000000000e+08, 2.939000000000000152e-05, 4.386999999999999789e-01, 2.239000000000000105e-03, 1.413000000000000078e+01, 2.664000000000000257e-01
1.500000000000000000e+08, 1.306000000000000032e-05, 3.124000000000000110e-01, 1.482000000000000027e-03, 1.517999999999999972e+01, 2.958999999999999964e-01
2.000000000000000000e+08, 7.347999999999999782e-06, 2.449000000000000066e-01, 1.108000000000000044e-03, 1.581000000000000050e+01, 3.143000000000000238e-01
3.000000000000000000e+08, 3.266000000000000155e-06, 1.736000000000000043e-01, 7.360000000000000006e-04, 1.653999999999999915e+01, 3.368999999999999773e-01
4.000000000000000000e+08, 1.836999999999999945e-06, 1.360000000000000098e-01, 5.511000000000000057e-04, 1.696000000000000085e+01, 3.504999999999999782e-01
5.000000000000000000e+08, 1.176000000000000048e-06, 1.125000000000000028e-01, 4.404000000000000254e-04, 1.723000000000000043e+01, 3.597000000000000197e-01
6.000000000000000000e+08, 8.164000000000000312e-07, 9.636000000000000121e-02, 3.667000000000000229e-04, 1.742999999999999972e+01, 3.664999999999999925e-01
8.000000000000000000e+08, 4.591999999999999826e-07, 7.525999999999999357e-02, 2.748000000000000117e-04, 1.769000000000000128e+01, 3.759000000000000119e-01
1.000000000000000000e+09, 2.939000000000000046e-07, 6.192000000000000282e-02, 2.197000000000000005e-04, 1.785999999999999943e+01, 3.820999999999999952e-01
1.500000000000000000e+09, 1.305999999999999915e-07, 4.324000000000000066e-02, 1.464000000000000078e-04, 1.810999999999999943e+01, 3.912999999999999812e-01
2.000000000000000000e+09, 7.347999999999999358e-08, 3.346999999999999975e-02, 1.096999999999999966e-04, 1.825000000000000000e+01, 3.965000000000000191e-01
3.000000000000000000e+09, 3.266000000000000261e-08, 2.326999999999999902e-02, 7.313999999999999430e-05, 1.839000000000000057e+01, 4.022000000000000020e-01
4.000000000000000000e+09, 1.836999999999999840e-08, 1.796000000000000027e-02, 5.484999999999999831e-05, 1.846999999999999886e+01, 4.055000000000000271e-01
5.000000000000000000e+09, 1.176000000000000075e-08, 1.468999999999999993e-02, 4.386999999999999841e-05, 1.851999999999999957e+01, 4.076000000000000179e-01
6.000000000000000000e+09, 8.163999999999999518e-09, 1.244999999999999926e-02, 3.656000000000000233e-05, 1.855000000000000071e+01, 4.089999999999999747e-01
8.000000000000000000e+09, 4.591999999999999859e-09, 9.594999999999999363e-03, 2.741999999999999836e-05, 1.860000000000000142e+01, 4.108999999999999875e-01
1.000000000000000000e+10, 2.938999999999999881e-09, 7.834000000000000685e-03, 2.192999999999999840e-05, 1.862999999999999901e+01, 4.121000000000000218e-01
1.500000000000000000e+10, 1.306000000000000040e-09, 5.414000000000000409e-03, 1.462000000000000063e-05, 1.867000000000000171e+01, 4.137000000000000122e-01
2.000000000000000000e+10, 7.347999999999999855e-10, 4.161999999999999901e-03, 1.096000000000000010e-05, 1.869000000000000128e+01, 4.147000000000000131e-01
3.000000000000000000e+10, 3.265999999999999889e-10, 2.870000000000000155e-03, 7.308999999999999816e-06, 1.871000000000000085e+01, 4.156000000000000250e-01
4.000000000000000000e+10, 1.836999999999999964e-10, 2.203999999999999796e-03, 5.482000000000000199e-06, 1.871999999999999886e+01, 4.162000000000000144e-01
5.000000000000000000e+10, 1.176000000000000127e-10, 1.794999999999999938e-03, 4.386000000000000020e-06, 1.873000000000000043e+01, 4.164999999999999813e-01
6.000000000000000000e+10, 8.164000000000000190e-11, 1.516999999999999902e-03, 3.655000000000000158e-06, 1.873000000000000043e+01, 4.167000000000000148e-01
8.000000000000000000e+10, 4.592000000000000144e-11, 1.162999999999999971e-03, 2.741000000000000099e-06, 1.873999999999999844e+01, 4.169999999999999818e-01
1.000000000000000000e+11, 2.939000000000000139e-11, 9.462999999999999624e-04, 2.193000000000000010e-06, 1.873999999999999844e+01, 4.172000000000000153e-01
