1.000000000000000000e+03, 7.740000000000000000e+02, 6.864000000000000101e-01, 3.474000000000000000e+05, 0.000000000000000000e+00, 0.000000000000000000e+00
1.500000000000000000e+03, 7.312999999999999545e+02, 1.338000000000000078e+00, 1.322000000000000000e+05, 0.000000000000000000e+00, 0.000000000000000000e+00
2.000000000000000000e+03, 6.830000000000000000e+02, 2.028000000000000025e+00, 4.514000000000000000e+05, 0.000000000000000000e+00, 0.000000000000000000e+00
3.000000000000000000e+03, 5.890000000000000000e+02, 3.339999999999999858e+00, 1.627000000000000000e+05, 0.000000000000000000e+00, 0.000000000000000000e+00
4.000000000000000000e+03, 5.100000000000000000e+02, 4.501000000000000334e+00, 7.664000000000000000e+04, 0.000000000000000000e+00, 0.000000000000000000e+00
5.000000000000000000e+03, 4.458999999999999773e+02, 5.504999999999999893e+00, 4.218000000000000000e+04, 0.000000000000000000e+00, 0.000000000000000000e+00
6.000000000000000000e+03, 3.926999999999999886e+02, 6.384000000000000341e+00, 2.572000000000000000e+04, 0.000000000000000000e+00, 0.000000000000000000e+00
8.000000000000000000e+03, 3.081999999999999886e+02, 7.892000000000000348e+00, 1.166000000000000000e+04, 0.000000000000000000e+00, 0.000000000000000000e+00
1.000000000000000000e+04, 2.449000000000000057e+02, 9.163000000000000256e+00, 6.263000000000000000e+03, 0.000000000000000000e+00, 0.000000000000000000e+00
1.500000000000000000e+04, 1.489000000000000057e+02, 1.158000000000000007e+01, 1.468000000000000000e+04, 0.000000000000000000e+00, 0.000000000000000000e+00
2.000000000000000000e+04, 1.015000000000000000e+02, 1.318999999999999950e+01, 6.872000000000000000e+03, 0.000000000000000000e+00, 0.000000000000000000e+00
3.000000000000000000e+04, 5.739999999999999858e+01, 1.500000000000000000e+01, 2.254000000000000000e+03, 0.000000000000000000e+00, 0.000000000000000000e+00
4.000000000000000000e+04, 3.670000000000000284e+01, 1.586999999999999922e+01, 9.957000000000000455e+02, 0.000000000000000000e+00, 0.000000000000000000e+00
5.000000000000000000e+04, 2.537000000000000099e+01, 1.625000000000000000e+01, 5.241000000000000227e+02, 0.000000000000000000e+00, 0.000000000000000000e+00
6.000000000000000000e+04, 1.864000000000000057e+01, 1.635999999999999943e+01, 3.076000000000000227e+02, 0.000000000000000000e+00, 0.000000000000000000e+00
8.000000000000000000e+04, 1.136999999999999922e+01, 1.621000000000000085e+01, 1.314000000000000057e+02, 0.000000000000000000e+00, 0.000000000000000000e+00
1.000000000000000000e+05, 7.692000000000000171e+00, 1.584999999999999964e+01, 6.748999999999999488e+01, 0.000000000000000000e+00, 0.000000000000000000e+00
1.500000000000000000e+05, 3.686999999999999833e+00, 1.477999999999999936e+01, 2.000000000000000000e+01, 0.000000000000000000e+00, 0.000000000000000000e+00
2.000000000000000000e+05, 2.149999999999999911e+00, 1.376999999999999957e+01, 8.471999999999999531e+00, 0.000000000000000000e+00, 0.000000000000000000e+00
3.000000000000000000e+05, 9.892999999999999572e-01, 1.215000000000000036e+01, 2.595000000000000195e+00, 0.000000000000000000e+00, 0.000000000000000000e+00
4.000000000000000000e+05, 5.658999999999999586e-01, 1.096000000000000085e+01, 1.163000000000000034e+00, 0.000000000000000000e+00, 0.000000000000000000e+00
5.000000000000000000e+05, 3.654999999999999916e-01, 1.003999999999999915e+01, 6.441000000000000059e-01, 0.000000000000000000e+00, 0.000000000000000000e+00
6.000000000000000000e+05, 2.551999999999999824e-01, 9.308999999999999275e+00, 4.077999999999999958e-01, 0.000000000000000000e+00, 0.000000000000000000e+00
8.000000000000000000e+05, 1.444000000000000006e-01, 8.195999999999999730e+00, 2.088000000000000134e-01, 0.000000000000000000e+00, 0.000000000000000000e+00
1.000000000000000000e+06, 9.271000000000000074e-02, 7.378000000000000114e+00, 1.300000000000000044e-01, 0.000000000000000000e+00, 0.000000000000000000e+00
1.022000000000000000e+06, 8.877999999999999781e-02, 7.299999999999999822e+00, 1.236000000000000015e-01, 0.000000000000000000e+00, 0.000000000000000000e+00
1.250000000000000000e+06, 5.945000000000000284e-02, 6.602000000000000313e+00, 8.347999999999999865e-02, 1.339000000000000086e-02, 0.000000000000000000e+00
1.500000000000000000e+06, 4.132999999999999868e-02, 6.003000000000000114e+00, 6.003000000000000003e-02, 6.557000000000000328e-02, 0.000000000000000000e+00
2.000000000000000000e+06, 2.326999999999999902e-02, 5.126000000000000334e+00, 3.681000000000000244e-02, 2.398000000000000131e-01, 0.000000000000000000e+00
2.044000000000000000e+06, 2.228000000000000119e-02, 5.062999999999999723e+00, 3.554000000000000214e-02, 2.572999999999999732e-01, 0.000000000000000000e+00
3.000000000000000000e+06, 1.034999999999999983e-02, 4.033999999999999808e+00, 1.978999999999999856e-02, 6.479000000000000314e-01, 1.412000000000000061e-03
4.000000000000000000e+06, 5.824000000000000184e-03, 3.366000000000000103e+00, 1.324999999999999963e-02, 1.022999999999999909e+00, 5.760999999999999628e-03
5.000000000000000000e+06, 3.727999999999999977e-03, 2.907000000000000028e+00, 9.868000000000000035e-03, 1.352000000000000091e+00, 1.146999999999999929e-02
6.000000000000000000e+06, 2.589000000000000155e-03, 2.568999999999999950e+00, 7.832000000000000420e-03, 1.641000000000000014e+00, 1.761000000000000065e-02
7.000000000000000000e+06, 1.902000000000000045e-03, 2.310000000000000053e+00, 6.478000000000000251e-03, 1.899000000000000021e+00, 2.373000000000000109e-02
8.000000000000000000e+06, 1.456000000000000046e-03, 2.101999999999999869e+00, 5.516000000000000070e-03, 2.130999999999999783e+00, 2.965999999999999887e-02
9.000000000000000000e+06, 1.150999999999999896e-03, 1.931999999999999940e+00, 4.799000000000000314e-03, 2.341000000000000192e+00, 3.533000000000000029e-02
1.000000000000000000e+07, 9.321000000000000509e-04, 1.790000000000000036e+00, 4.244999999999999642e-03, 2.532999999999999918e+00, 4.073000000000000231e-02
1.100000000000000000e+07, 7.703000000000000212e-04, 1.669999999999999929e+00, 3.804000000000000090e-03, 2.708000000000000185e+00, 4.583000000000000268e-02
1.200000000000000000e+07, 6.472999999999999587e-04, 1.566000000000000059e+00, 3.445000000000000145e-03, 2.869000000000000217e+00, 5.065000000000000058e-02
1.300000000000000000e+07, 5.515999999999999636e-04, 1.475000000000000089e+00, 3.147000000000000058e-03, 3.016000000000000014e+00, 5.519999999999999907e-02
1.400000000000000000e+07, 4.756000000000000136e-04, 1.395999999999999908e+00, 2.896999999999999836e-03, 3.153000000000000025e+00, 5.952999999999999958e-02
1.500000000000000000e+07, 4.142999999999999873e-04, 1.324999999999999956e+00, 2.683000000000000055e-03, 3.279999999999999805e+00, 6.363000000000000600e-02
1.600000000000000000e+07, 3.641000000000000139e-04, 1.262000000000000011e+00, 2.497999999999999787e-03, 3.399000000000000021e+00, 6.753000000000000669e-02
1.800000000000000000e+07, 2.877000000000000000e-04, 1.153000000000000025e+00, 2.194999999999999903e-03, 3.616999999999999993e+00, 7.477000000000000313e-02
2.000000000000000000e+07, 2.329999999999999986e-04, 1.064000000000000057e+00, 1.958000000000000105e-03, 3.811999999999999833e+00, 8.136000000000000176e-02
2.200000000000000000e+07, 1.925999999999999923e-04, 9.879000000000000004e-01, 1.765999999999999992e-03, 3.988999999999999879e+00, 8.738999999999999546e-02
2.400000000000000000e+07, 1.618000000000000026e-04, 9.231000000000000316e-01, 1.608999999999999970e-03, 4.150999999999999801e+00, 9.295000000000000484e-02
2.600000000000000000e+07, 1.378999999999999909e-04, 8.669000000000000039e-01, 1.477000000000000014e-03, 4.298000000000000043e+00, 9.808999999999999664e-02
2.800000000000000000e+07, 1.189000000000000034e-04, 8.176999999999999824e-01, 1.364999999999999894e-03, 4.432999999999999829e+00, 1.029000000000000054e-01
3.000000000000000000e+07, 1.035999999999999974e-04, 7.742999999999999883e-01, 1.268999999999999946e-03, 4.557000000000000384e+00, 1.073000000000000065e-01
4.000000000000000000e+07, 5.826000000000000124e-05, 6.152999999999999581e-01, 9.384999999999999896e-04, 5.065000000000000391e+00, 1.257999999999999952e-01
5.000000000000000000e+07, 3.728999999999999703e-05, 5.135999999999999455e-01, 7.443000000000000397e-04, 5.442999999999999616e+00, 1.398000000000000076e-01
6.000000000000000000e+07, 2.589000000000000115e-05, 4.425000000000000044e-01, 6.166999999999999739e-04, 5.737000000000000099e+00, 1.509999999999999953e-01
8.000000000000000000e+07, 1.455999999999999951e-05, 3.489999999999999769e-01, 4.591999999999999945e-04, 6.173000000000000043e+00, 1.678999999999999937e-01
1.000000000000000000e+08, 9.320999999999999357e-06, 2.897000000000000131e-01, 3.656999999999999986e-04, 6.482000000000000206e+00, 1.801999999999999991e-01
1.500000000000000000e+08, 4.142999999999999975e-06, 2.063000000000000111e-01, 2.424000000000000102e-04, 6.974999999999999645e+00, 2.006999999999999895e-01
2.000000000000000000e+08, 2.330000000000000138e-06, 1.617000000000000104e-01, 1.812999999999999887e-04, 7.269000000000000128e+00, 2.136000000000000121e-01
3.000000000000000000e+08, 1.035999999999999907e-06, 1.145999999999999935e-01, 1.205000000000000016e-04, 7.610999999999999766e+00, 2.295000000000000095e-01
4.000000000000000000e+08, 5.826000000000000420e-07, 8.977999999999999869e-02, 9.024000000000000337e-05, 7.807999999999999829e+00, 2.391000000000000070e-01
5.000000000000000000e+08, 3.728000000000000030e-07, 7.431999999999999718e-02, 7.211999999999999390e-05, 7.937000000000000277e+00, 2.456000000000000127e-01
6.000000000000000000e+08, 2.589000000000000221e-07, 6.363000000000000600e-02, 6.006999999999999916e-05, 8.029999999999999361e+00, 2.504000000000000115e-01
8.000000000000000000e+08, 1.456000000000000068e-07, 4.970000000000000112e-02, 4.501999999999999925e-05, 8.153000000000000469e+00, 2.570000000000000062e-01
1.000000000000000000e+09, 9.320999999999999886e-08, 4.089000000000000273e-02, 3.600000000000000091e-05, 8.233000000000000540e+00, 2.614000000000000212e-01
1.500000000000000000e+09, 4.143000000000000107e-08, 2.854999999999999899e-02, 2.398000000000000080e-05, 8.349000000000000199e+00, 2.679000000000000270e-01
2.000000000000000000e+09, 2.330000000000000019e-08, 2.210000000000000159e-02, 1.798000000000000065e-05, 8.412000000000000810e+00, 2.716000000000000081e-01
3.000000000000000000e+09, 1.035999999999999979e-08, 1.536999999999999998e-02, 1.199000000000000040e-05, 8.480000000000000426e+00, 2.756000000000000116e-01
4.000000000000000000e+09, 5.826000000000000354e-09, 1.186000000000000075e-02, 8.987999999999999326e-06, 8.516000000000000014e+00, 2.780000000000000249e-01
5.000000000000000000e+09, 3.728000000000000361e-09, 9.698000000000000023e-03, 7.189000000000000118e-06, 8.538999999999999702e+00, 2.793999999999999817e-01
6.000000000000000000e+09, 2.589000000000000055e-09, 8.224000000000000407e-03, 5.990999999999999899e-06, 8.554999999999999716e+00, 2.805000000000000271e-01
8.000000000000000000e+09, 1.455999999999999935e-09, 6.335999999999999618e-03, 4.493000000000000012e-06, 8.576000000000000512e+00, 2.817999999999999949e-01
1.000000000000000000e+10, 9.320999999999999142e-10, 5.172999999999999647e-03, 3.593999999999999810e-06, 8.589999999999999858e+00, 2.827000000000000068e-01
1.500000000000000000e+10, 4.143000000000000066e-10, 3.575000000000000053e-03, 2.396000000000000014e-06, 8.608000000000000540e+00, 2.837999999999999967e-01
2.000000000000000000e+10, 2.330000000000000226e-10, 2.749000000000000141e-03, 1.796999999999999905e-06, 8.618000000000000327e+00, 2.844999999999999751e-01
3.000000000000000000e+10, 1.035999999999999964e-10, 1.895999999999999899e-03, 1.198000000000000007e-06, 8.628000000000000114e+00, 2.851000000000000201e-01
4.000000000000000000e+10, 5.826000000000000096e-11, 1.454999999999999913e-03, 8.984000000000000508e-07, 8.634000000000000341e+00, 2.854999999999999760e-01
5.000000000000000000e+10, 3.727999999999999948e-11, 1.185000000000000072e-03, 7.186999999999999968e-07, 8.637000000000000455e+00, 2.857999999999999985e-01
6.000000000000000000e+10, 2.589000000000000055e-11, 1.002000000000000069e-03, 5.988999999999999961e-07, 8.638999999999999346e+00, 2.858999999999999875e-01
8.000000000000000000e+10, 1.455999999999999935e-11, 7.680999999999999677e-04, 4.492000000000000254e-07, 8.643000000000000682e+00, 2.861000000000000210e-01
1.000000000000000000e+11, 9.321000000000000370e-12, 6.248999999999999564e-04, 3.592999999999999946e-07, 8.644000000000000128e+00, 2.862000000000000099e-01
