1.000000000000000000e+03, 1.577000000000000000e+03, 1.038999999999999924e+00, 1.606000000000000000e+06, 0.000000000000000000e+00, 0.000000000000000000e+00
1.500000000000000000e+03, 1.492000000000000000e+03, 1.909000000000000030e+00, 6.482000000000000000e+05, 0.000000000000000000e+00, 0.000000000000000000e+00
2.000000000000000000e+03, 1.400000000000000000e+03, 2.770000000000000018e+00, 3.268000000000000000e+05, 0.000000000000000000e+00, 0.000000000000000000e+00
3.000000000000000000e+03, 1.223000000000000000e+03, 4.341000000000000192e+00, 1.198000000000000000e+05, 0.000000000000000000e+00, 0.000000000000000000e+00
4.000000000000000000e+03, 1.066000000000000000e+03, 5.727999999999999758e+00, 1.841000000000000000e+05, 0.000000000000000000e+00, 0.000000000000000000e+00
5.000000000000000000e+03, 9.308999999999999773e+02, 6.979000000000000092e+00, 1.660000000000000000e+05, 0.000000000000000000e+00, 0.000000000000000000e+00
6.000000000000000000e+03, 8.163999999999999773e+02, 8.125999999999999446e+00, 1.035000000000000000e+05, 0.000000000000000000e+00, 0.000000000000000000e+00
8.000000000000000000e+03, 6.418999999999999773e+02, 1.017999999999999972e+01, 4.864000000000000000e+04, 0.000000000000000000e+00, 0.000000000000000000e+00
1.000000000000000000e+04, 5.217999999999999545e+02, 1.196000000000000085e+01, 2.675000000000000000e+04, 0.000000000000000000e+00, 0.000000000000000000e+00
1.500000000000000000e+04, 3.438000000000000114e+02, 1.524000000000000021e+01, 8.835000000000000000e+03, 0.000000000000000000e+00, 0.000000000000000000e+00
2.000000000000000000e+04, 2.418000000000000114e+02, 1.735999999999999943e+01, 3.971000000000000000e+03, 0.000000000000000000e+00, 0.000000000000000000e+00
3.000000000000000000e+04, 1.363000000000000114e+02, 1.989000000000000057e+01, 7.968000000000000000e+03, 0.000000000000000000e+00, 0.000000000000000000e+00
4.000000000000000000e+04, 8.896999999999999886e+01, 2.123000000000000043e+01, 3.719000000000000000e+03, 0.000000000000000000e+00, 0.000000000000000000e+00
5.000000000000000000e+04, 6.304999999999999716e+01, 2.192999999999999972e+01, 2.024000000000000000e+03, 0.000000000000000000e+00, 0.000000000000000000e+00
6.000000000000000000e+04, 4.688000000000000256e+01, 2.226000000000000156e+01, 1.225000000000000000e+03, 0.000000000000000000e+00, 0.000000000000000000e+00
8.000000000000000000e+04, 2.871000000000000085e+01, 2.232000000000000028e+01, 5.460000000000000000e+02, 0.000000000000000000e+00, 0.000000000000000000e+00
1.000000000000000000e+05, 1.944000000000000128e+01, 2.198000000000000043e+01, 2.891000000000000227e+02, 0.000000000000000000e+00, 0.000000000000000000e+00
1.500000000000000000e+05, 9.442000000000000171e+00, 2.067000000000000171e+01, 8.995999999999999375e+01, 0.000000000000000000e+00, 0.000000000000000000e+00
2.000000000000000000e+05, 5.573000000000000398e+00, 1.935999999999999943e+01, 3.932999999999999829e+01, 0.000000000000000000e+00, 0.000000000000000000e+00
3.000000000000000000e+05, 2.592999999999999972e+00, 1.719000000000000128e+01, 1.251999999999999957e+01, 0.000000000000000000e+00, 0.000000000000000000e+00
4.000000000000000000e+05, 1.491000000000000103e+00, 1.555000000000000071e+01, 5.746000000000000441e+00, 0.000000000000000000e+00, 0.000000000000000000e+00
5.000000000000000000e+05, 9.669999999999999707e-01, 1.427999999999999936e+01, 3.230999999999999872e+00, 0.000000000000000000e+00, 0.000000000000000000e+00
6.000000000000000000e+05, 6.772000000000000242e-01, 1.325000000000000000e+01, 2.065999999999999837e+00, 0.000000000000000000e+00, 0.000000000000000000e+00
8.000000000000000000e+05, 3.845999999999999974e-01, 1.167999999999999972e+01, 1.068000000000000060e+00, 0.000000000000000000e+00, 0.000000000000000000e+00
1.000000000000000000e+06, 2.474000000000000088e-01, 1.051999999999999957e+01, 6.663999999999999924e-01, 0.000000000000000000e+00, 0.000000000000000000e+00
1.022000000000000000e+06, 2.369999999999999885e-01, 1.041000000000000014e+01, 6.341999999999999860e-01, 0.000000000000000000e+00, 0.000000000000000000e+00
1.250000000000000000e+06, 1.589000000000000135e-01, 9.420999999999999375e+00, 4.277000000000000246e-01, 3.391999999999999876e-02, 0.000000000000000000e+00
1.500000000000000000e+06, 1.105000000000000010e-01, 8.569000000000000838e+00, 3.064000000000000057e-01, 1.575999999999999901e-01, 0.000000000000000000e+00
2.000000000000000000e+06, 6.230999999999999733e-02, 7.317999999999999616e+00, 1.865999999999999881e-01, 5.389000000000000457e-01, 0.000000000000000000e+00
2.044000000000000000e+06, 5.965999999999999776e-02, 7.227999999999999758e+00, 1.801000000000000101e-01, 5.760999999999999455e-01, 0.000000000000000000e+00
3.000000000000000000e+06, 2.773000000000000118e-02, 5.761000000000000121e+00, 9.918000000000000427e-02, 1.377000000000000002e+00, 2.014999999999999864e-03
4.000000000000000000e+06, 1.561000000000000061e-02, 4.807000000000000384e+00, 6.578000000000000513e-02, 2.123000000000000220e+00, 8.219999999999999876e-03
5.000000000000000000e+06, 9.991999999999999146e-03, 4.152000000000000135e+00, 4.870000000000000023e-02, 2.766999999999999904e+00, 1.635999999999999954e-02
6.000000000000000000e+06, 6.939999999999999988e-03, 3.669999999999999929e+00, 3.846000000000000113e-02, 3.322999999999999954e+00, 2.510000000000000078e-02
7.000000000000000000e+06, 5.099000000000000234e-03, 3.298999999999999932e+00, 3.169000000000000289e-02, 3.818999999999999950e+00, 3.380999999999999978e-02
8.000000000000000000e+06, 3.903999999999999918e-03, 3.003000000000000114e+00, 2.690000000000000030e-02, 4.264000000000000234e+00, 4.223999999999999977e-02
9.000000000000000000e+06, 3.085000000000000069e-03, 2.759999999999999787e+00, 2.334999999999999923e-02, 4.668999999999999595e+00, 5.029999999999999749e-02
1.000000000000000000e+07, 2.498999999999999919e-03, 2.556999999999999940e+00, 2.060999999999999985e-02, 5.040000000000000036e+00, 5.795000000000000151e-02
1.100000000000000000e+07, 2.064999999999999995e-03, 2.384999999999999787e+00, 1.842999999999999847e-02, 5.381999999999999673e+00, 6.518999999999999795e-02
1.200000000000000000e+07, 1.734999999999999997e-03, 2.237000000000000099e+00, 1.667000000000000079e-02, 5.697000000000000064e+00, 7.202000000000000068e-02
1.300000000000000000e+07, 1.479000000000000063e-03, 2.107000000000000206e+00, 1.520999999999999956e-02, 5.990000000000000213e+00, 7.845000000000000584e-02
1.400000000000000000e+07, 1.275000000000000092e-03, 1.993999999999999995e+00, 1.397999999999999937e-02, 6.259999999999999787e+00, 8.457000000000000628e-02
1.500000000000000000e+07, 1.111000000000000008e-03, 1.893000000000000016e+00, 1.294000000000000011e-02, 6.509000000000000341e+00, 9.035999999999999588e-02
1.600000000000000000e+07, 9.761000000000000362e-04, 1.802999999999999936e+00, 1.204000000000000035e-02, 6.740999999999999659e+00, 9.586000000000000076e-02
1.800000000000000000e+07, 7.713000000000000455e-04, 1.647999999999999909e+00, 1.055999999999999994e-02, 7.165000000000000036e+00, 1.059999999999999970e-01
2.000000000000000000e+07, 6.246999999999999515e-04, 1.518999999999999906e+00, 9.405999999999999431e-03, 7.544999999999999929e+00, 1.152999999999999997e-01
2.200000000000000000e+07, 5.163000000000000271e-04, 1.411000000000000032e+00, 8.477999999999999425e-03, 7.889000000000000234e+00, 1.237999999999999934e-01
2.400000000000000000e+07, 4.338999999999999758e-04, 1.318999999999999950e+00, 7.715999999999999769e-03, 8.201999999999999957e+00, 1.315999999999999948e-01
2.600000000000000000e+07, 3.696999999999999874e-04, 1.237999999999999989e+00, 7.079000000000000223e-03, 8.487999999999999545e+00, 1.386999999999999900e-01
2.800000000000000000e+07, 3.187999999999999970e-04, 1.167999999999999927e+00, 6.538000000000000408e-03, 8.749000000000000554e+00, 1.454000000000000015e-01
3.000000000000000000e+07, 2.776999999999999738e-04, 1.106000000000000094e+00, 6.074000000000000406e-03, 8.990000000000000213e+00, 1.516000000000000125e-01
4.000000000000000000e+07, 1.562000000000000020e-04, 8.790000000000000036e-01, 4.483000000000000006e-03, 9.968999999999999417e+00, 1.771999999999999964e-01
5.000000000000000000e+07, 9.995999999999999840e-05, 7.337000000000000188e-01, 3.550999999999999903e-03, 1.068999999999999950e+01, 1.967000000000000137e-01
6.000000000000000000e+07, 6.941999999999999603e-05, 6.321999999999999842e-01, 2.939999999999999905e-03, 1.125999999999999979e+01, 2.121000000000000107e-01
8.000000000000000000e+07, 3.905000000000000051e-05, 4.985999999999999877e-01, 2.186000000000000009e-03, 1.208999999999999986e+01, 2.353000000000000091e-01
1.000000000000000000e+08, 2.498999999999999960e-05, 4.138000000000000012e-01, 1.740000000000000010e-03, 1.268999999999999950e+01, 2.521999999999999797e-01
1.500000000000000000e+08, 1.111000000000000035e-05, 2.947000000000000175e-01, 1.152000000000000029e-03, 1.363000000000000078e+01, 2.801000000000000156e-01
2.000000000000000000e+08, 6.246999999999999651e-06, 2.310999999999999999e-01, 8.614000000000000129e-04, 1.418999999999999950e+01, 2.975999999999999757e-01
3.000000000000000000e+08, 2.776999999999999839e-06, 1.638000000000000012e-01, 5.722999999999999789e-04, 1.484999999999999964e+01, 3.190000000000000058e-01
4.000000000000000000e+08, 1.562000000000000037e-06, 1.282999999999999974e-01, 4.285000000000000072e-04, 1.522000000000000064e+01, 3.317999999999999838e-01
5.000000000000000000e+08, 9.995999999999999247e-07, 1.062000000000000027e-01, 3.424999999999999768e-04, 1.547000000000000064e+01, 3.406000000000000139e-01
6.000000000000000000e+08, 6.940999999999999486e-07, 9.091000000000000469e-02, 2.851999999999999934e-04, 1.565000000000000036e+01, 3.469999999999999751e-01
8.000000000000000000e+08, 3.905000000000000093e-07, 7.099999999999999367e-02, 2.136999999999999902e-04, 1.589000000000000057e+01, 3.558999999999999941e-01
1.000000000000000000e+09, 2.498999999999999812e-07, 5.840999999999999664e-02, 1.709000000000000070e-04, 1.603999999999999915e+01, 3.618000000000000105e-01
1.500000000000000000e+09, 1.110999999999999956e-07, 4.078999999999999987e-02, 1.138000000000000014e-04, 1.626000000000000156e+01, 3.705999999999999850e-01
2.000000000000000000e+09, 6.247000000000000286e-08, 3.157000000000000084e-02, 8.535000000000000106e-05, 1.637999999999999901e+01, 3.755999999999999894e-01
3.000000000000000000e+09, 2.776999999999999985e-08, 2.195000000000000076e-02, 5.687999999999999751e-05, 1.651000000000000156e+01, 3.810000000000000053e-01
4.000000000000000000e+09, 1.562000000000000024e-08, 1.694999999999999979e-02, 4.266000000000000152e-05, 1.657999999999999829e+01, 3.841999999999999860e-01
5.000000000000000000e+09, 9.996000000000000637e-09, 1.384999999999999946e-02, 3.411999999999999858e-05, 1.662000000000000099e+01, 3.861999999999999877e-01
6.000000000000000000e+09, 6.940999999999999916e-09, 1.175000000000000003e-02, 2.843000000000000055e-05, 1.666000000000000014e+01, 3.875000000000000111e-01
8.000000000000000000e+09, 3.905000000000000060e-09, 9.051000000000000018e-03, 2.131999999999999916e-05, 1.669999999999999929e+01, 3.894000000000000239e-01
1.000000000000000000e+10, 2.499000000000000159e-09, 7.389999999999999868e-03, 1.705999999999999929e-05, 1.671999999999999886e+01, 3.905000000000000138e-01
1.500000000000000000e+10, 1.110999999999999989e-09, 5.107000000000000428e-03, 1.136999999999999956e-05, 1.676000000000000156e+01, 3.921000000000000041e-01
2.000000000000000000e+10, 6.247000000000000245e-10, 3.926999999999999935e-03, 8.528000000000000343e-06, 1.678000000000000114e+01, 3.930000000000000160e-01
3.000000000000000000e+10, 2.776999999999999820e-10, 2.707999999999999904e-03, 5.684999999999999780e-06, 1.680000000000000071e+01, 3.938999999999999724e-01
4.000000000000000000e+10, 1.561999999999999879e-10, 2.079000000000000119e-03, 4.264000000000000171e-06, 1.680999999999999872e+01, 3.943999999999999728e-01
5.000000000000000000e+10, 9.995999999999999654e-11, 1.693000000000000060e-03, 3.411000000000000037e-06, 1.680999999999999872e+01, 3.947999999999999843e-01
6.000000000000000000e+10, 6.940999999999999606e-11, 1.430999999999999980e-03, 2.842000000000000064e-06, 1.682000000000000028e+01, 3.950000000000000178e-01
8.000000000000000000e+10, 3.904999999999999698e-11, 1.097000000000000102e-03, 2.132000000000000086e-06, 1.682000000000000028e+01, 3.951999999999999957e-01
1.000000000000000000e+11, 2.498999999999999914e-11, 8.926999999999999606e-04, 1.704999999999999981e-06, 1.682999999999999829e+01, 3.953999999999999737e-01
