1.000000000000000000e+03, 1.569000000000000057e+02, 5.383000000000000007e-01, 1.292000000000000000e+05, 0.000000000000000000e+00, 0.000000000000000000e+00
1.500000000000000000e+03, 1.435000000000000000e+02, 1.038999999999999924e+00, 4.427000000000000000e+04, 0.000000000000000000e+00, 0.000000000000000000e+00
2.000000000000000000e+03, 1.291999999999999886e+02, 1.552999999999999936e+00, 2.038000000000000000e+04, 0.000000000000000000e+00, 0.000000000000000000e+00
3.000000000000000000e+03, 1.037999999999999972e+02, 2.468999999999999861e+00, 7.117000000000000000e+04, 0.000000000000000000e+00, 0.000000000000000000e+00
4.000000000000000000e+03, 8.520999999999999375e+01, 3.196000000000000174e+00, 3.366000000000000000e+04, 0.000000000000000000e+00, 0.000000000000000000e+00
5.000000000000000000e+03, 7.206000000000000227e+01, 3.766000000000000014e+00, 1.849000000000000000e+04, 0.000000000000000000e+00, 0.000000000000000000e+00
6.000000000000000000e+03, 6.238000000000000256e+01, 4.230999999999999872e+00, 1.120000000000000000e+04, 0.000000000000000000e+00, 0.000000000000000000e+00
8.000000000000000000e+03, 4.850000000000000000e+01, 4.982999999999999652e+00, 4.986000000000000000e+03, 0.000000000000000000e+00, 0.000000000000000000e+00
1.000000000000000000e+04, 3.849000000000000199e+01, 5.591999999999999638e+00, 2.625000000000000000e+03, 0.000000000000000000e+00, 0.000000000000000000e+00
1.500000000000000000e+04, 2.289999999999999858e+01, 6.676999999999999602e+00, 7.957999999999999545e+02, 0.000000000000000000e+00, 0.000000000000000000e+00
2.000000000000000000e+04, 1.501999999999999957e+01, 7.306000000000000050e+00, 3.348999999999999773e+02, 0.000000000000000000e+00, 0.000000000000000000e+00
3.000000000000000000e+04, 8.048999999999999488e+00, 7.873999999999999666e+00, 9.656999999999999318e+01, 0.000000000000000000e+00, 0.000000000000000000e+00
4.000000000000000000e+04, 5.081999999999999851e+00, 8.064999999999999503e+00, 3.942000000000000171e+01, 0.000000000000000000e+00, 0.000000000000000000e+00
5.000000000000000000e+04, 3.503000000000000114e+00, 8.099000000000000199e+00, 1.953999999999999915e+01, 0.000000000000000000e+00, 0.000000000000000000e+00
6.000000000000000000e+04, 2.553999999999999826e+00, 8.053000000000000824e+00, 1.097000000000000064e+01, 0.000000000000000000e+00, 0.000000000000000000e+00
8.000000000000000000e+04, 1.522999999999999909e+00, 7.847999999999999865e+00, 4.395999999999999908e+00, 0.000000000000000000e+00, 0.000000000000000000e+00
1.000000000000000000e+05, 1.008999999999999897e+00, 7.589999999999999858e+00, 2.157000000000000028e+00, 0.000000000000000000e+00, 0.000000000000000000e+00
1.500000000000000000e+05, 4.697999999999999954e-01, 6.956000000000000405e+00, 5.934000000000000385e-01, 0.000000000000000000e+00, 0.000000000000000000e+00
2.000000000000000000e+05, 2.700000000000000178e-01, 6.421000000000000263e+00, 2.399999999999999911e-01, 0.000000000000000000e+00, 0.000000000000000000e+00
3.000000000000000000e+05, 1.222000000000000031e-01, 5.618000000000000327e+00, 6.954000000000000459e-02, 0.000000000000000000e+00, 0.000000000000000000e+00
4.000000000000000000e+05, 6.923999999999999599e-02, 5.046999999999999709e+00, 3.020000000000000115e-02, 0.000000000000000000e+00, 0.000000000000000000e+00
5.000000000000000000e+05, 4.447000000000000258e-02, 4.615000000000000213e+00, 1.641000000000000097e-02, 0.000000000000000000e+00, 0.000000000000000000e+00
6.000000000000000000e+05, 3.093999999999999875e-02, 4.272999999999999687e+00, 1.026999999999999962e-02, 0.000000000000000000e+00, 0.000000000000000000e+00
8.000000000000000000e+05, 1.744000000000000064e-02, 3.757000000000000117e+00, 5.205999999999999690e-03, 0.000000000000000000e+00, 0.000000000000000000e+00
1.000000000000000000e+06, 1.116999999999999937e-02, 3.379000000000000004e+00, 3.236000000000000161e-03, 0.000000000000000000e+00, 0.000000000000000000e+00
1.022000000000000000e+06, 1.069999999999999944e-02, 3.342999999999999972e+00, 3.056999999999999822e-03, 0.000000000000000000e+00, 0.000000000000000000e+00
1.250000000000000000e+06, 7.152999999999999636e-03, 3.021999999999999797e+00, 2.070999999999999924e-03, 2.187999999999999841e-03, 0.000000000000000000e+00
1.500000000000000000e+06, 4.969000000000000326e-03, 2.746999999999999886e+00, 1.498999999999999898e-03, 1.176999999999999921e-02, 0.000000000000000000e+00
2.000000000000000000e+06, 2.795999999999999874e-03, 2.345000000000000195e+00, 9.326000000000000088e-04, 4.614000000000000046e-02, 0.000000000000000000e+00
2.044000000000000000e+06, 2.677000000000000126e-03, 2.315999999999999837e+00, 9.014999999999999576e-04, 4.973000000000000337e-02, 0.000000000000000000e+00
3.000000000000000000e+06, 1.242999999999999964e-03, 1.844999999999999973e+00, 5.132999999999999542e-04, 1.307000000000000106e-01, 6.455999999999999716e-04
4.000000000000000000e+06, 6.991999999999999734e-04, 1.538999999999999924e+00, 3.490000000000000263e-04, 2.107999999999999874e-01, 2.635999999999999888e-03
5.000000000000000000e+06, 4.474999999999999811e-04, 1.328999999999999959e+00, 2.629999999999999959e-04, 2.818999999999999839e-01, 5.251999999999999724e-03
6.000000000000000000e+06, 3.108000000000000194e-04, 1.175000000000000044e+00, 2.103999999999999913e-04, 3.456000000000000183e-01, 8.066000000000000253e-03
7.000000000000000000e+06, 2.282999999999999927e-04, 1.056000000000000050e+00, 1.752000000000000031e-04, 4.022999999999999909e-01, 1.086999999999999945e-02
8.000000000000000000e+06, 1.747999999999999934e-04, 9.609999999999999654e-01, 1.499000000000000115e-04, 4.532999999999999807e-01, 1.359999999999999924e-02
9.000000000000000000e+06, 1.380999999999999958e-04, 8.833999999999999631e-01, 1.310000000000000129e-04, 4.994999999999999996e-01, 1.620999999999999872e-02
1.000000000000000000e+07, 1.118999999999999959e-04, 8.185000000000000053e-01, 1.162000000000000055e-04, 5.413999999999999924e-01, 1.870000000000000134e-02
1.100000000000000000e+07, 9.246000000000000583e-05, 7.633999999999999675e-01, 1.045000000000000058e-04, 5.794000000000000261e-01, 2.105999999999999886e-02
1.200000000000000000e+07, 7.770000000000000485e-05, 7.159999999999999698e-01, 9.482999999999999839e-05, 6.142999999999999572e-01, 2.327999999999999861e-02
1.300000000000000000e+07, 6.619999999999999637e-05, 6.744999999999999885e-01, 8.681999999999999885e-05, 6.467000000000000526e-01, 2.538999999999999937e-02
1.400000000000000000e+07, 5.708000000000000237e-05, 6.381000000000000005e-01, 8.004999999999999421e-05, 6.766999999999999682e-01, 2.740000000000000074e-02
1.500000000000000000e+07, 4.971999999999999830e-05, 6.058000000000000052e-01, 7.425999999999999713e-05, 7.047999999999999821e-01, 2.929999999999999966e-02
1.600000000000000000e+07, 4.369999999999999834e-05, 5.768999999999999684e-01, 6.925000000000000274e-05, 7.311999999999999611e-01, 3.110999999999999877e-02
1.800000000000000000e+07, 3.453000000000000313e-05, 5.272999999999999909e-01, 6.099999999999999872e-05, 7.794999999999999707e-01, 3.447999999999999676e-02
2.000000000000000000e+07, 2.797000000000000156e-05, 4.862000000000000210e-01, 5.450000000000000336e-05, 8.225999999999999979e-01, 3.756000000000000311e-02
2.200000000000000000e+07, 2.311999999999999887e-05, 4.516000000000000014e-01, 4.924999999999999772e-05, 8.617000000000000215e-01, 4.039000000000000229e-02
2.400000000000000000e+07, 1.942000000000000041e-05, 4.219999999999999862e-01, 4.492999999999999842e-05, 8.971999999999999975e-01, 4.300999999999999962e-02
2.600000000000000000e+07, 1.654999999999999909e-05, 3.962999999999999856e-01, 4.128999999999999939e-05, 9.296999999999999709e-01, 4.542999999999999816e-02
2.800000000000000000e+07, 1.427000000000000059e-05, 3.738000000000000211e-01, 3.821000000000000178e-05, 9.596000000000000085e-01, 4.768000000000000016e-02
3.000000000000000000e+07, 1.242999999999999958e-05, 3.539999999999999813e-01, 3.554999999999999675e-05, 9.872999999999999554e-01, 4.979000000000000092e-02
4.000000000000000000e+07, 6.992000000000000141e-06, 2.812999999999999945e-01, 2.636999999999999994e-05, 1.102000000000000091e+00, 5.859999999999999931e-02
5.000000000000000000e+07, 4.475000000000000353e-06, 2.348000000000000087e-01, 2.095000000000000101e-05, 1.187000000000000055e+00, 6.539999999999999980e-02
6.000000000000000000e+07, 3.108000000000000143e-06, 2.023000000000000076e-01, 1.737999999999999962e-05, 1.254000000000000004e+00, 7.086000000000000631e-02
8.000000000000000000e+07, 1.748000000000000035e-06, 1.595000000000000029e-01, 1.295999999999999958e-05, 1.352999999999999980e+00, 7.922999999999999488e-02
1.000000000000000000e+08, 1.119000000000000001e-06, 1.323999999999999899e-01, 1.033999999999999926e-05, 1.423999999999999932e+00, 8.544000000000000206e-02
1.500000000000000000e+08, 4.971999999999999788e-07, 9.429999999999999494e-02, 6.858999999999999890e-06, 1.540000000000000036e+00, 9.599000000000000588e-02
2.000000000000000000e+08, 2.796999999999999966e-07, 7.394000000000000572e-02, 5.132999999999999813e-06, 1.610000000000000098e+00, 1.028000000000000025e-01
3.000000000000000000e+08, 1.242999999999999947e-07, 5.240999999999999825e-02, 3.413999999999999839e-06, 1.693999999999999950e+00, 1.112999999999999962e-01
4.000000000000000000e+08, 6.991999999999999347e-08, 4.104000000000000009e-02, 2.557999999999999903e-06, 1.743000000000000105e+00, 1.165999999999999953e-01
5.000000000000000000e+08, 4.475000000000000036e-08, 3.398000000000000326e-02, 2.044999999999999902e-06, 1.774999999999999911e+00, 1.203000000000000042e-01
6.000000000000000000e+08, 3.106999999999999962e-08, 2.909000000000000127e-02, 1.703000000000000043e-06, 1.798999999999999932e+00, 1.229999999999999982e-01
8.000000000000000000e+08, 1.747999999999999837e-08, 2.272000000000000061e-02, 1.277000000000000013e-06, 1.830000000000000071e+00, 1.267999999999999960e-01
1.000000000000000000e+09, 1.118999999999999962e-08, 1.868999999999999828e-02, 1.021000000000000050e-06, 1.850000000000000089e+00, 1.292999999999999983e-01
1.500000000000000000e+09, 4.971999999999999788e-09, 1.305000000000000084e-02, 6.802999999999999706e-07, 1.879999999999999893e+00, 1.330999999999999961e-01
2.000000000000000000e+09, 2.797000000000000164e-09, 1.009999999999999960e-02, 5.100999999999999950e-07, 1.897000000000000020e+00, 1.353000000000000036e-01
3.000000000000000000e+09, 1.242999999999999947e-09, 7.024999999999999994e-03, 3.399999999999999740e-07, 1.913999999999999924e+00, 1.376999999999999891e-01
4.000000000000000000e+09, 6.992000000000000257e-10, 5.421999999999999736e-03, 2.549999999999999938e-07, 1.923999999999999932e+00, 1.391000000000000014e-01
5.000000000000000000e+09, 4.475000000000000056e-10, 4.433000000000000308e-03, 2.040000000000000003e-07, 1.929999999999999938e+00, 1.398999999999999966e-01
6.000000000000000000e+09, 3.107000000000000231e-10, 3.759000000000000188e-03, 1.699999999999999870e-07, 1.933999999999999941e+00, 1.405000000000000138e-01
8.000000000000000000e+09, 1.748000000000000064e-10, 2.896000000000000137e-03, 1.274999999999999969e-07, 1.939999999999999947e+00, 1.413000000000000089e-01
1.000000000000000000e+10, 1.118999999999999962e-10, 2.364999999999999915e-03, 1.020000000000000001e-07, 1.943000000000000060e+00, 1.418999999999999984e-01
1.500000000000000000e+10, 4.971999999999999736e-11, 1.634000000000000036e-03, 6.798000000000000389e-08, 1.947999999999999954e+00, 1.426000000000000045e-01
2.000000000000000000e+10, 2.797000000000000138e-11, 1.255999999999999955e-03, 5.097999999999999725e-08, 1.949999999999999956e+00, 1.429999999999999882e-01
3.000000000000000000e+10, 1.242999999999999934e-11, 8.664999999999999742e-04, 3.399000000000000195e-08, 1.953000000000000069e+00, 1.433999999999999997e-01
4.000000000000000000e+10, 6.992000000000000095e-12, 6.652999999999999626e-04, 2.548999999999999862e-08, 1.955000000000000071e+00, 1.436000000000000054e-01
5.000000000000000000e+10, 4.475000000000000218e-12, 5.416999999999999940e-04, 2.038999999999999928e-08, 1.955999999999999961e+00, 1.438000000000000111e-01
6.000000000000000000e+10, 3.106999999999999989e-12, 4.579000000000000171e-04, 1.698999999999999861e-08, 1.955999999999999961e+00, 1.439000000000000001e-01
8.000000000000000000e+10, 1.748000000000000024e-12, 3.511000000000000232e-04, 1.274000000000000026e-08, 1.957000000000000073e+00, 1.439999999999999891e-01
1.000000000000000000e+11, 1.118999999999999978e-12, 2.857000000000000056e-04, 1.020000000000000035e-08, 1.957000000000000073e+00, 1.441000000000000059e-01
