1.000000000000000000e+03, 6.259000000000000000e+03, 1.685999999999999943e+00, 3.253000000000000000e+06, 0.000000000000000000e+00, 0.000000000000000000e+00
1.500000000000000000e+03, 6.006000000000000000e+03, 2.814000000000000057e+00, 1.762000000000000000e+06, 0.000000000000000000e+00, 0.000000000000000000e+00
2.000000000000000000e+03, 5.730000000000000000e+03, 3.959999999999999964e+00, 9.998000000000000000e+05, 0.000000000000000000e+00, 0.000000000000000000e+00
3.000000000000000000e+03, 5.165000000000000000e+03, 6.200999999999999623e+00, 4.101000000000000000e+05, 0.000000000000000000e+00, 0.000000000000000000e+00
4.000000000000000000e+03, 4.628000000000000000e+03, 8.288999999999999702e+00, 2.117000000000000000e+05, 0.000000000000000000e+00, 0.000000000000000000e+00
5.000000000000000000e+03, 4.145000000000000000e+03, 1.021000000000000085e+01, 3.973000000000000000e+05, 0.000000000000000000e+00, 0.000000000000000000e+00
6.000000000000000000e+03, 3.725000000000000000e+03, 1.196000000000000085e+01, 2.939000000000000000e+05, 0.000000000000000000e+00, 0.000000000000000000e+00
8.000000000000000000e+03, 3.055000000000000000e+03, 1.507000000000000028e+01, 1.574000000000000000e+05, 0.000000000000000000e+00, 0.000000000000000000e+00
1.000000000000000000e+04, 2.555000000000000000e+03, 1.782999999999999829e+01, 9.026000000000000000e+04, 0.000000000000000000e+00, 0.000000000000000000e+00
1.500000000000000000e+04, 1.747000000000000000e+03, 2.344999999999999929e+01, 3.240000000000000000e+04, 0.000000000000000000e+00, 0.000000000000000000e+00
2.000000000000000000e+04, 1.271000000000000000e+03, 2.748999999999999844e+01, 1.548000000000000000e+04, 0.000000000000000000e+00, 0.000000000000000000e+00
3.000000000000000000e+04, 7.528999999999999773e+02, 3.267999999999999972e+01, 2.049000000000000000e+04, 0.000000000000000000e+00, 0.000000000000000000e+00
4.000000000000000000e+04, 5.043000000000000114e+02, 3.582000000000000028e+01, 9.884000000000000000e+03, 0.000000000000000000e+00, 0.000000000000000000e+00
5.000000000000000000e+04, 3.666999999999999886e+02, 3.778000000000000114e+01, 5.544000000000000000e+03, 0.000000000000000000e+00, 0.000000000000000000e+00
6.000000000000000000e+04, 2.773999999999999773e+02, 3.897999999999999687e+01, 3.439000000000000000e+03, 0.000000000000000000e+00, 0.000000000000000000e+00
8.000000000000000000e+04, 1.745000000000000000e+02, 3.997999999999999687e+01, 1.609000000000000000e+03, 0.000000000000000000e+00, 0.000000000000000000e+00
1.000000000000000000e+05, 1.210999999999999943e+02, 4.003000000000000114e+01, 8.892999999999999545e+02, 0.000000000000000000e+00, 0.000000000000000000e+00
1.500000000000000000e+05, 6.111999999999999744e+01, 3.864999999999999858e+01, 1.205000000000000000e+03, 0.000000000000000000e+00, 0.000000000000000000e+00
2.000000000000000000e+05, 3.671000000000000085e+01, 3.671000000000000085e+01, 5.837000000000000455e+02, 0.000000000000000000e+00, 0.000000000000000000e+00
3.000000000000000000e+05, 1.767000000000000171e+01, 3.307000000000000028e+01, 2.131999999999999886e+02, 0.000000000000000000e+00, 0.000000000000000000e+00
4.000000000000000000e+05, 1.044999999999999929e+01, 3.014000000000000057e+01, 1.069000000000000057e+02, 0.000000000000000000e+00, 0.000000000000000000e+00
5.000000000000000000e+05, 6.900999999999999801e+00, 2.780999999999999872e+01, 6.389000000000000057e+01, 0.000000000000000000e+00, 0.000000000000000000e+00
6.000000000000000000e+05, 4.894999999999999574e+00, 2.589999999999999858e+01, 4.257999999999999829e+01, 0.000000000000000000e+00, 0.000000000000000000e+00
8.000000000000000000e+05, 2.830000000000000071e+00, 2.292000000000000171e+01, 2.307999999999999829e+01, 0.000000000000000000e+00, 0.000000000000000000e+00
1.000000000000000000e+06, 1.842000000000000082e+00, 2.069999999999999929e+01, 1.466999999999999993e+01, 0.000000000000000000e+00, 0.000000000000000000e+00
1.022000000000000000e+06, 1.766000000000000014e+00, 2.048000000000000043e+01, 1.406000000000000050e+01, 0.000000000000000000e+00, 0.000000000000000000e+00
1.250000000000000000e+06, 1.195000000000000062e+00, 1.855999999999999872e+01, 9.516000000000000014e+00, 2.102999999999999869e-01, 0.000000000000000000e+00
1.500000000000000000e+06, 8.370999999999999552e-01, 1.689999999999999858e+01, 6.762999999999999901e+00, 1.068000000000000060e+00, 0.000000000000000000e+00
2.000000000000000000e+06, 4.758999999999999897e-01, 1.444999999999999929e+01, 4.081999999999999851e+00, 3.076000000000000068e+00, 0.000000000000000000e+00
2.044000000000000000e+06, 4.560000000000000164e-01, 1.427999999999999936e+01, 3.935000000000000053e+00, 3.241000000000000103e+00, 0.000000000000000000e+00
3.000000000000000000e+06, 2.136000000000000121e-01, 1.139000000000000057e+01, 2.121999999999999886e+00, 6.203000000000000291e+00, 3.977999999999999765e-03
4.000000000000000000e+06, 1.205999999999999989e-01, 9.509000000000000341e+00, 1.381999999999999895e+00, 8.541000000000000369e+00, 1.619999999999999912e-02
5.000000000000000000e+06, 7.734000000000000596e-02, 8.214999999999999858e+00, 1.008999999999999897e+00, 1.049000000000000021e+01, 3.221000000000000252e-02
6.000000000000000000e+06, 5.376999999999999835e-02, 7.262999999999999901e+00, 7.879000000000000448e-01, 1.210999999999999943e+01, 4.934999999999999803e-02
7.000000000000000000e+06, 3.953999999999999876e-02, 6.528999999999999915e+00, 6.435999999999999499e-01, 1.359999999999999964e+01, 6.636999999999999844e-02
8.000000000000000000e+06, 3.028000000000000136e-02, 5.942999999999999616e+00, 5.423999999999999932e-01, 1.494999999999999929e+01, 8.279999999999999860e-02
9.000000000000000000e+06, 2.393999999999999947e-02, 5.463000000000000078e+00, 4.680000000000000271e-01, 1.619000000000000128e+01, 9.847999999999999809e-02
1.000000000000000000e+07, 1.939000000000000098e-02, 5.062000000000000277e+00, 4.109999999999999765e-01, 1.733999999999999986e+01, 1.132999999999999979e-01
1.100000000000000000e+07, 1.602999999999999911e-02, 4.722000000000000419e+00, 3.660999999999999810e-01, 1.839999999999999858e+01, 1.272999999999999965e-01
1.200000000000000000e+07, 1.346999999999999933e-02, 4.429000000000000270e+00, 3.299000000000000266e-01, 1.939999999999999858e+01, 1.405000000000000138e-01
1.300000000000000000e+07, 1.148000000000000062e-02, 4.171999999999999709e+00, 2.999999999999999889e-01, 2.032999999999999829e+01, 1.529000000000000081e-01
1.400000000000000000e+07, 9.900000000000000813e-03, 3.947000000000000064e+00, 2.750000000000000222e-01, 2.119999999999999929e+01, 1.645999999999999963e-01
1.500000000000000000e+07, 8.625000000000000722e-03, 3.746999999999999886e+00, 2.538000000000000256e-01, 2.201999999999999957e+01, 1.756999999999999951e-01
1.600000000000000000e+07, 7.581000000000000065e-03, 3.568999999999999950e+00, 2.356000000000000039e-01, 2.278999999999999915e+01, 1.862000000000000044e-01
1.800000000000000000e+07, 5.989999999999999665e-03, 3.262000000000000011e+00, 2.059999999999999887e-01, 2.417999999999999972e+01, 2.056000000000000050e-01
2.000000000000000000e+07, 4.852000000000000410e-03, 3.008000000000000007e+00, 1.829000000000000070e-01, 2.542000000000000171e+01, 2.232000000000000095e-01
2.200000000000000000e+07, 4.009999999999999676e-03, 2.794000000000000039e+00, 1.643999999999999906e-01, 2.655999999999999872e+01, 2.391999999999999960e-01
2.400000000000000000e+07, 3.370000000000000166e-03, 2.611000000000000210e+00, 1.492999999999999883e-01, 2.760000000000000142e+01, 2.539000000000000146e-01
2.600000000000000000e+07, 2.871999999999999987e-03, 2.451999999999999957e+00, 1.366999999999999882e-01, 2.855000000000000071e+01, 2.674000000000000266e-01
2.800000000000000000e+07, 2.475999999999999902e-03, 2.313000000000000167e+00, 1.260999999999999899e-01, 2.942000000000000171e+01, 2.797999999999999932e-01
3.000000000000000000e+07, 2.157000000000000063e-03, 2.189999999999999947e+00, 1.170000000000000068e-01, 3.021999999999999886e+01, 2.913999999999999924e-01
4.000000000000000000e+07, 1.213000000000000102e-03, 1.739999999999999991e+00, 8.587000000000000188e-02, 3.349000000000000199e+01, 3.387999999999999901e-01
5.000000000000000000e+07, 7.766000000000000117e-04, 1.453000000000000069e+00, 6.779999999999999916e-02, 3.592999999999999972e+01, 3.744000000000000106e-01
6.000000000000000000e+07, 5.393000000000000441e-04, 1.252000000000000002e+00, 5.600999999999999729e-02, 3.782000000000000028e+01, 4.022999999999999909e-01
8.000000000000000000e+07, 3.034000000000000022e-04, 9.871999999999999664e-01, 4.154000000000000054e-02, 4.060000000000000142e+01, 4.437999999999999723e-01
1.000000000000000000e+08, 1.942000000000000041e-04, 8.193000000000000282e-01, 3.300999999999999768e-02, 4.256000000000000227e+01, 4.736000000000000210e-01
1.500000000000000000e+08, 8.629000000000000223e-05, 5.835000000000000187e-01, 2.180999999999999953e-02, 4.563000000000000256e+01, 5.222999999999999865e-01
2.000000000000000000e+08, 4.853999999999999943e-05, 4.575000000000000178e-01, 1.627999999999999933e-02, 4.746000000000000085e+01, 5.524000000000000021e-01
3.000000000000000000e+08, 2.156999999999999846e-05, 3.242999999999999772e-01, 1.081000000000000016e-02, 4.959000000000000341e+01, 5.887999999999999901e-01
4.000000000000000000e+08, 1.213000000000000075e-05, 2.540000000000000036e-01, 8.087000000000000438e-03, 5.081000000000000227e+01, 6.102999999999999536e-01
5.000000000000000000e+08, 7.765999999999999846e-06, 2.101999999999999980e-01, 6.460999999999999729e-03, 5.160999999999999943e+01, 6.250000000000000000e-01
6.000000000000000000e+08, 5.392999999999999865e-06, 1.799999999999999933e-01, 5.379000000000000101e-03, 5.217999999999999972e+01, 6.357000000000000428e-01
8.000000000000000000e+08, 3.034000000000000089e-06, 1.406000000000000028e-01, 4.029999999999999728e-03, 5.292999999999999972e+01, 6.503999999999999782e-01
1.000000000000000000e+09, 1.941000000000000136e-06, 1.156999999999999973e-01, 3.220999999999999905e-03, 5.342000000000000171e+01, 6.601000000000000201e-01
1.500000000000000000e+09, 8.629000000000000307e-07, 8.076999999999999458e-02, 2.145999999999999904e-03, 5.411999999999999744e+01, 6.744999999999999885e-01
2.000000000000000000e+09, 4.854000000000000452e-07, 6.250999999999999612e-02, 1.608000000000000054e-03, 5.452000000000000313e+01, 6.826999999999999735e-01
3.000000000000000000e+09, 2.157000000000000058e-07, 4.347000000000000169e-02, 1.072000000000000036e-03, 5.490999999999999659e+01, 6.915999999999999925e-01
4.000000000000000000e+09, 1.213000000000000075e-07, 3.355000000000000343e-02, 8.036999999999999656e-04, 5.517000000000000171e+01, 6.968999999999999639e-01
5.000000000000000000e+09, 7.765999999999999528e-08, 2.742999999999999952e-02, 6.428999999999999602e-04, 5.531000000000000227e+01, 7.000999999999999446e-01
6.000000000000000000e+09, 5.393000000000000050e-08, 2.325999999999999943e-02, 5.356999999999999566e-04, 5.540999999999999659e+01, 7.023000000000000353e-01
8.000000000000000000e+09, 3.033999999999999904e-08, 1.791999999999999843e-02, 4.017000000000000063e-04, 5.553999999999999915e+01, 7.053000000000000380e-01
1.000000000000000000e+10, 1.940999999999999977e-08, 1.463000000000000064e-02, 3.213000000000000036e-04, 5.561999999999999744e+01, 7.072000000000000508e-01
1.500000000000000000e+10, 8.629000000000000704e-09, 1.010999999999999920e-02, 2.142000000000000024e-04, 5.571999999999999886e+01, 7.097999999999999865e-01
2.000000000000000000e+10, 4.853999999999999988e-09, 7.774999999999999793e-03, 1.606000000000000006e-04, 5.578999999999999915e+01, 7.113000000000000433e-01
3.000000000000000000e+10, 2.156999999999999893e-09, 5.361999999999999579e-03, 1.071000000000000012e-04, 5.584000000000000341e+01, 7.127000000000000002e-01
4.000000000000000000e+10, 1.213000000000000051e-09, 4.115999999999999867e-03, 8.032000000000000348e-05, 5.589000000000000057e+01, 7.136000000000000121e-01
5.000000000000000000e+10, 7.765999999999999859e-10, 3.351999999999999945e-03, 6.425000000000000318e-05, 5.592000000000000171e+01, 7.141999999999999460e-01
6.000000000000000000e+10, 5.392999999999999885e-10, 2.834000000000000147e-03, 5.353999999999999900e-05, 5.592999999999999972e+01, 7.145000000000000240e-01
8.000000000000000000e+10, 3.034000000000000069e-10, 2.173000000000000018e-03, 4.016000000000000174e-05, 5.593999999999999773e+01, 7.148999999999999799e-01
1.000000000000000000e+11, 1.941000000000000070e-10, 1.768000000000000040e-03, 3.212999999999999900e-05, 5.595000000000000284e+01, 7.151999999999999469e-01
