1.000000000000000000e+03, 8.659999999999999432e+01, 6.228000000000000203e-01, 3.714000000000000000e+04, 0.000000000000000000e+00, 0.000000000000000000e+00
1.500000000000000000e+03, 7.895000000000000284e+01, 1.022999999999999909e+00, 1.615000000000000000e+05, 0.000000000000000000e+00, 0.000000000000000000e+00
2.000000000000000000e+03, 7.185999999999999943e+01, 1.336000000000000076e+00, 7.789000000000000000e+04, 0.000000000000000000e+00, 0.000000000000000000e+00
3.000000000000000000e+03, 6.050999999999999801e+01, 1.840999999999999970e+00, 2.651000000000000000e+04, 0.000000000000000000e+00, 0.000000000000000000e+00
4.000000000000000000e+03, 5.160000000000000142e+01, 2.310999999999999943e+00, 1.195000000000000000e+04, 0.000000000000000000e+00, 0.000000000000000000e+00
5.000000000000000000e+03, 4.403000000000000114e+01, 2.762000000000000011e+00, 6.341000000000000000e+03, 0.000000000000000000e+00, 0.000000000000000000e+00
6.000000000000000000e+03, 3.752000000000000313e+01, 3.182999999999999829e+00, 3.745000000000000000e+03, 0.000000000000000000e+00, 0.000000000000000000e+00
8.000000000000000000e+03, 2.746000000000000085e+01, 3.907000000000000028e+00, 1.607000000000000000e+03, 0.000000000000000000e+00, 0.000000000000000000e+00
1.000000000000000000e+04, 2.064999999999999858e+01, 4.466999999999999638e+00, 8.247000000000000455e+02, 0.000000000000000000e+00, 0.000000000000000000e+00
1.500000000000000000e+04, 1.164000000000000057e+01, 5.317999999999999616e+00, 2.395999999999999943e+02, 0.000000000000000000e+00, 0.000000000000000000e+00
2.000000000000000000e+04, 7.586999999999999744e+00, 5.740999999999999659e+00, 9.818999999999999773e+01, 0.000000000000000000e+00, 0.000000000000000000e+00
3.000000000000000000e+04, 4.056000000000000050e+00, 6.115000000000000213e+00, 2.737999999999999901e+01, 0.000000000000000000e+00, 0.000000000000000000e+00
4.000000000000000000e+04, 2.527000000000000135e+00, 6.230000000000000426e+00, 1.093999999999999950e+01, 0.000000000000000000e+00, 0.000000000000000000e+00
5.000000000000000000e+04, 1.717000000000000082e+00, 6.227999999999999758e+00, 5.341999999999999638e+00, 0.000000000000000000e+00, 0.000000000000000000e+00
6.000000000000000000e+04, 1.239999999999999991e+00, 6.166999999999999815e+00, 2.964999999999999858e+00, 0.000000000000000000e+00, 0.000000000000000000e+00
8.000000000000000000e+04, 7.326000000000000290e-01, 5.974000000000000199e+00, 1.167999999999999927e+00, 0.000000000000000000e+00, 0.000000000000000000e+00
1.000000000000000000e+05, 4.829999999999999849e-01, 5.756000000000000227e+00, 5.661000000000000476e-01, 0.000000000000000000e+00, 0.000000000000000000e+00
1.500000000000000000e+05, 2.228999999999999870e-01, 5.248999999999999666e+00, 1.527999999999999914e-01, 0.000000000000000000e+00, 0.000000000000000000e+00
2.000000000000000000e+05, 1.274000000000000132e-01, 4.836000000000000298e+00, 6.112000000000000072e-02, 0.000000000000000000e+00, 0.000000000000000000e+00
3.000000000000000000e+05, 5.734000000000000208e-02, 4.222999999999999865e+00, 1.746999999999999942e-02, 0.000000000000000000e+00, 0.000000000000000000e+00
4.000000000000000000e+05, 3.241000000000000131e-02, 3.790999999999999925e+00, 7.533999999999999898e-03, 0.000000000000000000e+00, 0.000000000000000000e+00
5.000000000000000000e+05, 2.078999999999999945e-02, 3.464999999999999858e+00, 4.081999999999999691e-03, 0.000000000000000000e+00, 0.000000000000000000e+00
6.000000000000000000e+05, 1.444999999999999930e-02, 3.206999999999999851e+00, 2.549000000000000050e-03, 0.000000000000000000e+00, 0.000000000000000000e+00
8.000000000000000000e+05, 8.139999999999999666e-03, 2.818999999999999950e+00, 1.288000000000000082e-03, 0.000000000000000000e+00, 0.000000000000000000e+00
1.000000000000000000e+06, 5.211999999999999619e-03, 2.535000000000000142e+00, 8.009999999999999542e-04, 0.000000000000000000e+00, 0.000000000000000000e+00
1.022000000000000000e+06, 4.990999999999999777e-03, 2.508000000000000007e+00, 7.537999999999999996e-04, 0.000000000000000000e+00, 0.000000000000000000e+00
1.250000000000000000e+06, 3.337000000000000122e-03, 2.266999999999999904e+00, 5.111000000000000092e-04, 1.185000000000000072e-03, 0.000000000000000000e+00
1.500000000000000000e+06, 2.318000000000000182e-03, 2.060999999999999943e+00, 3.704000000000000044e-04, 6.486999999999999711e-03, 0.000000000000000000e+00
2.000000000000000000e+06, 1.304000000000000038e-03, 1.758999999999999897e+00, 2.315999999999999916e-04, 2.569000000000000103e-02, 0.000000000000000000e+00
2.044000000000000000e+06, 1.248999999999999893e-03, 1.737000000000000099e+00, 2.238999999999999942e-04, 2.768999999999999934e-02, 0.000000000000000000e+00
3.000000000000000000e+06, 5.797000000000000503e-04, 1.383999999999999897e+00, 1.284000000000000039e-04, 7.313999999999999668e-02, 4.842000000000000058e-04
4.000000000000000000e+06, 3.261000000000000118e-04, 1.153999999999999915e+00, 8.765999999999999758e-05, 1.184000000000000052e-01, 1.977000000000000025e-03
5.000000000000000000e+06, 2.087000000000000042e-04, 9.969000000000000083e-01, 6.624999999999999758e-05, 1.585999999999999910e-01, 3.938999999999999793e-03
6.000000000000000000e+06, 1.448999999999999984e-04, 8.810999999999999943e-01, 5.313000000000000123e-05, 1.947000000000000119e-01, 6.049999999999999822e-03
7.000000000000000000e+06, 1.065000000000000002e-04, 7.919000000000000483e-01, 4.429999999999999937e-05, 2.268000000000000016e-01, 8.156999999999999321e-03
8.000000000000000000e+06, 8.153000000000000037e-05, 7.207999999999999963e-01, 3.796000000000000248e-05, 2.556999999999999829e-01, 1.020000000000000073e-02
9.000000000000000000e+06, 6.441999999999999647e-05, 6.625999999999999668e-01, 3.320000000000000062e-05, 2.818999999999999839e-01, 1.216000000000000067e-02
1.000000000000000000e+07, 5.217999999999999846e-05, 6.139000000000000012e-01, 2.949000000000000056e-05, 3.057000000000000273e-01, 1.403000000000000080e-02
1.100000000000000000e+07, 4.312000000000000051e-05, 5.725999999999999979e-01, 2.652000000000000020e-05, 3.272999999999999798e-01, 1.580000000000000154e-02
1.200000000000000000e+07, 3.622999999999999702e-05, 5.370000000000000329e-01, 2.409000000000000144e-05, 3.471000000000000196e-01, 1.747999999999999901e-02
1.300000000000000000e+07, 3.087000000000000090e-05, 5.059000000000000163e-01, 2.207000000000000045e-05, 3.654999999999999916e-01, 1.906000000000000055e-02
1.400000000000000000e+07, 2.661999999999999924e-05, 4.786000000000000254e-01, 2.036000000000000158e-05, 3.825999999999999956e-01, 2.057000000000000148e-02
1.500000000000000000e+07, 2.318999999999999989e-05, 4.542999999999999816e-01, 1.889000000000000041e-05, 3.986000000000000099e-01, 2.199999999999999872e-02
1.600000000000000000e+07, 2.038000000000000139e-05, 4.326999999999999735e-01, 1.762000000000000071e-05, 4.136000000000000232e-01, 2.336999999999999841e-02
1.800000000000000000e+07, 1.609999999999999832e-05, 3.955000000000000182e-01, 1.552999999999999869e-05, 4.410999999999999921e-01, 2.590999999999999900e-02
2.000000000000000000e+07, 1.305000000000000042e-05, 3.647000000000000242e-01, 1.389000000000000084e-05, 4.657000000000000028e-01, 2.823000000000000162e-02
2.200000000000000000e+07, 1.078000000000000013e-05, 3.387000000000000011e-01, 1.255000000000000012e-05, 4.879999999999999893e-01, 3.037000000000000116e-02
2.400000000000000000e+07, 9.058999999999999155e-06, 3.165000000000000036e-01, 1.145000000000000049e-05, 5.082999999999999741e-01, 3.234000000000000069e-02
2.600000000000000000e+07, 7.719000000000000126e-06, 2.972000000000000197e-01, 1.053000000000000083e-05, 5.268000000000000460e-01, 3.416999999999999899e-02
2.800000000000000000e+07, 6.654999999999999810e-06, 2.803999999999999826e-01, 9.745999999999999523e-06, 5.440000000000000391e-01, 3.588000000000000217e-02
3.000000000000000000e+07, 5.796999999999999724e-06, 2.655000000000000138e-01, 9.069999999999999558e-06, 5.597999999999999643e-01, 3.747000000000000330e-02
4.000000000000000000e+07, 3.261000000000000203e-06, 2.109999999999999931e-01, 6.732999999999999741e-06, 6.250999999999999890e-01, 4.415999999999999787e-02
5.000000000000000000e+07, 2.087000000000000093e-06, 1.761000000000000065e-01, 5.353000000000000248e-06, 6.740000000000000435e-01, 4.934000000000000191e-02
6.000000000000000000e+07, 1.449000000000000018e-06, 1.517000000000000015e-01, 4.441999999999999992e-06, 7.127999999999999892e-01, 5.351999999999999813e-02
8.000000000000000000e+07, 8.152000000000000470e-07, 1.197000000000000008e-01, 3.313999999999999950e-06, 7.711999999999999966e-01, 5.995000000000000329e-02
1.000000000000000000e+08, 5.217000000000000195e-07, 9.932000000000000550e-02, 2.642999999999999937e-06, 8.129999999999999449e-01, 6.472999999999999587e-02
1.500000000000000000e+08, 2.319000000000000053e-07, 7.073000000000000120e-02, 1.754999999999999926e-06, 8.802999999999999714e-01, 7.284000000000000197e-02
2.000000000000000000e+08, 1.304000000000000030e-07, 5.544999999999999929e-02, 1.312999999999999965e-06, 9.211000000000000298e-01, 7.806000000000000438e-02
3.000000000000000000e+08, 5.797000000000000227e-08, 3.930999999999999772e-02, 8.735999999999999876e-07, 9.694000000000000394e-01, 8.461000000000000465e-02
4.000000000000000000e+08, 3.260999999999999885e-08, 3.077999999999999833e-02, 6.545000000000000440e-07, 9.975000000000000533e-01, 8.866000000000000270e-02
5.000000000000000000e+08, 2.087000000000000093e-08, 2.547999999999999918e-02, 5.233000000000000338e-07, 1.016000000000000014e+00, 9.148000000000000576e-02
6.000000000000000000e+08, 1.448999999999999939e-08, 2.181999999999999912e-02, 4.358999999999999791e-07, 1.030000000000000027e+00, 9.357000000000000040e-02
8.000000000000000000e+08, 8.152000000000000801e-09, 1.703999999999999959e-02, 3.266999999999999807e-07, 1.048000000000000043e+00, 9.651999999999999469e-02
1.000000000000000000e+09, 5.216999999999999665e-09, 1.401999999999999948e-02, 2.612999999999999906e-07, 1.058999999999999941e+00, 9.851000000000000034e-02
1.500000000000000000e+09, 2.318999999999999954e-09, 9.790000000000000091e-03, 1.741000000000000039e-07, 1.076999999999999957e+00, 1.015000000000000069e-01
2.000000000000000000e+09, 1.304000000000000046e-09, 7.577000000000000401e-03, 1.305999999999999915e-07, 1.086000000000000076e+00, 1.033000000000000029e-01
3.000000000000000000e+09, 5.796999999999999731e-10, 5.269000000000000246e-03, 8.703000000000000573e-08, 1.096000000000000085e+00, 1.052000000000000018e-01
4.000000000000000000e+09, 3.260999999999999906e-10, 4.067000000000000302e-03, 6.526000000000000336e-08, 1.102000000000000091e+00, 1.063999999999999946e-01
5.000000000000000000e+09, 2.086999999999999876e-10, 3.324999999999999831e-03, 5.221000000000000231e-08, 1.104999999999999982e+00, 1.071000000000000008e-01
6.000000000000000000e+09, 1.449000000000000114e-10, 2.820000000000000024e-03, 4.349999999999999909e-08, 1.106999999999999984e+00, 1.076000000000000012e-01
8.000000000000000000e+09, 8.152000000000000645e-11, 2.171999999999999886e-03, 3.263000000000000168e-08, 1.110999999999999988e+00, 1.082999999999999935e-01
1.000000000000000000e+10, 5.216999999999999924e-11, 1.773999999999999969e-03, 2.609999999999999879e-08, 1.112999999999999989e+00, 1.087000000000000050e-01
1.500000000000000000e+10, 2.318999999999999954e-11, 1.226000000000000093e-03, 1.740000000000000030e-08, 1.114999999999999991e+00, 1.092999999999999944e-01
2.000000000000000000e+10, 1.303999999999999937e-11, 9.424000000000000302e-04, 1.304999999999999940e-08, 1.116999999999999993e+00, 1.096000000000000030e-01
3.000000000000000000e+10, 5.796999999999999634e-12, 6.499000000000000219e-04, 8.699000000000000669e-09, 1.118000000000000105e+00, 1.098999999999999977e-01
4.000000000000000000e+10, 3.260999999999999938e-12, 4.989000000000000379e-04, 6.524000000000000219e-09, 1.118999999999999995e+00, 1.102000000000000063e-01
5.000000000000000000e+10, 2.086999999999999892e-12, 4.063000000000000097e-04, 5.219999999999999758e-09, 1.120000000000000107e+00, 1.102999999999999953e-01
6.000000000000000000e+10, 1.448999999999999985e-12, 3.435000000000000011e-04, 4.350000000000000074e-09, 1.120000000000000107e+00, 1.103999999999999981e-01
8.000000000000000000e+10, 8.151999999999999999e-13, 2.634000000000000057e-04, 3.262000000000000109e-09, 1.120000000000000107e+00, 1.105000000000000010e-01
1.000000000000000000e+11, 5.216999999999999884e-13, 2.143000000000000048e-04, 2.609999999999999879e-09, 1.120999999999999996e+00, 1.105000000000000010e-01
