1.000000000000000000e+03, 3.396000000000000000e+03, 1.348000000000000087e+00, 1.051000000000000000e+06, 0.000000000000000000e+00, 0.000000000000000000e+00
1.500000000000000000e+03, 3.252000000000000000e+03, 2.313000000000000167e+00, 4.674000000000000000e+05, 0.000000000000000000e+00, 0.000000000000000000e+00
2.000000000000000000e+03, 3.094000000000000000e+03, 3.229999999999999982e+00, 1.130000000000000000e+06, 0.000000000000000000e+00, 0.000000000000000000e+00
3.000000000000000000e+03, 2.779000000000000000e+03, 5.004999999999999893e+00, 5.495000000000000000e+05, 0.000000000000000000e+00, 0.000000000000000000e+00
4.000000000000000000e+03, 2.486000000000000000e+03, 6.690999999999999837e+00, 2.746000000000000000e+05, 0.000000000000000000e+00, 0.000000000000000000e+00
5.000000000000000000e+03, 2.220000000000000000e+03, 8.276999999999999247e+00, 1.579000000000000000e+05, 0.000000000000000000e+00, 0.000000000000000000e+00
6.000000000000000000e+03, 1.986000000000000000e+03, 9.753999999999999559e+00, 9.963000000000000000e+04, 0.000000000000000000e+00, 0.000000000000000000e+00
8.000000000000000000e+03, 1.604000000000000000e+03, 1.233999999999999986e+01, 4.763000000000000000e+04, 0.000000000000000000e+00, 0.000000000000000000e+00
1.000000000000000000e+04, 1.315000000000000000e+03, 1.450999999999999979e+01, 7.015000000000000000e+04, 0.000000000000000000e+00, 0.000000000000000000e+00
1.500000000000000000e+04, 8.510000000000000000e+02, 1.875000000000000000e+01, 3.940000000000000000e+04, 0.000000000000000000e+00, 0.000000000000000000e+00
2.000000000000000000e+04, 6.006000000000000227e+02, 2.194000000000000128e+01, 1.841000000000000000e+04, 0.000000000000000000e+00, 0.000000000000000000e+00
3.000000000000000000e+04, 3.551000000000000227e+02, 2.616000000000000014e+01, 6.191000000000000000e+03, 0.000000000000000000e+00, 0.000000000000000000e+00
4.000000000000000000e+04, 2.338000000000000114e+02, 2.850000000000000000e+01, 2.819000000000000000e+03, 0.000000000000000000e+00, 0.000000000000000000e+00
5.000000000000000000e+04, 1.653000000000000114e+02, 2.980000000000000071e+01, 1.523000000000000000e+03, 0.000000000000000000e+00, 0.000000000000000000e+00
6.000000000000000000e+04, 1.239000000000000057e+02, 3.050000000000000000e+01, 9.178999999999999773e+02, 0.000000000000000000e+00, 0.000000000000000000e+00
8.000000000000000000e+04, 7.779999999999999716e+01, 3.096000000000000085e+01, 2.171000000000000000e+03, 0.000000000000000000e+00, 0.000000000000000000e+00
1.000000000000000000e+05, 5.338000000000000256e+01, 3.078999999999999915e+01, 1.208000000000000000e+03, 0.000000000000000000e+00, 0.000000000000000000e+00
1.500000000000000000e+05, 2.610000000000000142e+01, 2.935999999999999943e+01, 4.045000000000000000e+02, 0.000000000000000000e+00, 0.000000000000000000e+00
2.000000000000000000e+05, 1.555000000000000071e+01, 2.767999999999999972e+01, 1.850999999999999943e+02, 0.000000000000000000e+00, 0.000000000000000000e+00
3.000000000000000000e+05, 7.378000000000000114e+00, 2.475000000000000000e+01, 6.250000000000000000e+01, 0.000000000000000000e+00, 0.000000000000000000e+00
4.000000000000000000e+05, 4.288999999999999702e+00, 2.246999999999999886e+01, 2.975000000000000000e+01, 0.000000000000000000e+00, 0.000000000000000000e+00
5.000000000000000000e+05, 2.798000000000000043e+00, 2.069000000000000128e+01, 1.714999999999999858e+01, 0.000000000000000000e+00, 0.000000000000000000e+00
6.000000000000000000e+05, 1.967999999999999972e+00, 1.923000000000000043e+01, 1.114000000000000057e+01, 0.000000000000000000e+00, 0.000000000000000000e+00
8.000000000000000000e+05, 1.125000000000000000e+00, 1.698999999999999844e+01, 5.865999999999999659e+00, 0.000000000000000000e+00, 0.000000000000000000e+00
1.000000000000000000e+06, 7.264000000000000457e-01, 1.532000000000000028e+01, 3.684000000000000163e+00, 0.000000000000000000e+00, 0.000000000000000000e+00
1.022000000000000000e+06, 6.959999999999999520e-01, 1.516000000000000014e+01, 3.525999999999999801e+00, 0.000000000000000000e+00, 0.000000000000000000e+00
1.250000000000000000e+06, 4.681000000000000161e-01, 1.372000000000000064e+01, 2.378000000000000114e+00, 9.493999999999999662e-02, 0.000000000000000000e+00
1.500000000000000000e+06, 3.264000000000000234e-01, 1.249000000000000021e+01, 1.695999999999999952e+00, 4.435000000000000053e-01, 0.000000000000000000e+00
2.000000000000000000e+06, 1.844000000000000083e-01, 1.066999999999999993e+01, 1.026999999999999913e+00, 1.379999999999999893e+00, 0.000000000000000000e+00
2.044000000000000000e+06, 1.766000000000000070e-01, 1.053999999999999915e+01, 9.901999999999999691e-01, 1.465000000000000080e+00, 0.000000000000000000e+00
3.000000000000000000e+06, 8.223999999999999366e-02, 8.406000000000000583e+00, 5.389000000000000457e-01, 3.161000000000000032e+00, 2.938000000000000073e-03
4.000000000000000000e+06, 4.632000000000000006e-02, 7.016000000000000014e+00, 3.538999999999999924e-01, 4.645999999999999908e+00, 1.197999999999999933e-02
5.000000000000000000e+06, 2.965999999999999887e-02, 6.059999999999999609e+00, 2.600000000000000089e-01, 5.892999999999999794e+00, 2.382000000000000089e-02
6.000000000000000000e+06, 2.060999999999999985e-02, 5.357000000000000206e+00, 2.041000000000000036e-01, 6.964999999999999858e+00, 3.652999999999999997e-02
7.000000000000000000e+06, 1.514000000000000068e-02, 4.815000000000000391e+00, 1.673999999999999932e-01, 7.910999999999999588e+00, 4.916000000000000231e-02
8.000000000000000000e+06, 1.159999999999999920e-02, 4.383000000000000007e+00, 1.416000000000000036e-01, 8.760999999999999233e+00, 6.137999999999999706e-02
9.000000000000000000e+06, 9.162000000000000005e-03, 4.028999999999999915e+00, 1.224999999999999978e-01, 9.534000000000000696e+00, 7.305000000000000382e-02
1.000000000000000000e+07, 7.421999999999999778e-03, 3.733000000000000096e+00, 1.078999999999999959e-01, 1.024000000000000021e+01, 8.411000000000000421e-02
1.100000000000000000e+07, 6.134999999999999828e-03, 3.482000000000000206e+00, 9.626999999999999447e-02, 1.090000000000000036e+01, 9.457000000000000128e-02
1.200000000000000000e+07, 5.154999999999999860e-03, 3.266000000000000014e+00, 8.688999999999999502e-02, 1.150999999999999979e+01, 1.044000000000000067e-01
1.300000000000000000e+07, 4.393000000000000203e-03, 3.076999999999999957e+00, 7.914999999999999813e-02, 1.208000000000000007e+01, 1.136999999999999955e-01
1.400000000000000000e+07, 3.788000000000000134e-03, 2.911000000000000032e+00, 7.266000000000000236e-02, 1.261999999999999922e+01, 1.224999999999999978e-01
1.500000000000000000e+07, 3.298999999999999849e-03, 2.763999999999999790e+00, 6.714000000000000523e-02, 1.310999999999999943e+01, 1.307999999999999996e-01
1.600000000000000000e+07, 2.899999999999999800e-03, 2.632000000000000117e+00, 6.239000000000000101e-02, 1.357000000000000028e+01, 1.386999999999999900e-01
1.800000000000000000e+07, 2.291000000000000068e-03, 2.404999999999999805e+00, 5.464000000000000107e-02, 1.441000000000000014e+01, 1.532999999999999918e-01
2.000000000000000000e+07, 1.856000000000000011e-03, 2.217999999999999972e+00, 4.859000000000000125e-02, 1.515000000000000036e+01, 1.665000000000000091e-01
2.200000000000000000e+07, 1.533999999999999990e-03, 2.060000000000000053e+00, 4.374000000000000110e-02, 1.582000000000000028e+01, 1.786000000000000087e-01
2.400000000000000000e+07, 1.288999999999999998e-03, 1.925000000000000044e+00, 3.975999999999999673e-02, 1.642999999999999972e+01, 1.897000000000000075e-01
2.600000000000000000e+07, 1.098000000000000018e-03, 1.808000000000000052e+00, 3.644000000000000017e-02, 1.698999999999999844e+01, 1.998999999999999944e-01
2.800000000000000000e+07, 9.468999999999999770e-04, 1.705000000000000071e+00, 3.363000000000000017e-02, 1.751000000000000156e+01, 2.094000000000000028e-01
3.000000000000000000e+07, 8.249000000000000473e-04, 1.614999999999999991e+00, 3.122000000000000122e-02, 1.798000000000000043e+01, 2.180999999999999883e-01
4.000000000000000000e+07, 4.640000000000000027e-04, 1.282999999999999918e+00, 2.298000000000000043e-02, 1.992000000000000171e+01, 2.543000000000000260e-01
5.000000000000000000e+07, 2.970000000000000092e-04, 1.070999999999999952e+00, 1.816999999999999865e-02, 2.135000000000000142e+01, 2.813999999999999835e-01
6.000000000000000000e+07, 2.061999999999999977e-04, 9.230000000000000426e-01, 1.502999999999999996e-02, 2.246999999999999886e+01, 3.028000000000000136e-01
8.000000000000000000e+07, 1.160000000000000007e-04, 7.278999999999999915e-01, 1.115999999999999978e-02, 2.410000000000000142e+01, 3.346999999999999975e-01
1.000000000000000000e+08, 7.423999999999999393e-05, 6.041999999999999593e-01, 8.878000000000000475e-03, 2.526000000000000156e+01, 3.578000000000000069e-01
1.500000000000000000e+08, 3.300000000000000253e-05, 4.303000000000000158e-01, 5.871999999999999616e-03, 2.707999999999999829e+01, 3.956000000000000072e-01
2.000000000000000000e+08, 1.855999999999999848e-05, 3.372999999999999887e-01, 4.387000000000000274e-03, 2.817000000000000171e+01, 4.189999999999999836e-01
3.000000000000000000e+08, 8.249000000000000134e-06, 2.391000000000000070e-01, 2.912999999999999791e-03, 2.942000000000000171e+01, 4.472999999999999754e-01
4.000000000000000000e+08, 4.639999999999999621e-06, 1.872999999999999943e-01, 2.180000000000000080e-03, 3.014000000000000057e+01, 4.642000000000000015e-01
5.000000000000000000e+08, 2.969999999999999940e-06, 1.549999999999999989e-01, 1.742000000000000059e-03, 3.060999999999999943e+01, 4.757000000000000117e-01
6.000000000000000000e+08, 2.061999999999999909e-06, 1.327000000000000124e-01, 1.451000000000000033e-03, 3.094999999999999929e+01, 4.840999999999999748e-01
8.000000000000000000e+08, 1.159999999999999905e-06, 1.037000000000000005e-01, 1.087000000000000076e-03, 3.139999999999999858e+01, 4.956999999999999740e-01
1.000000000000000000e+09, 7.423999999999999774e-07, 8.527999999999999470e-02, 8.689999999999999808e-04, 3.169000000000000128e+01, 5.032999999999999696e-01
1.500000000000000000e+09, 3.300000000000000168e-07, 5.956000000000000183e-02, 5.789000000000000309e-04, 3.210000000000000142e+01, 5.147000000000000464e-01
2.000000000000000000e+09, 1.855999999999999944e-07, 4.610000000000000209e-02, 4.339999999999999782e-04, 3.232999999999999829e+01, 5.211000000000000076e-01
3.000000000000000000e+09, 8.249000000000000610e-08, 3.205000000000000210e-02, 2.891999999999999823e-04, 3.257999999999999829e+01, 5.281000000000000139e-01
4.000000000000000000e+09, 4.639999999999999859e-08, 2.474000000000000157e-02, 2.168999999999999867e-04, 3.271000000000000085e+01, 5.322999999999999954e-01
5.000000000000000000e+09, 2.970000000000000125e-08, 2.023000000000000145e-02, 1.734999999999999889e-04, 3.278999999999999915e+01, 5.348000000000000531e-01
6.000000000000000000e+09, 2.061999999999999869e-08, 1.714999999999999858e-02, 1.444999999999999887e-04, 3.285000000000000142e+01, 5.365999999999999659e-01
8.000000000000000000e+09, 1.159999999999999965e-08, 1.322000000000000085e-02, 1.084000000000000057e-04, 3.292000000000000171e+01, 5.389000000000000457e-01
1.000000000000000000e+10, 7.424000000000000006e-09, 1.078999999999999924e-02, 8.671000000000000159e-05, 3.296999999999999886e+01, 5.403999999999999915e-01
1.500000000000000000e+10, 3.300000000000000185e-09, 7.457000000000000087e-03, 5.780999999999999708e-05, 3.303999999999999915e+01, 5.423999999999999932e-01
2.000000000000000000e+10, 1.856000000000000001e-09, 5.733000000000000249e-03, 4.335000000000000339e-05, 3.307000000000000028e+01, 5.435999999999999721e-01
3.000000000000000000e+10, 8.249000000000000155e-10, 3.954000000000000049e-03, 2.890000000000000113e-05, 3.310999999999999943e+01, 5.446999999999999620e-01
4.000000000000000000e+10, 4.640000000000000004e-10, 3.034999999999999937e-03, 2.167000000000000089e-05, 3.313000000000000256e+01, 5.454999999999999849e-01
5.000000000000000000e+10, 2.970000000000000084e-10, 2.471999999999999805e-03, 1.734000000000000000e-05, 3.314000000000000057e+01, 5.459000000000000519e-01
6.000000000000000000e+10, 2.061999999999999962e-10, 2.089000000000000145e-03, 1.445000000000000056e-05, 3.314999999999999858e+01, 5.462000000000000188e-01
8.000000000000000000e+10, 1.160000000000000001e-10, 1.601999999999999908e-03, 1.083999999999999955e-05, 3.315999999999999659e+01, 5.464999999999999858e-01
1.000000000000000000e+11, 7.423999999999999385e-11, 1.302999999999999905e-03, 8.669999999999999999e-06, 3.317000000000000171e+01, 5.466999999999999638e-01
