1.000000000000000000e+03, 1.640000000000000000e+03, 1.016000000000000014e+00, 1.734000000000000000e+06, 0.000000000000000000e+00, 0.000000000000000000e+00
1.500000000000000000e+03, 1.551000000000000000e+03, 1.885000000000000009e+00, 7.042000000000000000e+05, 0.000000000000000000e+00, 0.000000000000000000e+00
2.000000000000000000e+03, 1.453000000000000000e+03, 2.762999999999999901e+00, 3.558000000000000000e+05, 0.000000000000000000e+00, 0.000000000000000000e+00
3.000000000000000000e+03, 1.267000000000000000e+03, 4.410999999999999588e+00, 1.308000000000000000e+05, 0.000000000000000000e+00, 0.000000000000000000e+00
4.000000000000000000e+03, 1.105000000000000000e+03, 5.860000000000000320e+00, 6.295000000000000000e+04, 0.000000000000000000e+00, 0.000000000000000000e+00
5.000000000000000000e+03, 9.672999999999999545e+02, 7.139999999999999680e+00, 1.779000000000000000e+05, 0.000000000000000000e+00, 0.000000000000000000e+00
6.000000000000000000e+03, 8.501000000000000227e+02, 8.297000000000000597e+00, 1.117000000000000000e+05, 0.000000000000000000e+00, 0.000000000000000000e+00
8.000000000000000000e+03, 6.693999999999999773e+02, 1.034999999999999964e+01, 5.251000000000000000e+04, 0.000000000000000000e+00, 0.000000000000000000e+00
1.000000000000000000e+04, 5.437999999999999545e+02, 1.214000000000000057e+01, 2.893000000000000000e+04, 0.000000000000000000e+00, 0.000000000000000000e+00
1.500000000000000000e+04, 3.585000000000000000e+02, 1.548000000000000043e+01, 9.580000000000000000e+03, 0.000000000000000000e+00, 0.000000000000000000e+00
2.000000000000000000e+04, 2.531999999999999886e+02, 1.764000000000000057e+01, 4.314000000000000000e+03, 0.000000000000000000e+00, 0.000000000000000000e+00
3.000000000000000000e+04, 1.430999999999999943e+02, 2.021999999999999886e+01, 1.379000000000000000e+03, 0.000000000000000000e+00, 0.000000000000000000e+00
4.000000000000000000e+04, 9.331999999999999318e+01, 2.157999999999999829e+01, 3.982000000000000000e+03, 0.000000000000000000e+00, 0.000000000000000000e+00
5.000000000000000000e+04, 6.620000000000000284e+01, 2.230000000000000071e+01, 2.176000000000000000e+03, 0.000000000000000000e+00, 0.000000000000000000e+00
6.000000000000000000e+04, 4.928999999999999915e+01, 2.264999999999999858e+01, 1.318000000000000000e+03, 0.000000000000000000e+00, 0.000000000000000000e+00
8.000000000000000000e+04, 3.023000000000000043e+01, 2.271999999999999886e+01, 5.891000000000000227e+02, 0.000000000000000000e+00, 0.000000000000000000e+00
1.000000000000000000e+05, 2.046000000000000085e+01, 2.237999999999999901e+01, 3.125000000000000000e+02, 0.000000000000000000e+00, 0.000000000000000000e+00
1.500000000000000000e+05, 9.945000000000000284e+00, 2.105999999999999872e+01, 9.759999999999999432e+01, 0.000000000000000000e+00, 0.000000000000000000e+00
2.000000000000000000e+05, 5.873999999999999666e+00, 1.973000000000000043e+01, 4.274000000000000199e+01, 0.000000000000000000e+00, 0.000000000000000000e+00
3.000000000000000000e+05, 2.736000000000000210e+00, 1.751999999999999957e+01, 1.364000000000000057e+01, 0.000000000000000000e+00, 0.000000000000000000e+00
4.000000000000000000e+05, 1.574000000000000066e+00, 1.584999999999999964e+01, 6.270999999999999908e+00, 0.000000000000000000e+00, 0.000000000000000000e+00
5.000000000000000000e+05, 1.020999999999999908e+00, 1.456000000000000050e+01, 3.529999999999999805e+00, 0.000000000000000000e+00, 0.000000000000000000e+00
6.000000000000000000e+05, 7.149999999999999689e-01, 1.350999999999999979e+01, 2.257000000000000117e+00, 0.000000000000000000e+00, 0.000000000000000000e+00
8.000000000000000000e+05, 4.062000000000000055e-01, 1.191000000000000014e+01, 1.167999999999999927e+00, 0.000000000000000000e+00, 0.000000000000000000e+00
1.000000000000000000e+06, 2.612999999999999767e-01, 1.073000000000000043e+01, 7.291999999999999593e-01, 0.000000000000000000e+00, 0.000000000000000000e+00
1.022000000000000000e+06, 2.503000000000000225e-01, 1.061999999999999922e+01, 6.939999999999999503e-01, 0.000000000000000000e+00, 0.000000000000000000e+00
1.250000000000000000e+06, 1.678999999999999937e-01, 9.608000000000000540e+00, 4.680000000000000271e-01, 3.577999999999999931e-02, 0.000000000000000000e+00
1.500000000000000000e+06, 1.168000000000000010e-01, 8.739000000000000767e+00, 3.351999999999999980e-01, 1.660000000000000087e-01, 0.000000000000000000e+00
2.000000000000000000e+06, 6.582999999999999963e-02, 7.464000000000000412e+00, 2.041000000000000036e-01, 5.647999999999999687e-01, 0.000000000000000000e+00
2.044000000000000000e+06, 6.303999999999999881e-02, 7.371999999999999886e+00, 1.968999999999999917e-01, 6.037000000000000144e-01, 0.000000000000000000e+00
3.000000000000000000e+06, 2.929999999999999966e-02, 5.876000000000000334e+00, 1.083999999999999964e-01, 1.437000000000000055e+00, 2.054999999999999969e-03
4.000000000000000000e+06, 1.649000000000000118e-02, 4.902999999999999581e+00, 7.185999999999999333e-02, 2.210999999999999854e+00, 8.384000000000000827e-03
5.000000000000000000e+06, 1.055999999999999994e-02, 4.235000000000000320e+00, 5.317000000000000198e-02, 2.879000000000000004e+00, 1.668999999999999997e-02
6.000000000000000000e+06, 7.333000000000000108e-03, 3.744000000000000217e+00, 4.198000000000000342e-02, 3.455999999999999961e+00, 2.560000000000000123e-02
7.000000000000000000e+06, 5.388000000000000428e-03, 3.365000000000000213e+00, 3.457999999999999963e-02, 3.968999999999999861e+00, 3.447999999999999676e-02
8.000000000000000000e+06, 4.125000000000000194e-03, 3.063000000000000167e+00, 2.935000000000000109e-02, 4.431000000000000050e+00, 4.306999999999999718e-02
9.000000000000000000e+06, 3.259999999999999877e-03, 2.814999999999999947e+00, 2.546999999999999958e-02, 4.849999999999999645e+00, 5.129000000000000226e-02
1.000000000000000000e+07, 2.639999999999999986e-03, 2.608999999999999986e+00, 2.247999999999999998e-02, 5.233999999999999986e+00, 5.909999999999999976e-02
1.100000000000000000e+07, 2.181999999999999912e-03, 2.432999999999999829e+00, 2.010999999999999940e-02, 5.588000000000000078e+00, 6.647999999999999743e-02
1.200000000000000000e+07, 1.833999999999999910e-03, 2.282000000000000028e+00, 1.818000000000000171e-02, 5.915000000000000036e+00, 7.344000000000000528e-02
1.300000000000000000e+07, 1.562000000000000020e-03, 2.149999999999999911e+00, 1.659000000000000058e-02, 6.219999999999999751e+00, 7.999000000000000554e-02
1.400000000000000000e+07, 1.347000000000000107e-03, 2.033999999999999808e+00, 1.524999999999999967e-02, 6.500000000000000000e+00, 8.623000000000000109e-02
1.500000000000000000e+07, 1.173999999999999913e-03, 1.931000000000000050e+00, 1.410999999999999928e-02, 6.759000000000000341e+00, 9.213000000000000356e-02
1.600000000000000000e+07, 1.031000000000000015e-03, 1.838999999999999968e+00, 1.311999999999999972e-02, 6.998999999999999666e+00, 9.772999999999999743e-02
1.800000000000000000e+07, 8.149999999999999693e-04, 1.681000000000000050e+00, 1.150999999999999940e-02, 7.439000000000000057e+00, 1.081000000000000016e-01
2.000000000000000000e+07, 6.602000000000000013e-04, 1.550000000000000044e+00, 1.025000000000000043e-02, 7.831999999999999851e+00, 1.174999999999999933e-01
2.200000000000000000e+07, 5.456000000000000346e-04, 1.439000000000000057e+00, 9.242000000000000215e-03, 8.189000000000000057e+00, 1.262000000000000066e-01
2.400000000000000000e+07, 4.583999999999999750e-04, 1.344999999999999973e+00, 8.410000000000000808e-03, 8.512999999999999901e+00, 1.340999999999999970e-01
2.600000000000000000e+07, 3.906000000000000075e-04, 1.262999999999999901e+00, 7.714999999999999636e-03, 8.808999999999999275e+00, 1.413999999999999979e-01
2.800000000000000000e+07, 3.368000000000000009e-04, 1.191999999999999948e+00, 7.126000000000000389e-03, 9.080000000000000071e+00, 1.481999999999999984e-01
3.000000000000000000e+07, 2.933999999999999759e-04, 1.127999999999999892e+00, 6.620000000000000016e-03, 9.330000000000000071e+00, 1.544999999999999984e-01
4.000000000000000000e+07, 1.649999999999999991e-04, 8.965999999999999526e-01, 4.884999999999999586e-03, 1.033999999999999986e+01, 1.806000000000000105e-01
5.000000000000000000e+07, 1.056000000000000054e-04, 7.483999999999999542e-01, 3.869000000000000043e-03, 1.109999999999999964e+01, 2.003999999999999948e-01
6.000000000000000000e+07, 7.334999999999999398e-05, 6.448000000000000398e-01, 3.203000000000000118e-03, 1.167999999999999972e+01, 2.160999999999999865e-01
8.000000000000000000e+07, 4.126000000000000137e-05, 5.086000000000000520e-01, 2.382000000000000003e-03, 1.255000000000000071e+01, 2.398000000000000131e-01
1.000000000000000000e+08, 2.640999999999999956e-05, 4.220999999999999752e-01, 1.895999999999999899e-03, 1.316000000000000014e+01, 2.569000000000000172e-01
1.500000000000000000e+08, 1.173999999999999941e-05, 3.005999999999999783e-01, 1.255999999999999955e-03, 1.414000000000000057e+01, 2.852999999999999980e-01
2.000000000000000000e+08, 6.600999999999999988e-06, 2.356999999999999929e-01, 9.384000000000000414e-04, 1.472000000000000064e+01, 3.030999999999999805e-01
3.000000000000000000e+08, 2.934000000000000200e-06, 1.670000000000000095e-01, 6.235000000000000308e-04, 1.540000000000000036e+01, 3.249000000000000221e-01
4.000000000000000000e+08, 1.650000000000000084e-06, 1.307999999999999996e-01, 4.668000000000000166e-04, 1.578999999999999915e+01, 3.380000000000000226e-01
5.000000000000000000e+08, 1.055999999999999927e-06, 1.082999999999999935e-01, 3.731000000000000158e-04, 1.605000000000000071e+01, 3.468999999999999861e-01
6.000000000000000000e+08, 7.335000000000000499e-07, 9.271999999999999686e-02, 3.107000000000000170e-04, 1.623000000000000043e+01, 3.534999999999999809e-01
8.000000000000000000e+08, 4.125999999999999756e-07, 7.241999999999999826e-02, 2.327999999999999937e-04, 1.648000000000000043e+01, 3.624999999999999889e-01
1.000000000000000000e+09, 2.639999999999999817e-07, 5.958000000000000101e-02, 1.861999999999999994e-04, 1.664000000000000057e+01, 3.684999999999999942e-01
1.500000000000000000e+09, 1.174000000000000057e-07, 4.161000000000000115e-02, 1.240000000000000054e-04, 1.687000000000000099e+01, 3.774000000000000132e-01
2.000000000000000000e+09, 6.600999999999999353e-08, 3.219999999999999946e-02, 9.297999999999999408e-05, 1.698999999999999844e+01, 3.825000000000000067e-01
3.000000000000000000e+09, 2.934000000000000001e-08, 2.239000000000000018e-02, 6.195999999999999631e-05, 1.712999999999999901e+01, 3.880000000000000115e-01
4.000000000000000000e+09, 1.649999999999999886e-08, 1.728000000000000022e-02, 4.647000000000000062e-05, 1.719999999999999929e+01, 3.911999999999999922e-01
5.000000000000000000e+09, 1.055999999999999993e-08, 1.413000000000000020e-02, 3.716999999999999818e-05, 1.725000000000000000e+01, 3.931999999999999940e-01
6.000000000000000000e+09, 7.335000000000000003e-09, 1.197999999999999933e-02, 3.097000000000000333e-05, 1.728000000000000114e+01, 3.946000000000000063e-01
8.000000000000000000e+09, 4.126000000000000021e-09, 9.232999999999999888e-03, 2.322999999999999951e-05, 1.732000000000000028e+01, 3.963999999999999746e-01
1.000000000000000000e+10, 2.639999999999999982e-09, 7.538000000000000429e-03, 1.858000000000000168e-05, 1.735000000000000142e+01, 3.976000000000000090e-01
1.500000000000000000e+10, 1.174000000000000082e-09, 5.209000000000000088e-03, 1.238999999999999996e-05, 1.737999999999999901e+01, 3.991999999999999993e-01
2.000000000000000000e+10, 6.601000000000000263e-10, 4.004999999999999880e-03, 9.289000000000000341e-06, 1.739999999999999858e+01, 4.001000000000000112e-01
3.000000000000000000e+10, 2.933999999999999898e-10, 2.762000000000000132e-03, 6.192999999999999829e-06, 1.742000000000000171e+01, 4.010000000000000231e-01
4.000000000000000000e+10, 1.649999999999999989e-10, 2.121000000000000055e-03, 4.643999999999999921e-06, 1.742999999999999972e+01, 4.016000000000000125e-01
5.000000000000000000e+10, 1.056000000000000024e-10, 1.727000000000000019e-03, 3.715000000000000007e-06, 1.744000000000000128e+01, 4.018999999999999795e-01
6.000000000000000000e+10, 7.334999999999999744e-11, 1.459999999999999926e-03, 3.096000000000000089e-06, 1.744999999999999929e+01, 4.021000000000000130e-01
8.000000000000000000e+10, 4.126000000000000150e-11, 1.118999999999999986e-03, 2.321999999999999961e-06, 1.744999999999999929e+01, 4.022999999999999909e-01
1.000000000000000000e+11, 2.640000000000000060e-11, 9.106000000000000162e-04, 1.858000000000000041e-06, 1.746000000000000085e+01, 4.025000000000000244e-01
