1.000000000000000000e+03, 1.887000000000000000e+03, 1.298000000000000043e+00, 2.065000000000000000e+06, 0.000000000000000000e+00, 0.000000000000000000e+00
1.500000000000000000e+03, 1.782000000000000000e+03, 2.177000000000000046e+00, 9.550000000000000000e+05, 0.000000000000000000e+00, 0.000000000000000000e+00
2.000000000000000000e+03, 1.672000000000000000e+03, 3.088000000000000078e+00, 4.895000000000000000e+05, 0.000000000000000000e+00, 0.000000000000000000e+00
3.000000000000000000e+03, 1.455000000000000000e+03, 4.863000000000000433e+00, 1.821000000000000000e+05, 0.000000000000000000e+00, 0.000000000000000000e+00
4.000000000000000000e+03, 1.268000000000000000e+03, 6.490000000000000213e+00, 8.821000000000000000e+04, 0.000000000000000000e+00, 0.000000000000000000e+00
5.000000000000000000e+03, 1.113000000000000000e+03, 7.905000000000000249e+00, 4.972000000000000000e+04, 0.000000000000000000e+00, 0.000000000000000000e+00
6.000000000000000000e+03, 9.840000000000000000e+02, 9.130000000000000782e+00, 1.471000000000000000e+05, 0.000000000000000000e+00, 0.000000000000000000e+00
8.000000000000000000e+03, 7.830000000000000000e+02, 1.121000000000000085e+01, 7.015000000000000000e+04, 0.000000000000000000e+00, 0.000000000000000000e+00
1.000000000000000000e+04, 6.370000000000000000e+02, 1.300000000000000000e+01, 3.892000000000000000e+04, 0.000000000000000000e+00, 0.000000000000000000e+00
1.500000000000000000e+04, 4.190000000000000000e+02, 1.646999999999999886e+01, 1.304000000000000000e+04, 0.000000000000000000e+00, 0.000000000000000000e+00
2.000000000000000000e+04, 3.000000000000000000e+02, 1.880000000000000071e+01, 5.909000000000000000e+03, 0.000000000000000000e+00, 0.000000000000000000e+00
3.000000000000000000e+04, 1.719000000000000057e+02, 2.153999999999999915e+01, 1.905000000000000000e+03, 0.000000000000000000e+00, 0.000000000000000000e+00
4.000000000000000000e+04, 1.119000000000000057e+02, 2.298999999999999844e+01, 5.119000000000000000e+03, 0.000000000000000000e+00, 0.000000000000000000e+00
5.000000000000000000e+04, 7.954999999999999716e+01, 2.376999999999999957e+01, 2.853000000000000000e+03, 0.000000000000000000e+00, 0.000000000000000000e+00
6.000000000000000000e+04, 5.953999999999999915e+01, 2.416000000000000014e+01, 1.737000000000000000e+03, 0.000000000000000000e+00, 0.000000000000000000e+00
8.000000000000000000e+04, 3.672999999999999687e+01, 2.428999999999999915e+01, 7.856000000000000227e+02, 0.000000000000000000e+00, 0.000000000000000000e+00
1.000000000000000000e+05, 2.489000000000000057e+01, 2.396999999999999886e+01, 4.200000000000000000e+02, 0.000000000000000000e+00, 0.000000000000000000e+00
1.500000000000000000e+05, 1.210999999999999943e+01, 2.260000000000000142e+01, 1.328000000000000114e+02, 0.000000000000000000e+00, 0.000000000000000000e+00
2.000000000000000000e+05, 7.174000000000000377e+00, 2.119000000000000128e+01, 5.860999999999999943e+01, 0.000000000000000000e+00, 0.000000000000000000e+00
3.000000000000000000e+05, 3.354000000000000092e+00, 1.885000000000000142e+01, 1.889999999999999858e+01, 0.000000000000000000e+00, 0.000000000000000000e+00
4.000000000000000000e+05, 1.931999999999999940e+00, 1.707000000000000028e+01, 8.740999999999999659e+00, 0.000000000000000000e+00, 0.000000000000000000e+00
5.000000000000000000e+05, 1.254999999999999893e+00, 1.567999999999999972e+01, 4.940000000000000391e+00, 0.000000000000000000e+00, 0.000000000000000000e+00
6.000000000000000000e+05, 8.793999999999999595e-01, 1.456000000000000050e+01, 3.168000000000000149e+00, 0.000000000000000000e+00, 0.000000000000000000e+00
8.000000000000000000e+05, 5.000999999999999890e-01, 1.283999999999999986e+01, 1.643999999999999906e+00, 0.000000000000000000e+00, 0.000000000000000000e+00
1.000000000000000000e+06, 3.219000000000000195e-01, 1.157000000000000028e+01, 1.026999999999999913e+00, 0.000000000000000000e+00, 0.000000000000000000e+00
1.022000000000000000e+06, 3.084000000000000075e-01, 1.144999999999999929e+01, 9.828000000000000069e-01, 0.000000000000000000e+00, 0.000000000000000000e+00
1.250000000000000000e+06, 2.069000000000000006e-01, 1.035999999999999943e+01, 6.626999999999999558e-01, 4.386000000000000315e-02, 0.000000000000000000e+00
1.500000000000000000e+06, 1.439999999999999891e-01, 9.422000000000000597e+00, 4.741000000000000214e-01, 2.028000000000000080e-01, 0.000000000000000000e+00
2.000000000000000000e+06, 8.119999999999999440e-02, 8.048000000000000043e+00, 2.883999999999999897e-01, 6.774000000000000021e-01, 0.000000000000000000e+00
2.044000000000000000e+06, 7.774999999999999967e-02, 7.948999999999999844e+00, 2.782000000000000028e-01, 7.230999999999999650e-01, 0.000000000000000000e+00
3.000000000000000000e+06, 3.615000000000000158e-02, 6.336999999999999744e+00, 1.527000000000000024e-01, 1.693000000000000060e+00, 2.216000000000000088e-03
4.000000000000000000e+06, 2.035000000000000003e-02, 5.286999999999999922e+00, 1.010999999999999954e-01, 2.583000000000000185e+00, 9.037999999999999159e-03
5.000000000000000000e+06, 1.302999999999999992e-02, 4.567000000000000171e+00, 7.467000000000000026e-02, 3.350000000000000089e+00, 1.798999999999999905e-02
6.000000000000000000e+06, 9.048999999999999752e-03, 4.036999999999999922e+00, 5.888999999999999790e-02, 4.009999999999999787e+00, 2.758999999999999994e-02
7.000000000000000000e+06, 6.649000000000000396e-03, 3.629000000000000004e+00, 4.846999999999999920e-02, 4.597000000000000419e+00, 3.715999999999999859e-02
8.000000000000000000e+06, 5.091000000000000039e-03, 3.302999999999999936e+00, 4.111000000000000071e-02, 5.123999999999999666e+00, 4.640999999999999986e-02
9.000000000000000000e+06, 4.022000000000000401e-03, 3.036000000000000032e+00, 3.565000000000000113e-02, 5.602999999999999758e+00, 5.525999999999999662e-02
1.000000000000000000e+07, 3.258000000000000045e-03, 2.813000000000000167e+00, 3.144999999999999879e-02, 6.041999999999999815e+00, 6.365999999999999437e-02
1.100000000000000000e+07, 2.693000000000000081e-03, 2.624000000000000110e+00, 2.811999999999999916e-02, 6.447000000000000064e+00, 7.160999999999999310e-02
1.200000000000000000e+07, 2.262999999999999821e-03, 2.460999999999999854e+00, 2.542000000000000162e-02, 6.822000000000000064e+00, 7.908999999999999364e-02
1.300000000000000000e+07, 1.928000000000000026e-03, 2.318000000000000060e+00, 2.317999999999999922e-02, 7.171000000000000263e+00, 8.613999999999999435e-02
1.400000000000000000e+07, 1.662000000000000066e-03, 2.193000000000000060e+00, 2.129999999999999949e-02, 7.493999999999999773e+00, 9.285000000000000198e-02
1.500000000000000000e+07, 1.448000000000000068e-03, 2.081999999999999851e+00, 1.970999999999999835e-02, 7.791999999999999815e+00, 9.919000000000000039e-02
1.600000000000000000e+07, 1.273000000000000043e-03, 1.983000000000000096e+00, 1.832999999999999907e-02, 8.069000000000000838e+00, 1.052000000000000018e-01
1.800000000000000000e+07, 1.005999999999999950e-03, 1.812000000000000055e+00, 1.607000000000000095e-02, 8.571999999999999176e+00, 1.164000000000000035e-01
2.000000000000000000e+07, 8.147000000000000162e-04, 1.671000000000000041e+00, 1.430999999999999980e-02, 9.022999999999999687e+00, 1.265000000000000013e-01
2.200000000000000000e+07, 6.733000000000000486e-04, 1.552000000000000046e+00, 1.290000000000000001e-02, 9.432000000000000384e+00, 1.358000000000000040e-01
2.400000000000000000e+07, 5.657000000000000353e-04, 1.451000000000000068e+00, 1.173000000000000084e-02, 9.804000000000000270e+00, 1.443000000000000116e-01
2.600000000000000000e+07, 4.820000000000000066e-04, 1.362000000000000099e+00, 1.076000000000000047e-02, 1.014000000000000057e+01, 1.522000000000000020e-01
2.800000000000000000e+07, 4.156000000000000189e-04, 1.284999999999999920e+00, 9.938000000000000653e-03, 1.044999999999999929e+01, 1.593999999999999861e-01
3.000000000000000000e+07, 3.621000000000000195e-04, 1.217000000000000082e+00, 9.230999999999999622e-03, 1.074000000000000021e+01, 1.661999999999999866e-01
4.000000000000000000e+07, 2.036999999999999911e-04, 9.668999999999999817e-01, 6.807999999999999816e-03, 1.190000000000000036e+01, 1.942000000000000115e-01
5.000000000000000000e+07, 1.302999999999999959e-04, 8.071000000000000396e-01, 5.390999999999999959e-03, 1.275999999999999979e+01, 2.154000000000000081e-01
6.000000000000000000e+07, 9.051999999999999391e-05, 6.954000000000000181e-01, 4.461999999999999821e-03, 1.343999999999999950e+01, 2.321999999999999897e-01
8.000000000000000000e+07, 5.092000000000000036e-05, 5.483999999999999986e-01, 3.317000000000000070e-03, 1.442999999999999972e+01, 2.575000000000000067e-01
1.000000000000000000e+08, 3.258999999999999799e-05, 4.551999999999999935e-01, 2.639999999999999986e-03, 1.513000000000000078e+01, 2.758999999999999786e-01
1.500000000000000000e+08, 1.448000000000000028e-05, 3.241999999999999882e-01, 1.747999999999999988e-03, 1.625000000000000000e+01, 3.064000000000000057e-01
2.000000000000000000e+08, 8.145999999999999595e-06, 2.541999999999999815e-01, 1.306000000000000086e-03, 1.692000000000000171e+01, 3.255000000000000115e-01
3.000000000000000000e+08, 3.621000000000000144e-06, 1.801000000000000101e-01, 8.677999999999999516e-04, 1.769999999999999929e+01, 3.488999999999999879e-01
4.000000000000000000e+08, 2.037000000000000148e-06, 1.411000000000000032e-01, 6.497000000000000171e-04, 1.814999999999999858e+01, 3.629000000000000004e-01
5.000000000000000000e+08, 1.303000000000000061e-06, 1.168000000000000010e-01, 5.192000000000000434e-04, 1.844999999999999929e+01, 3.725999999999999868e-01
6.000000000000000000e+08, 9.051000000000000248e-07, 1.000000000000000056e-01, 4.323999999999999936e-04, 1.866000000000000014e+01, 3.795999999999999930e-01
8.000000000000000000e+08, 5.091000000000000258e-07, 7.810000000000000275e-02, 3.240000000000000150e-04, 1.894000000000000128e+01, 3.894000000000000239e-01
1.000000000000000000e+09, 3.258000000000000189e-07, 6.425000000000000155e-02, 2.590000000000000071e-04, 1.912999999999999901e+01, 3.958999999999999742e-01
1.500000000000000000e+09, 1.447999999999999996e-07, 4.487000000000000016e-02, 1.725999999999999941e-04, 1.939000000000000057e+01, 4.056000000000000161e-01
2.000000000000000000e+09, 8.146000000000000284e-08, 3.472999999999999698e-02, 1.294000000000000011e-04, 1.953000000000000114e+01, 4.111000000000000210e-01
3.000000000000000000e+09, 3.620999999999999800e-08, 2.415000000000000133e-02, 8.623000000000000619e-05, 1.969000000000000128e+01, 4.172000000000000153e-01
4.000000000000000000e+09, 2.036999999999999976e-08, 1.864000000000000032e-02, 6.465999999999999417e-05, 1.976999999999999957e+01, 4.208000000000000074e-01
5.000000000000000000e+09, 1.302999999999999988e-08, 1.524000000000000007e-02, 5.171999999999999948e-05, 1.982999999999999829e+01, 4.228999999999999981e-01
6.000000000000000000e+09, 9.050999999999999454e-09, 1.291999999999999919e-02, 4.309999999999999731e-05, 1.985999999999999943e+01, 4.244999999999999885e-01
8.000000000000000000e+09, 5.090999999999999894e-09, 9.957000000000000572e-03, 3.232000000000000226e-05, 1.991000000000000014e+01, 4.264999999999999902e-01
1.000000000000000000e+10, 3.258000000000000123e-09, 8.129000000000000808e-03, 2.585999999999999974e-05, 1.994000000000000128e+01, 4.279000000000000026e-01
1.500000000000000000e+10, 1.447999999999999963e-09, 5.617999999999999730e-03, 1.724000000000000096e-05, 1.998999999999999844e+01, 4.295999999999999819e-01
2.000000000000000000e+10, 8.145999999999999580e-10, 4.318999999999999923e-03, 1.292999999999999987e-05, 2.001000000000000156e+01, 4.307000000000000273e-01
3.000000000000000000e+10, 3.621000000000000214e-10, 2.978999999999999877e-03, 8.617000000000000676e-06, 2.003000000000000114e+01, 4.316999999999999726e-01
4.000000000000000000e+10, 2.037000000000000048e-10, 2.286999999999999970e-03, 6.462999999999999785e-06, 2.003999999999999915e+01, 4.323000000000000176e-01
5.000000000000000000e+10, 1.303000000000000050e-10, 1.861999999999999940e-03, 5.169999999999999628e-06, 2.005000000000000071e+01, 4.326999999999999735e-01
6.000000000000000000e+10, 9.051000000000000591e-11, 1.574000000000000095e-03, 4.308000000000000089e-06, 2.005999999999999872e+01, 4.329000000000000070e-01
8.000000000000000000e+10, 5.091000000000000178e-11, 1.206999999999999957e-03, 3.231000000000000067e-06, 2.005999999999999872e+01, 4.331999999999999740e-01
1.000000000000000000e+11, 3.257999999999999890e-11, 9.820000000000000170e-04, 2.584999999999999814e-06, 2.007000000000000028e+01, 4.334000000000000075e-01
