1.000000000000000000e+03, 2.935000000000000000e+02, 9.396999999999999797e-01, 4.663000000000000000e+05, 0.000000000000000000e+00, 0.000000000000000000e+00
1.500000000000000000e+03, 2.693000000000000114e+02, 1.550000000000000044e+00, 1.664000000000000000e+05, 0.000000000000000000e+00, 0.000000000000000000e+00
2.000000000000000000e+03, 2.459000000000000057e+02, 2.081999999999999851e+00, 7.815000000000000000e+04, 0.000000000000000000e+00, 0.000000000000000000e+00
3.000000000000000000e+03, 2.051999999999999886e+02, 3.051000000000000156e+00, 2.621000000000000000e+04, 0.000000000000000000e+00, 0.000000000000000000e+00
4.000000000000000000e+03, 1.715000000000000000e+02, 3.927999999999999936e+00, 1.189000000000000000e+04, 0.000000000000000000e+00, 0.000000000000000000e+00
5.000000000000000000e+03, 1.441999999999999886e+02, 4.701999999999999957e+00, 5.422000000000000000e+04, 0.000000000000000000e+00, 0.000000000000000000e+00
6.000000000000000000e+03, 1.225000000000000000e+02, 5.381999999999999673e+00, 3.425000000000000000e+04, 0.000000000000000000e+00, 0.000000000000000000e+00
8.000000000000000000e+03, 9.223000000000000398e+01, 6.485999999999999766e+00, 1.599000000000000000e+04, 0.000000000000000000e+00, 0.000000000000000000e+00
1.000000000000000000e+04, 7.317000000000000171e+01, 7.309000000000000163e+00, 8.719000000000000000e+03, 0.000000000000000000e+00, 0.000000000000000000e+00
1.500000000000000000e+04, 4.653999999999999915e+01, 8.664999999999999147e+00, 2.797000000000000000e+03, 0.000000000000000000e+00, 0.000000000000000000e+00
2.000000000000000000e+04, 3.185000000000000142e+01, 9.512000000000000455e+00, 1.219000000000000000e+03, 0.000000000000000000e+00, 0.000000000000000000e+00
3.000000000000000000e+04, 1.725000000000000000e+01, 1.040000000000000036e+01, 3.676000000000000227e+02, 0.000000000000000000e+00, 0.000000000000000000e+00
4.000000000000000000e+04, 1.090000000000000036e+01, 1.073000000000000043e+01, 1.543000000000000114e+02, 0.000000000000000000e+00, 0.000000000000000000e+00
5.000000000000000000e+04, 7.575000000000000178e+00, 1.082000000000000028e+01, 7.807999999999999829e+01, 0.000000000000000000e+00, 0.000000000000000000e+00
6.000000000000000000e+04, 5.584999999999999964e+00, 1.078999999999999915e+01, 4.453000000000000114e+01, 0.000000000000000000e+00, 0.000000000000000000e+00
8.000000000000000000e+04, 3.390000000000000124e+00, 1.058000000000000007e+01, 1.825000000000000000e+01, 0.000000000000000000e+00, 0.000000000000000000e+00
1.000000000000000000e+05, 2.266000000000000014e+00, 1.026999999999999957e+01, 9.096000000000000085e+00, 0.000000000000000000e+00, 0.000000000000000000e+00
1.500000000000000000e+05, 1.064999999999999947e+00, 9.476000000000000867e+00, 2.567000000000000171e+00, 0.000000000000000000e+00, 0.000000000000000000e+00
2.000000000000000000e+05, 6.160999999999999810e-01, 8.775000000000000355e+00, 1.054999999999999938e+00, 0.000000000000000000e+00, 0.000000000000000000e+00
3.000000000000000000e+05, 2.810000000000000275e-01, 7.698999999999999844e+00, 3.114999999999999991e-01, 0.000000000000000000e+00, 0.000000000000000000e+00
4.000000000000000000e+05, 1.597999999999999976e-01, 6.924000000000000377e+00, 1.366999999999999882e-01, 0.000000000000000000e+00, 0.000000000000000000e+00
5.000000000000000000e+05, 1.028000000000000025e-01, 6.334999999999999964e+00, 7.471999999999999476e-02, 0.000000000000000000e+00, 0.000000000000000000e+00
6.000000000000000000e+05, 7.160999999999999310e-02, 5.868000000000000327e+00, 4.692000000000000337e-02, 0.000000000000000000e+00, 0.000000000000000000e+00
8.000000000000000000e+05, 4.041000000000000147e-02, 5.160999999999999588e+00, 2.384999999999999967e-02, 0.000000000000000000e+00, 0.000000000000000000e+00
1.000000000000000000e+06, 2.589999999999999941e-02, 4.642999999999999794e+00, 1.482999999999999943e-02, 0.000000000000000000e+00, 0.000000000000000000e+00
1.022000000000000000e+06, 2.479999999999999913e-02, 4.594000000000000306e+00, 1.405999999999999958e-02, 0.000000000000000000e+00, 0.000000000000000000e+00
1.250000000000000000e+06, 1.659000000000000058e-02, 4.153999999999999915e+00, 9.516000000000000153e-03, 4.427000000000000379e-03, 0.000000000000000000e+00
1.500000000000000000e+06, 1.153000000000000032e-02, 3.775999999999999801e+00, 6.871000000000000371e-03, 2.301999999999999880e-02, 0.000000000000000000e+00
2.000000000000000000e+06, 6.487999999999999844e-03, 3.222999999999999865e+00, 4.250999999999999571e-03, 8.934000000000000274e-02, 0.000000000000000000e+00
2.044000000000000000e+06, 6.211999999999999640e-03, 3.184000000000000163e+00, 4.107000000000000407e-03, 9.625999999999999834e-02, 0.000000000000000000e+00
3.000000000000000000e+06, 2.884999999999999978e-03, 2.536999999999999922e+00, 2.320000000000000014e-03, 2.492000000000000048e-01, 8.875999999999999992e-04
4.000000000000000000e+06, 1.623000000000000094e-03, 2.116000000000000103e+00, 1.567999999999999949e-03, 3.997999999999999887e-01, 3.624000000000000051e-03
5.000000000000000000e+06, 1.038999999999999993e-03, 1.828000000000000069e+00, 1.177000000000000095e-03, 5.331000000000000183e-01, 7.219999999999999855e-03
6.000000000000000000e+06, 7.213999999999999710e-04, 1.614999999999999991e+00, 9.388000000000000511e-04, 6.522000000000000020e-01, 1.108999999999999916e-02
7.000000000000000000e+06, 5.299999999999999807e-04, 1.451999999999999957e+00, 7.797000000000000328e-04, 7.580000000000000071e-01, 1.494000000000000015e-02
8.000000000000000000e+06, 4.057999999999999975e-04, 1.320999999999999952e+00, 6.660999999999999820e-04, 8.531999999999999584e-01, 1.867999999999999869e-02
9.000000000000000000e+06, 3.205999999999999866e-04, 1.215000000000000080e+00, 5.810000000000000277e-04, 9.394000000000000128e-01, 2.227000000000000160e-02
1.000000000000000000e+07, 2.597000000000000241e-04, 1.125000000000000000e+00, 5.150999999999999980e-04, 1.016999999999999904e+00, 2.568000000000000144e-02
1.100000000000000000e+07, 2.146000000000000121e-04, 1.050000000000000044e+00, 4.624000000000000180e-04, 1.088000000000000078e+00, 2.891000000000000167e-02
1.200000000000000000e+07, 1.802999999999999915e-04, 9.844000000000000528e-01, 4.195000000000000053e-04, 1.153000000000000025e+00, 3.196000000000000230e-02
1.300000000000000000e+07, 1.536999999999999955e-04, 9.274000000000000021e-01, 3.838000000000000049e-04, 1.213999999999999968e+00, 3.484000000000000291e-02
1.400000000000000000e+07, 1.324999999999999952e-04, 8.773999999999999577e-01, 3.535999999999999755e-04, 1.268999999999999906e+00, 3.758999999999999841e-02
1.500000000000000000e+07, 1.153999999999999996e-04, 8.329999999999999627e-01, 3.277999999999999989e-04, 1.322000000000000064e+00, 4.019999999999999962e-02
1.600000000000000000e+07, 1.013999999999999982e-04, 7.932000000000000162e-01, 3.054999999999999990e-04, 1.370999999999999996e+00, 4.268000000000000266e-02
1.800000000000000000e+07, 8.014999999999999664e-05, 7.249999999999999778e-01, 2.688999999999999767e-04, 1.459999999999999964e+00, 4.728000000000000258e-02
2.000000000000000000e+07, 6.493000000000000345e-05, 6.684999999999999831e-01, 2.401000000000000085e-04, 1.540999999999999925e+00, 5.147999999999999798e-02
2.200000000000000000e+07, 5.365999999999999785e-05, 6.209999999999999964e-01, 2.168999999999999867e-04, 1.612999999999999989e+00, 5.534000000000000030e-02
2.400000000000000000e+07, 4.508999999999999689e-05, 5.803000000000000380e-01, 1.977000000000000079e-04, 1.679000000000000048e+00, 5.890000000000000097e-02
2.600000000000000000e+07, 3.842000000000000146e-05, 5.449000000000000510e-01, 1.816999999999999984e-04, 1.739000000000000101e+00, 6.219000000000000222e-02
2.800000000000000000e+07, 3.313000000000000298e-05, 5.140000000000000124e-01, 1.679999999999999907e-04, 1.794999999999999929e+00, 6.525999999999999857e-02
3.000000000000000000e+07, 2.886000000000000151e-05, 4.867000000000000215e-01, 1.563000000000000045e-04, 1.846000000000000085e+00, 6.812000000000000000e-02
4.000000000000000000e+07, 1.622999999999999877e-05, 3.867999999999999772e-01, 1.157999999999999958e-04, 2.056000000000000050e+00, 8.004999999999999616e-02
5.000000000000000000e+07, 1.039000000000000047e-05, 3.227999999999999758e-01, 9.195999999999999368e-05, 2.212000000000000188e+00, 8.923000000000000376e-02
6.000000000000000000e+07, 7.213999999999999879e-06, 2.782000000000000028e-01, 7.626000000000000508e-05, 2.334000000000000075e+00, 9.658999999999999531e-02
8.000000000000000000e+07, 4.057999999999999941e-06, 2.194000000000000117e-01, 5.683999999999999789e-05, 2.516999999999999904e+00, 1.078000000000000069e-01
1.000000000000000000e+08, 2.596999999999999869e-06, 1.821000000000000119e-01, 4.530000000000000335e-05, 2.648000000000000131e+00, 1.161999999999999977e-01
1.500000000000000000e+08, 1.154000000000000090e-06, 1.297000000000000097e-01, 3.004999999999999859e-05, 2.859999999999999876e+00, 1.302000000000000102e-01
2.000000000000000000e+08, 6.491999999999999634e-07, 1.016999999999999987e-01, 2.248000000000000161e-05, 2.988999999999999879e+00, 1.391999999999999904e-01
3.000000000000000000e+08, 2.885000000000000224e-07, 7.205999999999999905e-02, 1.494999999999999916e-05, 3.141000000000000014e+00, 1.504999999999999949e-01
4.000000000000000000e+08, 1.622999999999999909e-07, 5.643999999999999712e-02, 1.119999999999999949e-05, 3.229999999999999982e+00, 1.574000000000000121e-01
5.000000000000000000e+08, 1.038999999999999973e-07, 4.671999999999999764e-02, 8.953000000000000509e-06, 3.289000000000000146e+00, 1.622000000000000108e-01
6.000000000000000000e+08, 7.213999999999999614e-08, 4.000000000000000083e-02, 7.456999999999999924e-06, 3.331999999999999851e+00, 1.658000000000000029e-01
8.000000000000000000e+08, 4.057999999999999677e-08, 3.124000000000000041e-02, 5.589000000000000191e-06, 3.388999999999999790e+00, 1.708000000000000074e-01
1.000000000000000000e+09, 2.597000000000000028e-08, 2.570000000000000062e-02, 4.470000000000000401e-06, 3.426000000000000156e+00, 1.741999999999999937e-01
1.500000000000000000e+09, 1.153999999999999944e-08, 1.795000000000000068e-02, 2.978000000000000117e-06, 3.479999999999999982e+00, 1.791999999999999982e-01
2.000000000000000000e+09, 6.492000000000000329e-09, 1.388999999999999957e-02, 2.233000000000000050e-06, 3.508999999999999897e+00, 1.822000000000000008e-01
3.000000000000000000e+09, 2.884999999999999860e-09, 9.658999999999999184e-03, 1.487999999999999983e-06, 3.540999999999999925e+00, 1.854000000000000092e-01
4.000000000000000000e+09, 1.623000000000000082e-09, 7.455999999999999954e-03, 1.115999999999999988e-06, 3.557999999999999829e+00, 1.872999999999999943e-01
5.000000000000000000e+09, 1.039000000000000031e-09, 6.095999999999999856e-03, 8.927999999999999477e-07, 3.568999999999999950e+00, 1.885000000000000009e-01
6.000000000000000000e+09, 7.214000000000000111e-10, 5.168999999999999984e-03, 7.439999999999999917e-07, 3.576999999999999957e+00, 1.892999999999999960e-01
8.000000000000000000e+09, 4.057999999999999842e-10, 3.983000000000000429e-03, 5.579999999999999938e-07, 3.587000000000000188e+00, 1.904000000000000137e-01
1.000000000000000000e+10, 2.596999999999999924e-10, 3.252000000000000116e-03, 4.463999999999999739e-07, 3.592999999999999972e+00, 1.910999999999999921e-01
1.500000000000000000e+10, 1.153999999999999970e-10, 2.246999999999999865e-03, 2.976000000000000179e-07, 3.601999999999999869e+00, 1.920999999999999930e-01
2.000000000000000000e+10, 6.491999999999999398e-11, 1.727999999999999935e-03, 2.231999999999999869e-07, 3.607000000000000206e+00, 1.927000000000000102e-01
3.000000000000000000e+10, 2.884999999999999925e-11, 1.191000000000000001e-03, 1.488000000000000089e-07, 3.611000000000000210e+00, 1.932000000000000106e-01
4.000000000000000000e+10, 1.622999999999999850e-11, 9.146999999999999532e-04, 1.115999999999999935e-07, 3.613999999999999879e+00, 1.935999999999999943e-01
5.000000000000000000e+10, 1.039000000000000076e-11, 7.448999999999999459e-04, 8.926000000000000651e-08, 3.616000000000000103e+00, 1.938000000000000000e-01
6.000000000000000000e+10, 7.213999999999999755e-12, 6.296999999999999646e-04, 7.437999999999999502e-08, 3.616999999999999993e+00, 1.938999999999999890e-01
8.000000000000000000e+10, 4.057999999999999874e-12, 4.828000000000000260e-04, 5.578999999999999863e-08, 3.617999999999999883e+00, 1.940999999999999948e-01
1.000000000000000000e+11, 2.596999999999999940e-12, 3.928000000000000068e-04, 4.463000000000000325e-08, 3.619000000000000217e+00, 1.942000000000000115e-01
