1.000000000000000000e+03, 3.117000000000000000e+03, 1.366000000000000103e+00, 8.639000000000000000e+05, 0.000000000000000000e+00, 0.000000000000000000e+00
1.500000000000000000e+03, 2.986000000000000000e+03, 2.269000000000000128e+00, 3.850000000000000000e+05, 0.000000000000000000e+00, 0.000000000000000000e+00
2.000000000000000000e+03, 2.848000000000000000e+03, 3.161000000000000032e+00, 1.088000000000000000e+06, 0.000000000000000000e+00, 0.000000000000000000e+00
3.000000000000000000e+03, 2.565000000000000000e+03, 4.940000000000000391e+00, 4.688000000000000000e+05, 0.000000000000000000e+00, 0.000000000000000000e+00
4.000000000000000000e+03, 2.288000000000000000e+03, 6.621000000000000441e+00, 2.331000000000000000e+05, 0.000000000000000000e+00, 0.000000000000000000e+00
5.000000000000000000e+03, 2.036000000000000000e+03, 8.175000000000000711e+00, 1.335000000000000000e+05, 0.000000000000000000e+00, 0.000000000000000000e+00
6.000000000000000000e+03, 1.813000000000000000e+03, 9.592999999999999972e+00, 8.403000000000000000e+04, 0.000000000000000000e+00, 0.000000000000000000e+00
8.000000000000000000e+03, 1.454000000000000000e+03, 1.206000000000000050e+01, 4.003000000000000000e+04, 0.000000000000000000e+00, 0.000000000000000000e+00
1.000000000000000000e+04, 1.186000000000000000e+03, 1.415000000000000036e+01, 8.338000000000000000e+04, 0.000000000000000000e+00, 0.000000000000000000e+00
1.500000000000000000e+04, 7.640000000000000000e+02, 1.830999999999999872e+01, 3.349000000000000000e+04, 0.000000000000000000e+00, 0.000000000000000000e+00
2.000000000000000000e+04, 5.406000000000000227e+02, 2.142999999999999972e+01, 1.561000000000000000e+04, 0.000000000000000000e+00, 0.000000000000000000e+00
3.000000000000000000e+04, 3.193000000000000114e+02, 2.546999999999999886e+01, 5.208000000000000000e+03, 0.000000000000000000e+00, 0.000000000000000000e+00
4.000000000000000000e+04, 2.091999999999999886e+02, 2.764999999999999858e+01, 2.361000000000000000e+03, 0.000000000000000000e+00, 0.000000000000000000e+00
5.000000000000000000e+04, 1.479000000000000057e+02, 2.885000000000000142e+01, 1.271000000000000000e+03, 0.000000000000000000e+00, 0.000000000000000000e+00
6.000000000000000000e+04, 1.109000000000000057e+02, 2.948999999999999844e+01, 7.638999999999999773e+02, 0.000000000000000000e+00, 0.000000000000000000e+00
8.000000000000000000e+04, 6.959999999999999432e+01, 2.989000000000000057e+01, 1.886000000000000000e+03, 0.000000000000000000e+00, 0.000000000000000000e+00
1.000000000000000000e+05, 4.763000000000000256e+01, 2.969000000000000128e+01, 1.038000000000000000e+03, 0.000000000000000000e+00, 0.000000000000000000e+00
1.500000000000000000e+05, 2.325000000000000000e+01, 2.826000000000000156e+01, 3.443999999999999773e+02, 0.000000000000000000e+00, 0.000000000000000000e+00
2.000000000000000000e+05, 1.383999999999999986e+01, 2.662000000000000099e+01, 1.566999999999999886e+02, 0.000000000000000000e+00, 0.000000000000000000e+00
3.000000000000000000e+05, 6.554000000000000270e+00, 2.376999999999999957e+01, 5.247999999999999687e+01, 0.000000000000000000e+00, 0.000000000000000000e+00
4.000000000000000000e+05, 3.802999999999999936e+00, 2.157999999999999829e+01, 2.485999999999999943e+01, 0.000000000000000000e+00, 0.000000000000000000e+00
5.000000000000000000e+05, 2.479000000000000092e+00, 1.985999999999999943e+01, 1.427999999999999936e+01, 0.000000000000000000e+00, 0.000000000000000000e+00
6.000000000000000000e+05, 1.743000000000000105e+00, 1.846000000000000085e+01, 9.257999999999999119e+00, 0.000000000000000000e+00, 0.000000000000000000e+00
8.000000000000000000e+05, 9.949000000000000066e-01, 1.630000000000000071e+01, 4.860000000000000320e+00, 0.000000000000000000e+00, 0.000000000000000000e+00
1.000000000000000000e+06, 6.421999999999999931e-01, 1.468999999999999950e+01, 3.049999999999999822e+00, 0.000000000000000000e+00, 0.000000000000000000e+00
1.022000000000000000e+06, 6.152999999999999581e-01, 1.453999999999999915e+01, 2.919000000000000039e+00, 0.000000000000000000e+00, 0.000000000000000000e+00
1.250000000000000000e+06, 4.136000000000000232e-01, 1.316000000000000014e+01, 1.967999999999999972e+00, 8.465000000000000302e-02, 0.000000000000000000e+00
1.500000000000000000e+06, 2.883000000000000007e-01, 1.198000000000000043e+01, 1.403999999999999915e+00, 3.936999999999999944e-01, 0.000000000000000000e+00
2.000000000000000000e+06, 1.628000000000000003e-01, 1.024000000000000021e+01, 8.507000000000000117e-01, 1.237999999999999989e+00, 0.000000000000000000e+00
2.044000000000000000e+06, 1.559000000000000108e-01, 1.010999999999999943e+01, 8.204000000000000181e-01, 1.314999999999999947e+00, 0.000000000000000000e+00
3.000000000000000000e+06, 7.259000000000000175e-02, 8.061999999999999389e+00, 4.470000000000000084e-01, 2.879000000000000004e+00, 2.818000000000000192e-03
4.000000000000000000e+06, 4.087999999999999967e-02, 6.727999999999999758e+00, 2.938999999999999946e-01, 4.258000000000000007e+00, 1.149000000000000021e-02
5.000000000000000000e+06, 2.617999999999999841e-02, 5.810999999999999943e+00, 2.160999999999999865e-01, 5.423000000000000043e+00, 2.284999999999999878e-02
6.000000000000000000e+06, 1.818000000000000171e-02, 5.136999999999999567e+00, 1.698000000000000065e-01, 6.424999999999999822e+00, 3.504000000000000170e-02
7.000000000000000000e+06, 1.336000000000000035e-02, 4.618000000000000327e+00, 1.393000000000000071e-01, 7.307999999999999829e+00, 4.716999999999999665e-02
8.000000000000000000e+06, 1.022999999999999951e-02, 4.203000000000000291e+00, 1.179000000000000048e-01, 8.102000000000000313e+00, 5.888999999999999790e-02
9.000000000000000000e+06, 8.083999999999999173e-03, 3.863999999999999879e+00, 1.019999999999999934e-01, 8.823999999999999844e+00, 7.008999999999999952e-02
1.000000000000000000e+07, 6.549000000000000134e-03, 3.580000000000000071e+00, 8.985999999999999543e-02, 9.487000000000000099e+00, 8.072000000000000008e-02
1.100000000000000000e+07, 5.412000000000000144e-03, 3.338999999999999968e+00, 8.022999999999999576e-02, 1.009999999999999964e+01, 9.075999999999999346e-02
1.200000000000000000e+07, 4.547999999999999959e-03, 3.132000000000000117e+00, 7.242999999999999439e-02, 1.066999999999999993e+01, 1.001999999999999974e-01
1.300000000000000000e+07, 3.874999999999999972e-03, 2.950000000000000178e+00, 6.598999999999999311e-02, 1.119999999999999929e+01, 1.091000000000000025e-01
1.400000000000000000e+07, 3.341999999999999919e-03, 2.790999999999999925e+00, 6.058999999999999803e-02, 1.169999999999999929e+01, 1.175999999999999962e-01
1.500000000000000000e+07, 2.910999999999999959e-03, 2.649999999999999911e+00, 5.600000000000000117e-02, 1.216000000000000014e+01, 1.255999999999999894e-01
1.600000000000000000e+07, 2.559000000000000077e-03, 2.524000000000000021e+00, 5.204000000000000292e-02, 1.258999999999999986e+01, 1.330999999999999961e-01
1.800000000000000000e+07, 2.021999999999999926e-03, 2.306999999999999940e+00, 4.558999999999999858e-02, 1.335999999999999943e+01, 1.471999999999999975e-01
2.000000000000000000e+07, 1.637999999999999916e-03, 2.126999999999999780e+00, 4.055000000000000271e-02, 1.405000000000000071e+01, 1.598999999999999866e-01
2.200000000000000000e+07, 1.353000000000000036e-03, 1.975999999999999979e+00, 3.649999999999999772e-02, 1.467999999999999972e+01, 1.715000000000000135e-01
2.400000000000000000e+07, 1.136999999999999990e-03, 1.846000000000000085e+00, 3.318999999999999728e-02, 1.524000000000000021e+01, 1.822000000000000008e-01
2.600000000000000000e+07, 9.690000000000000262e-04, 1.733999999999999986e+00, 3.041999999999999912e-02, 1.576999999999999957e+01, 1.920000000000000040e-01
2.800000000000000000e+07, 8.354999999999999797e-04, 1.635000000000000009e+00, 2.808000000000000079e-02, 1.623999999999999844e+01, 2.011000000000000010e-01
3.000000000000000000e+07, 7.278000000000000181e-04, 1.548999999999999932e+00, 2.606999999999999942e-02, 1.667999999999999972e+01, 2.096000000000000085e-01
4.000000000000000000e+07, 4.093999999999999766e-04, 1.231000000000000094e+00, 1.918999999999999873e-02, 1.848000000000000043e+01, 2.444000000000000061e-01
5.000000000000000000e+07, 2.620000000000000258e-04, 1.026999999999999913e+00, 1.518000000000000078e-02, 1.980999999999999872e+01, 2.706000000000000072e-01
6.000000000000000000e+07, 1.820000000000000057e-04, 8.850000000000000089e-01, 1.255999999999999998e-02, 2.085000000000000142e+01, 2.912000000000000144e-01
8.000000000000000000e+07, 1.023999999999999954e-04, 6.979999999999999538e-01, 9.327999999999999486e-03, 2.237000000000000099e+01, 3.220999999999999974e-01
1.000000000000000000e+08, 6.550000000000000646e-05, 5.793000000000000371e-01, 7.420000000000000380e-03, 2.344999999999999929e+01, 3.443999999999999839e-01
1.500000000000000000e+08, 2.911000000000000081e-05, 4.126000000000000223e-01, 4.908000000000000036e-03, 2.514999999999999858e+01, 3.809000000000000163e-01
2.000000000000000000e+08, 1.637999999999999903e-05, 3.235000000000000098e-01, 3.667000000000000121e-03, 2.616000000000000014e+01, 4.036000000000000143e-01
3.000000000000000000e+08, 7.277999999999999605e-06, 2.293000000000000038e-01, 2.435000000000000098e-03, 2.732999999999999829e+01, 4.310999999999999832e-01
4.000000000000000000e+08, 4.094000000000000105e-06, 1.796000000000000096e-01, 1.822999999999999968e-03, 2.800000000000000000e+01, 4.475000000000000089e-01
5.000000000000000000e+08, 2.619999999999999903e-06, 1.486000000000000099e-01, 1.456999999999999962e-03, 2.844000000000000128e+01, 4.586000000000000076e-01
6.000000000000000000e+08, 1.819000000000000075e-06, 1.272999999999999965e-01, 1.213000000000000102e-03, 2.876000000000000156e+01, 4.667999999999999927e-01
8.000000000000000000e+08, 1.022999999999999989e-06, 9.940000000000000224e-02, 9.087000000000000242e-04, 2.917000000000000171e+01, 4.779999999999999805e-01
1.000000000000000000e+09, 6.549999999999999757e-07, 8.178000000000000547e-02, 7.265999999999999889e-04, 2.944000000000000128e+01, 4.854999999999999871e-01
1.500000000000000000e+09, 2.911000000000000060e-07, 5.711000000000000104e-02, 4.840000000000000010e-04, 2.982999999999999829e+01, 4.964999999999999969e-01
2.000000000000000000e+09, 1.637999999999999977e-07, 4.420000000000000318e-02, 3.627999999999999823e-04, 3.005000000000000071e+01, 5.028000000000000247e-01
3.000000000000000000e+09, 7.277999999999999393e-08, 3.073000000000000037e-02, 2.417999999999999956e-04, 3.028000000000000114e+01, 5.097000000000000419e-01
4.000000000000000000e+09, 4.094000000000000131e-08, 2.372000000000000150e-02, 1.812999999999999887e-04, 3.039999999999999858e+01, 5.137000000000000455e-01
5.000000000000000000e+09, 2.619999999999999969e-08, 1.940000000000000058e-02, 1.450000000000000009e-04, 3.048000000000000043e+01, 5.161999999999999922e-01
6.000000000000000000e+09, 1.818999999999999943e-08, 1.644999999999999934e-02, 1.208999999999999978e-04, 3.053000000000000114e+01, 5.179000000000000270e-01
8.000000000000000000e+09, 1.022999999999999962e-08, 1.267000000000000071e-02, 9.063000000000000472e-05, 3.060000000000000142e+01, 5.201999999999999957e-01
1.000000000000000000e+10, 6.549999999999999922e-09, 1.034999999999999983e-02, 7.250000000000000043e-05, 3.064999999999999858e+01, 5.217000000000000526e-01
1.500000000000000000e+10, 2.910999999999999977e-09, 7.150000000000000105e-03, 4.832999999999999975e-05, 3.071000000000000085e+01, 5.237000000000000544e-01
2.000000000000000000e+10, 1.637999999999999927e-09, 5.497000000000000150e-03, 3.625000000000000021e-05, 3.073999999999999844e+01, 5.248000000000000442e-01
3.000000000000000000e+10, 7.278000000000000096e-10, 3.791000000000000099e-03, 2.415999999999999908e-05, 3.078000000000000114e+01, 5.259000000000000341e-01
4.000000000000000000e+10, 4.094000000000000028e-10, 2.910999999999999959e-03, 1.811999999999999931e-05, 3.078999999999999915e+01, 5.265999999999999570e-01
5.000000000000000000e+10, 2.620000000000000258e-10, 2.370000000000000145e-03, 1.450000000000000009e-05, 3.080999999999999872e+01, 5.271000000000000130e-01
6.000000000000000000e+10, 1.819000000000000129e-10, 2.003000000000000006e-03, 1.207999999999999954e-05, 3.080999999999999872e+01, 5.272999999999999909e-01
8.000000000000000000e+10, 1.022999999999999983e-10, 1.536000000000000039e-03, 9.061000000000000152e-06, 3.082000000000000028e+01, 5.275999999999999579e-01
1.000000000000000000e+11, 6.550000000000000646e-11, 1.250000000000000026e-03, 7.249000000000000391e-06, 3.082999999999999829e+01, 5.278000000000000469e-01
