1.000000000000000000e+03, 3.575000000000000000e+02, 7.377000000000000224e-01, 6.390000000000000000e+05, 0.000000000000000000e+00, 0.000000000000000000e+00
1.500000000000000000e+03, 3.336000000000000227e+02, 1.286999999999999922e+00, 2.323000000000000000e+05, 0.000000000000000000e+00, 0.000000000000000000e+00
2.000000000000000000e+03, 3.085000000000000000e+02, 1.818000000000000060e+00, 1.100000000000000000e+05, 0.000000000000000000e+00, 0.000000000000000000e+00
3.000000000000000000e+03, 2.606000000000000227e+02, 2.831999999999999851e+00, 3.720000000000000000e+04, 0.000000000000000000e+00, 0.000000000000000000e+00
4.000000000000000000e+03, 2.185999999999999943e+02, 3.762000000000000011e+00, 1.694000000000000000e+04, 0.000000000000000000e+00, 0.000000000000000000e+00
5.000000000000000000e+03, 1.838000000000000114e+02, 4.599999999999999645e+00, 9.133000000000000000e+03, 0.000000000000000000e+00, 0.000000000000000000e+00
6.000000000000000000e+03, 1.558000000000000114e+02, 5.350999999999999979e+00, 4.440000000000000000e+04, 0.000000000000000000e+00, 0.000000000000000000e+00
8.000000000000000000e+03, 1.162000000000000028e+02, 6.612000000000000099e+00, 2.158000000000000000e+04, 0.000000000000000000e+00, 0.000000000000000000e+00
1.000000000000000000e+04, 9.104999999999999716e+01, 7.584999999999999964e+00, 1.188000000000000000e+04, 0.000000000000000000e+00, 0.000000000000000000e+00
1.500000000000000000e+04, 5.722999999999999687e+01, 9.179000000000000270e+00, 3.881000000000000000e+03, 0.000000000000000000e+00, 0.000000000000000000e+00
2.000000000000000000e+04, 3.947999999999999687e+01, 1.014000000000000057e+01, 1.710000000000000000e+03, 0.000000000000000000e+00, 0.000000000000000000e+00
3.000000000000000000e+04, 2.153000000000000114e+01, 1.116999999999999993e+01, 5.227999999999999545e+02, 0.000000000000000000e+00, 0.000000000000000000e+00
4.000000000000000000e+04, 1.358000000000000007e+01, 1.158000000000000007e+01, 2.214000000000000057e+02, 0.000000000000000000e+00, 0.000000000000000000e+00
5.000000000000000000e+04, 9.425000000000000711e+00, 1.169999999999999929e+01, 1.127999999999999972e+02, 0.000000000000000000e+00, 0.000000000000000000e+00
6.000000000000000000e+04, 6.953000000000000291e+00, 1.167999999999999972e+01, 6.459999999999999432e+01, 0.000000000000000000e+00, 0.000000000000000000e+00
8.000000000000000000e+04, 4.235000000000000320e+00, 1.147000000000000064e+01, 2.664000000000000057e+01, 0.000000000000000000e+00, 0.000000000000000000e+00
1.000000000000000000e+05, 2.838999999999999968e+00, 1.115000000000000036e+01, 1.334999999999999964e+01, 0.000000000000000000e+00, 0.000000000000000000e+00
1.500000000000000000e+05, 1.338000000000000078e+00, 1.030000000000000071e+01, 3.798000000000000043e+00, 0.000000000000000000e+00, 0.000000000000000000e+00
2.000000000000000000e+05, 7.750000000000000222e-01, 9.551999999999999602e+00, 1.568999999999999950e+00, 0.000000000000000000e+00, 0.000000000000000000e+00
3.000000000000000000e+05, 3.541000000000000258e-01, 8.388999999999999346e+00, 4.658999999999999808e-01, 0.000000000000000000e+00, 0.000000000000000000e+00
4.000000000000000000e+05, 2.015000000000000124e-01, 7.548000000000000043e+00, 2.051000000000000045e-01, 0.000000000000000000e+00, 0.000000000000000000e+00
5.000000000000000000e+05, 1.297999999999999987e-01, 6.908000000000000362e+00, 1.122999999999999970e-01, 0.000000000000000000e+00, 0.000000000000000000e+00
6.000000000000000000e+05, 9.042000000000000037e-02, 6.399000000000000021e+00, 7.066000000000000059e-02, 0.000000000000000000e+00, 0.000000000000000000e+00
8.000000000000000000e+05, 5.104000000000000203e-02, 5.628999999999999559e+00, 3.595000000000000279e-02, 0.000000000000000000e+00, 0.000000000000000000e+00
1.000000000000000000e+06, 3.271999999999999909e-02, 5.065000000000000391e+00, 2.236000000000000140e-02, 0.000000000000000000e+00, 0.000000000000000000e+00
1.022000000000000000e+06, 3.132999999999999674e-02, 5.011000000000000121e+00, 2.120999999999999969e-02, 0.000000000000000000e+00, 0.000000000000000000e+00
1.250000000000000000e+06, 2.096999999999999906e-02, 4.530999999999999694e+00, 1.434999999999999991e-02, 5.408999999999999746e-03, 0.000000000000000000e+00
1.500000000000000000e+06, 1.456999999999999962e-02, 4.118999999999999773e+00, 1.035999999999999942e-02, 2.782000000000000098e-02, 0.000000000000000000e+00
2.000000000000000000e+06, 8.200000000000000691e-03, 3.516000000000000014e+00, 6.396999999999999909e-03, 1.072000000000000036e-01, 0.000000000000000000e+00
2.044000000000000000e+06, 7.851000000000000340e-03, 3.472999999999999865e+00, 6.179999999999999730e-03, 1.154000000000000026e-01, 0.000000000000000000e+00
3.000000000000000000e+06, 3.645999999999999935e-03, 2.766999999999999904e+00, 3.481000000000000153e-03, 2.975999999999999757e-01, 9.682999999999999550e-04
4.000000000000000000e+06, 2.050999999999999872e-03, 2.307999999999999829e+00, 2.348999999999999960e-03, 4.764999999999999791e-01, 3.952999999999999917e-03
5.000000000000000000e+06, 1.312999999999999931e-03, 1.993999999999999995e+00, 1.760999999999999979e-03, 6.346000000000000529e-01, 7.875000000000000056e-03
6.000000000000000000e+06, 9.116999999999999887e-04, 1.762000000000000011e+00, 1.402999999999999950e-03, 7.755999999999999561e-01, 1.209000000000000005e-02
7.000000000000000000e+06, 6.698000000000000178e-04, 1.584000000000000075e+00, 1.165000000000000020e-03, 9.010000000000000231e-01, 1.629999999999999852e-02
8.000000000000000000e+06, 5.129000000000000529e-04, 1.441000000000000059e+00, 9.945999999999999980e-04, 1.014000000000000012e+00, 2.037999999999999881e-02
9.000000000000000000e+06, 4.051999999999999829e-04, 1.324999999999999956e+00, 8.672000000000000455e-04, 1.116000000000000103e+00, 2.427999999999999950e-02
1.000000000000000000e+07, 3.282000000000000087e-04, 1.227999999999999980e+00, 7.684000000000000292e-04, 1.207999999999999963e+00, 2.800000000000000058e-02
1.100000000000000000e+07, 2.712999999999999808e-04, 1.145000000000000018e+00, 6.897000000000000136e-04, 1.292000000000000037e+00, 3.151999999999999941e-02
1.200000000000000000e+07, 2.279000000000000101e-04, 1.074000000000000066e+00, 6.254000000000000227e-04, 1.368999999999999995e+00, 3.484999999999999903e-02
1.300000000000000000e+07, 1.942000000000000041e-04, 1.012000000000000011e+00, 5.720999999999999740e-04, 1.439999999999999947e+00, 3.799000000000000293e-02
1.400000000000000000e+07, 1.675000000000000057e-04, 9.570999999999999508e-01, 5.270000000000000162e-04, 1.506999999999999895e+00, 4.098000000000000254e-02
1.500000000000000000e+07, 1.458999999999999956e-04, 9.086999999999999522e-01, 4.885000000000000019e-04, 1.568000000000000060e+00, 4.381999999999999784e-02
1.600000000000000000e+07, 1.281999999999999991e-04, 8.652999999999999581e-01, 4.553000000000000081e-04, 1.625999999999999890e+00, 4.651999999999999885e-02
1.800000000000000000e+07, 1.012999999999999957e-04, 7.909000000000000474e-01, 4.005999999999999795e-04, 1.733000000000000096e+00, 5.152999999999999942e-02
2.000000000000000000e+07, 8.205999999999999699e-05, 7.292999999999999483e-01, 3.576000000000000185e-04, 1.826999999999999957e+00, 5.609999999999999709e-02
2.200000000000000000e+07, 6.781999999999999780e-05, 6.774000000000000021e-01, 3.228999999999999882e-04, 1.913000000000000034e+00, 6.029999999999999943e-02
2.400000000000000000e+07, 5.699000000000000154e-05, 6.330000000000000071e-01, 2.944000000000000002e-04, 1.991000000000000103e+00, 6.417000000000000481e-02
2.600000000000000000e+07, 4.856000000000000263e-05, 5.944000000000000394e-01, 2.705000000000000156e-04, 2.061999999999999833e+00, 6.776000000000000079e-02
2.800000000000000000e+07, 4.186999999999999723e-05, 5.606999999999999762e-01, 2.501000000000000076e-04, 2.128000000000000114e+00, 7.109000000000000041e-02
3.000000000000000000e+07, 3.647000000000000149e-05, 5.310000000000000275e-01, 2.325999999999999888e-04, 2.189000000000000057e+00, 7.420000000000000207e-02
4.000000000000000000e+07, 2.052000000000000005e-05, 4.218999999999999972e-01, 1.722999999999999868e-04, 2.435999999999999943e+00, 8.716999999999999749e-02
5.000000000000000000e+07, 1.312999999999999965e-05, 3.522000000000000131e-01, 1.367999999999999913e-04, 2.620999999999999996e+00, 9.711999999999999800e-02
6.000000000000000000e+07, 9.116999999999999277e-06, 3.034000000000000030e-01, 1.134000000000000052e-04, 2.766000000000000014e+00, 1.050999999999999990e-01
8.000000000000000000e+07, 5.129000000000000360e-06, 2.393000000000000127e-01, 8.451999999999999715e-05, 2.982000000000000206e+00, 1.173000000000000015e-01
1.000000000000000000e+08, 3.282000000000000087e-06, 1.985999999999999988e-01, 6.736000000000000559e-05, 3.136000000000000121e+00, 1.262000000000000066e-01
1.500000000000000000e+08, 1.458999999999999922e-06, 1.414999999999999869e-01, 4.467999999999999912e-05, 3.386000000000000121e+00, 1.413000000000000089e-01
2.000000000000000000e+08, 8.205000000000000216e-07, 1.108999999999999986e-01, 3.342000000000000190e-05, 3.536999999999999922e+00, 1.509000000000000064e-01
3.000000000000000000e+08, 3.646999999999999768e-07, 7.860999999999999932e-02, 2.222000000000000071e-05, 3.714999999999999858e+00, 1.628000000000000003e-01
4.000000000000000000e+08, 2.051000000000000035e-07, 6.156999999999999973e-02, 1.665000000000000152e-05, 3.818000000000000060e+00, 1.701000000000000012e-01
5.000000000000000000e+08, 1.312999999999999912e-07, 5.095999999999999835e-02, 1.330999999999999962e-05, 3.886000000000000121e+00, 1.751000000000000056e-01
6.000000000000000000e+08, 9.117000000000000177e-08, 4.363999999999999824e-02, 1.108000000000000064e-05, 3.935000000000000053e+00, 1.787999999999999867e-01
8.000000000000000000e+08, 5.127999999999999993e-08, 3.407999999999999918e-02, 8.307000000000000256e-06, 4.001000000000000334e+00, 1.839000000000000079e-01
1.000000000000000000e+09, 3.281999999999999875e-08, 2.803999999999999895e-02, 6.642999999999999756e-06, 4.043000000000000149e+00, 1.872999999999999943e-01
1.500000000000000000e+09, 1.459000000000000028e-08, 1.958000000000000018e-02, 4.425999999999999637e-06, 4.105000000000000426e+00, 1.923999999999999877e-01
2.000000000000000000e+09, 8.204999999999999687e-09, 1.515000000000000027e-02, 3.318999999999999902e-06, 4.139000000000000234e+00, 1.953999999999999904e-01
3.000000000000000000e+09, 3.646999999999999917e-09, 1.054000000000000076e-02, 2.212000000000000167e-06, 4.174999999999999822e+00, 1.985999999999999988e-01
4.000000000000000000e+09, 2.051000000000000052e-09, 8.134000000000000605e-03, 1.658999999999999913e-06, 4.195000000000000284e+00, 2.005000000000000115e-01
5.000000000000000000e+09, 1.312999999999999912e-09, 6.649999999999999661e-03, 1.326999999999999958e-06, 4.206999999999999851e+00, 2.016000000000000014e-01
6.000000000000000000e+09, 9.116999999999999640e-10, 5.638999999999999915e-03, 1.106000000000000083e-06, 4.216000000000000192e+00, 2.023999999999999966e-01
8.000000000000000000e+09, 5.128000000000000283e-10, 4.344999999999999904e-03, 8.293000000000000475e-07, 4.227000000000000313e+00, 2.034999999999999865e-01
1.000000000000000000e+10, 3.282000000000000144e-10, 3.546999999999999806e-03, 6.633999999999999715e-07, 4.233999999999999986e+00, 2.041999999999999926e-01
1.500000000000000000e+10, 1.459000000000000080e-10, 2.452000000000000186e-03, 4.421999999999999760e-07, 4.243999999999999773e+00, 2.051999999999999935e-01
2.000000000000000000e+10, 8.205000000000000359e-11, 1.884999999999999957e-03, 3.316999999999999857e-07, 4.250000000000000000e+00, 2.056999999999999940e-01
3.000000000000000000e+10, 3.646999999999999788e-11, 1.299999999999999940e-03, 2.210999999999999880e-07, 4.254999999999999893e+00, 2.061999999999999944e-01
4.000000000000000000e+10, 2.050999999999999884e-11, 9.978999999999999156e-04, 1.657999999999999891e-07, 4.258000000000000007e+00, 2.066000000000000059e-01
5.000000000000000000e+10, 1.313000000000000080e-11, 8.126000000000000193e-04, 1.326999999999999905e-07, 4.259999999999999787e+00, 2.068000000000000116e-01
6.000000000000000000e+10, 9.117000000000000027e-12, 6.869000000000000539e-04, 1.105000000000000035e-07, 4.261000000000000121e+00, 2.069000000000000006e-01
8.000000000000000000e+10, 5.127999999999999960e-12, 5.266999999999999547e-04, 8.291000000000000589e-08, 4.262999999999999901e+00, 2.071000000000000063e-01
1.000000000000000000e+11, 3.281999999999999950e-12, 4.285000000000000072e-04, 6.632999999999999904e-08, 4.264000000000000234e+00, 2.071999999999999953e-01
