1.000000000000000000e+03, 4.111000000000000000e+03, 1.187000000000000055e+00, 1.605000000000000000e+06, 0.000000000000000000e+00, 0.000000000000000000e+00
1.500000000000000000e+03, 3.955000000000000000e+03, 2.153000000000000025e+00, 7.201000000000000000e+05, 0.000000000000000000e+00, 0.000000000000000000e+00
2.000000000000000000e+03, 3.772000000000000000e+03, 3.104999999999999982e+00, 3.905000000000000000e+05, 0.000000000000000000e+00, 0.000000000000000000e+00
3.000000000000000000e+03, 3.386000000000000000e+03, 4.929000000000000270e+00, 7.019000000000000000e+05, 0.000000000000000000e+00, 0.000000000000000000e+00
4.000000000000000000e+03, 3.019000000000000000e+03, 6.663999999999999702e+00, 3.896000000000000000e+05, 0.000000000000000000e+00, 0.000000000000000000e+00
5.000000000000000000e+03, 2.694000000000000000e+03, 8.316000000000000725e+00, 2.261000000000000000e+05, 0.000000000000000000e+00, 0.000000000000000000e+00
6.000000000000000000e+03, 2.412000000000000000e+03, 9.897000000000000242e+00, 1.437000000000000000e+05, 0.000000000000000000e+00, 0.000000000000000000e+00
8.000000000000000000e+03, 1.963000000000000000e+03, 1.281000000000000050e+01, 6.932000000000000000e+04, 0.000000000000000000e+00, 0.000000000000000000e+00
1.000000000000000000e+04, 1.626000000000000000e+03, 1.528999999999999915e+01, 3.903000000000000000e+04, 0.000000000000000000e+00, 0.000000000000000000e+00
1.500000000000000000e+04, 1.073000000000000000e+03, 1.994000000000000128e+01, 5.489000000000000000e+04, 0.000000000000000000e+00, 0.000000000000000000e+00
2.000000000000000000e+04, 7.566000000000000227e+02, 2.328000000000000114e+01, 2.628000000000000000e+04, 0.000000000000000000e+00, 0.000000000000000000e+00
3.000000000000000000e+04, 4.461999999999999886e+02, 2.780999999999999872e+01, 8.989000000000000000e+03, 0.000000000000000000e+00, 0.000000000000000000e+00
4.000000000000000000e+04, 2.973000000000000114e+02, 3.046000000000000085e+01, 4.142000000000000000e+03, 0.000000000000000000e+00, 0.000000000000000000e+00
5.000000000000000000e+04, 2.110000000000000000e+02, 3.198000000000000043e+01, 2.256000000000000000e+03, 0.000000000000000000e+00, 0.000000000000000000e+00
6.000000000000000000e+04, 1.579000000000000057e+02, 3.282999999999999829e+01, 1.369000000000000000e+03, 0.000000000000000000e+00, 0.000000000000000000e+00
8.000000000000000000e+04, 9.926000000000000512e+01, 3.342999999999999972e+01, 6.197000000000000455e+02, 0.000000000000000000e+00, 0.000000000000000000e+00
1.000000000000000000e+05, 6.848999999999999488e+01, 3.332000000000000028e+01, 1.656000000000000000e+03, 0.000000000000000000e+00, 0.000000000000000000e+00
1.500000000000000000e+05, 3.370000000000000284e+01, 3.191000000000000014e+01, 5.702000000000000455e+02, 0.000000000000000000e+00, 0.000000000000000000e+00
2.000000000000000000e+05, 2.008999999999999986e+01, 3.014999999999999858e+01, 2.646999999999999886e+02, 0.000000000000000000e+00, 0.000000000000000000e+00
3.000000000000000000e+05, 9.579000000000000625e+00, 2.701000000000000156e+01, 9.112999999999999545e+01, 0.000000000000000000e+00, 0.000000000000000000e+00
4.000000000000000000e+05, 5.591999999999999638e+00, 2.455000000000000071e+01, 4.392000000000000171e+01, 0.000000000000000000e+00, 0.000000000000000000e+00
5.000000000000000000e+05, 3.657999999999999918e+00, 2.260999999999999943e+01, 2.553000000000000114e+01, 0.000000000000000000e+00, 0.000000000000000000e+00
6.000000000000000000e+05, 2.576999999999999957e+00, 2.103999999999999915e+01, 1.669000000000000128e+01, 0.000000000000000000e+00, 0.000000000000000000e+00
8.000000000000000000e+05, 1.475999999999999979e+00, 1.858999999999999986e+01, 8.842000000000000526e+00, 0.000000000000000000e+00, 0.000000000000000000e+00
1.000000000000000000e+06, 9.548999999999999710e-01, 1.676999999999999957e+01, 5.567999999999999616e+00, 0.000000000000000000e+00, 0.000000000000000000e+00
1.022000000000000000e+06, 9.151000000000000245e-01, 1.660000000000000142e+01, 5.330000000000000071e+00, 0.000000000000000000e+00, 0.000000000000000000e+00
1.250000000000000000e+06, 6.161999999999999700e-01, 1.502999999999999936e+01, 3.595000000000000195e+00, 1.218000000000000055e-01, 0.000000000000000000e+00
1.500000000000000000e+06, 4.299999999999999933e-01, 1.367999999999999972e+01, 2.560999999999999943e+00, 5.785000000000000142e-01, 0.000000000000000000e+00
2.000000000000000000e+06, 2.431999999999999995e-01, 1.168999999999999950e+01, 1.548999999999999932e+00, 1.756000000000000005e+00, 0.000000000000000000e+00
2.044000000000000000e+06, 2.330000000000000127e-01, 1.155000000000000071e+01, 1.493999999999999995e+00, 1.860000000000000098e+00, 0.000000000000000000e+00
3.000000000000000000e+06, 1.086000000000000021e-01, 9.210000000000000853e+00, 8.105999999999999872e-01, 3.882000000000000117e+00, 3.217999999999999940e-03
4.000000000000000000e+06, 6.119000000000000133e-02, 7.687000000000000277e+00, 5.311000000000000165e-01, 5.604000000000000092e+00, 1.311999999999999972e-02
5.000000000000000000e+06, 3.919000000000000261e-02, 6.641000000000000014e+00, 3.894000000000000239e-01, 7.046000000000000263e+00, 2.608999999999999861e-02
6.000000000000000000e+06, 2.723000000000000073e-02, 5.870000000000000107e+00, 3.053000000000000158e-01, 8.288000000000000256e+00, 3.998999999999999777e-02
7.000000000000000000e+06, 2.001000000000000001e-02, 5.277000000000000135e+00, 2.500999999999999890e-01, 9.381999999999999673e+00, 5.380999999999999672e-02
8.000000000000000000e+06, 1.532000000000000028e-02, 4.802999999999999936e+00, 2.112999999999999878e-01, 1.036999999999999922e+01, 6.716999999999999360e-02
9.000000000000000000e+06, 1.210999999999999924e-02, 4.415000000000000036e+00, 1.827000000000000013e-01, 1.125999999999999979e+01, 7.992000000000000492e-02
1.000000000000000000e+07, 9.809999999999999276e-03, 4.091000000000000192e+00, 1.607000000000000095e-01, 1.208999999999999986e+01, 9.202000000000000457e-02
1.100000000000000000e+07, 8.108000000000000623e-03, 3.815999999999999837e+00, 1.433999999999999997e-01, 1.284999999999999964e+01, 1.034000000000000058e-01
1.200000000000000000e+07, 6.812999999999999612e-03, 3.579000000000000181e+00, 1.292999999999999983e-01, 1.356000000000000050e+01, 1.141999999999999960e-01
1.300000000000000000e+07, 5.805000000000000264e-03, 3.371999999999999886e+00, 1.178000000000000019e-01, 1.422000000000000064e+01, 1.242999999999999938e-01
1.400000000000000000e+07, 5.006000000000000033e-03, 3.189999999999999947e+00, 1.081000000000000016e-01, 1.483999999999999986e+01, 1.338999999999999913e-01
1.500000000000000000e+07, 4.361000000000000293e-03, 3.028000000000000025e+00, 9.982000000000000595e-02, 1.541999999999999993e+01, 1.429999999999999882e-01
1.600000000000000000e+07, 3.833000000000000036e-03, 2.883999999999999897e+00, 9.273000000000000687e-02, 1.596000000000000085e+01, 1.516000000000000125e-01
1.800000000000000000e+07, 3.027999999999999876e-03, 2.636000000000000121e+00, 8.117000000000000604e-02, 1.694000000000000128e+01, 1.675000000000000100e-01
2.000000000000000000e+07, 2.452999999999999885e-03, 2.431000000000000050e+00, 7.215000000000000580e-02, 1.780999999999999872e+01, 1.819000000000000061e-01
2.200000000000000000e+07, 2.027000000000000156e-03, 2.258000000000000007e+00, 6.492000000000000548e-02, 1.858999999999999986e+01, 1.950999999999999956e-01
2.400000000000000000e+07, 1.704000000000000003e-03, 2.109999999999999876e+00, 5.899000000000000077e-02, 1.930999999999999872e+01, 2.071000000000000063e-01
2.600000000000000000e+07, 1.451999999999999949e-03, 1.981000000000000094e+00, 5.405999999999999694e-02, 1.996999999999999886e+01, 2.182000000000000051e-01
2.800000000000000000e+07, 1.252000000000000075e-03, 1.868999999999999995e+00, 4.988000000000000073e-02, 2.057000000000000028e+01, 2.285000000000000087e-01
3.000000000000000000e+07, 1.090000000000000040e-03, 1.770000000000000018e+00, 4.630000000000000088e-02, 2.112999999999999901e+01, 2.379999999999999893e-01
4.000000000000000000e+07, 6.132999999999999997e-04, 1.405999999999999917e+00, 3.404999999999999694e-02, 2.339000000000000057e+01, 2.772000000000000020e-01
5.000000000000000000e+07, 3.924999999999999995e-04, 1.173999999999999932e+00, 2.691999999999999948e-02, 2.507000000000000028e+01, 3.065999999999999837e-01
6.000000000000000000e+07, 2.726000000000000124e-04, 1.012000000000000011e+00, 2.224999999999999895e-02, 2.637999999999999901e+01, 3.296999999999999931e-01
8.000000000000000000e+07, 1.533000000000000129e-04, 7.976999999999999647e-01, 1.651999999999999996e-02, 2.830000000000000071e+01, 3.643000000000000127e-01
1.000000000000000000e+08, 9.812999999999999729e-05, 6.621000000000000218e-01, 1.314000000000000064e-02, 2.964999999999999858e+01, 3.891000000000000014e-01
1.500000000000000000e+08, 4.360999999999999751e-05, 4.714999999999999747e-01, 8.685999999999999277e-03, 3.178000000000000114e+01, 4.297000000000000264e-01
2.000000000000000000e+08, 2.453000000000000062e-05, 3.696999999999999731e-01, 6.487999999999999844e-03, 3.303999999999999915e+01, 4.547999999999999821e-01
3.000000000000000000e+08, 1.090000000000000067e-05, 2.620000000000000107e-01, 4.307000000000000065e-03, 3.450999999999999801e+01, 4.850999999999999757e-01
4.000000000000000000e+08, 6.133000000000000403e-06, 2.051999999999999935e-01, 3.223999999999999869e-03, 3.535000000000000142e+01, 5.030999999999999917e-01
5.000000000000000000e+08, 3.924999999999999690e-06, 1.698999999999999955e-01, 2.576000000000000165e-03, 3.589999999999999858e+01, 5.152999999999999803e-01
6.000000000000000000e+08, 2.725999999999999819e-06, 1.454999999999999905e-01, 2.145000000000000205e-03, 3.628999999999999915e+01, 5.241000000000000103e-01
8.000000000000000000e+08, 1.532999999999999976e-06, 1.136000000000000065e-01, 1.606999999999999922e-03, 3.681000000000000227e+01, 5.362999999999999989e-01
1.000000000000000000e+09, 9.813000000000000321e-07, 9.346000000000000141e-02, 1.284999999999999901e-03, 3.714999999999999858e+01, 5.443000000000000060e-01
1.500000000000000000e+09, 4.360999999999999941e-07, 6.526999999999999469e-02, 8.557999999999999852e-04, 3.764000000000000057e+01, 5.562000000000000277e-01
2.000000000000000000e+09, 2.453000000000000062e-07, 5.052000000000000240e-02, 6.415999999999999828e-04, 3.789999999999999858e+01, 5.628999999999999559e-01
3.000000000000000000e+09, 1.089999999999999967e-07, 3.511999999999999844e-02, 4.274999999999999829e-04, 3.818999999999999773e+01, 5.702000000000000401e-01
4.000000000000000000e+09, 6.132999999999999397e-08, 2.710999999999999868e-02, 3.205999999999999866e-04, 3.834000000000000341e+01, 5.745000000000000107e-01
5.000000000000000000e+09, 3.924999999999999743e-08, 2.216999999999999874e-02, 2.563999999999999981e-04, 3.843999999999999773e+01, 5.770999999999999464e-01
6.000000000000000000e+09, 2.726000000000000058e-08, 1.880000000000000074e-02, 2.136999999999999902e-04, 3.850999999999999801e+01, 5.788999999999999702e-01
8.000000000000000000e+09, 1.532999999999999897e-08, 1.447999999999999982e-02, 1.601999999999999908e-04, 3.859000000000000341e+01, 5.814000000000000279e-01
1.000000000000000000e+10, 9.812999999999999924e-09, 1.182000000000000065e-02, 1.281999999999999991e-04, 3.864999999999999858e+01, 5.828999999999999737e-01
1.500000000000000000e+10, 4.361000000000000140e-09, 8.172000000000000444e-03, 8.545000000000000349e-05, 3.872999999999999687e+01, 5.848999999999999755e-01
2.000000000000000000e+10, 2.453000000000000111e-09, 6.282000000000000257e-03, 6.407999999999999634e-05, 3.877000000000000313e+01, 5.862000000000000544e-01
3.000000000000000000e+10, 1.089999999999999958e-09, 4.333000000000000046e-03, 4.271999999999999756e-05, 3.881000000000000227e+01, 5.873000000000000442e-01
4.000000000000000000e+10, 6.133000000000000431e-10, 3.325999999999999963e-03, 3.203999999999999817e-05, 3.882999999999999829e+01, 5.880999999999999561e-01
5.000000000000000000e+10, 3.924999999999999888e-10, 2.709000000000000036e-03, 2.563000000000000025e-05, 3.885000000000000142e+01, 5.885000000000000231e-01
6.000000000000000000e+10, 2.726000000000000202e-10, 2.289999999999999935e-03, 2.135999999999999878e-05, 3.885999999999999943e+01, 5.887999999999999901e-01
8.000000000000000000e+10, 1.533000000000000031e-10, 1.755999999999999965e-03, 1.601999999999999908e-05, 3.886999999999999744e+01, 5.890999999999999570e-01
1.000000000000000000e+11, 9.813000000000000131e-11, 1.428000000000000016e-03, 1.281999999999999923e-05, 3.888000000000000256e+01, 5.893000000000000460e-01
