1.000000000000000000e+03, 2.755000000000000000e+03, 1.421000000000000041e+00, 6.702000000000000000e+05, 0.000000000000000000e+00, 0.000000000000000000e+00
1.500000000000000000e+03, 2.627000000000000000e+03, 2.339999999999999858e+00, 1.495000000000000000e+06, 0.000000000000000000e+00, 0.000000000000000000e+00
2.000000000000000000e+03, 2.494000000000000000e+03, 3.245000000000000107e+00, 9.329000000000000000e+05, 0.000000000000000000e+00, 0.000000000000000000e+00
3.000000000000000000e+03, 2.226000000000000000e+03, 5.028999999999999915e+00, 3.768000000000000000e+05, 0.000000000000000000e+00, 0.000000000000000000e+00
4.000000000000000000e+03, 1.971000000000000000e+03, 6.697000000000000064e+00, 1.856000000000000000e+05, 0.000000000000000000e+00, 0.000000000000000000e+00
5.000000000000000000e+03, 1.744000000000000000e+03, 8.230999999999999872e+00, 1.059000000000000000e+05, 0.000000000000000000e+00, 0.000000000000000000e+00
6.000000000000000000e+03, 1.547000000000000000e+03, 9.617000000000000881e+00, 6.644000000000000000e+04, 0.000000000000000000e+00, 0.000000000000000000e+00
8.000000000000000000e+03, 1.237000000000000000e+03, 1.200000000000000000e+01, 8.696000000000000000e+04, 0.000000000000000000e+00, 0.000000000000000000e+00
1.000000000000000000e+04, 1.007000000000000000e+03, 1.400999999999999979e+01, 7.729000000000000000e+04, 0.000000000000000000e+00, 0.000000000000000000e+00
1.500000000000000000e+04, 6.506000000000000227e+02, 1.798999999999999844e+01, 2.676000000000000000e+04, 0.000000000000000000e+00, 0.000000000000000000e+00
2.000000000000000000e+04, 4.635000000000000000e+02, 2.092999999999999972e+01, 1.237000000000000000e+04, 0.000000000000000000e+00, 0.000000000000000000e+00
3.000000000000000000e+04, 2.731999999999999886e+02, 2.458999999999999986e+01, 4.088000000000000000e+03, 0.000000000000000000e+00, 0.000000000000000000e+00
4.000000000000000000e+04, 1.783000000000000114e+02, 2.653000000000000114e+01, 1.841000000000000000e+03, 0.000000000000000000e+00, 0.000000000000000000e+00
5.000000000000000000e+04, 1.262000000000000028e+02, 2.757999999999999829e+01, 9.867999999999999545e+02, 0.000000000000000000e+00, 0.000000000000000000e+00
6.000000000000000000e+04, 9.478000000000000114e+01, 2.812999999999999901e+01, 3.274000000000000000e+03, 0.000000000000000000e+00, 0.000000000000000000e+00
8.000000000000000000e+04, 5.932999999999999829e+01, 2.844999999999999929e+01, 1.535000000000000000e+03, 0.000000000000000000e+00, 0.000000000000000000e+00
1.000000000000000000e+05, 4.047999999999999687e+01, 2.819999999999999929e+01, 8.380000000000000000e+02, 0.000000000000000000e+00, 0.000000000000000000e+00
1.500000000000000000e+05, 1.973000000000000043e+01, 2.676999999999999957e+01, 2.741999999999999886e+02, 0.000000000000000000e+00, 0.000000000000000000e+00
2.000000000000000000e+05, 1.174000000000000021e+01, 2.517999999999999972e+01, 1.237000000000000028e+02, 0.000000000000000000e+00, 0.000000000000000000e+00
3.000000000000000000e+05, 5.543000000000000149e+00, 2.246999999999999886e+01, 4.103000000000000114e+01, 0.000000000000000000e+00, 0.000000000000000000e+00
4.000000000000000000e+05, 3.209999999999999964e+00, 2.037999999999999901e+01, 1.930999999999999872e+01, 0.000000000000000000e+00, 0.000000000000000000e+00
5.000000000000000000e+05, 2.089999999999999858e+00, 1.875000000000000000e+01, 1.103999999999999915e+01, 0.000000000000000000e+00, 0.000000000000000000e+00
6.000000000000000000e+05, 1.467999999999999972e+00, 1.742000000000000171e+01, 7.136000000000000121e+00, 0.000000000000000000e+00, 0.000000000000000000e+00
8.000000000000000000e+05, 8.372000000000000552e-01, 1.538000000000000078e+01, 3.733000000000000096e+00, 0.000000000000000000e+00, 0.000000000000000000e+00
1.000000000000000000e+06, 5.400000000000000355e-01, 1.385999999999999943e+01, 2.339999999999999858e+00, 0.000000000000000000e+00, 0.000000000000000000e+00
1.022000000000000000e+06, 5.172999999999999821e-01, 1.372000000000000064e+01, 2.238999999999999879e+00, 0.000000000000000000e+00, 0.000000000000000000e+00
1.250000000000000000e+06, 3.476000000000000201e-01, 1.241999999999999993e+01, 1.508999999999999897e+00, 7.209000000000000130e-02, 0.000000000000000000e+00
1.500000000000000000e+06, 2.421000000000000096e-01, 1.130000000000000071e+01, 1.078000000000000069e+00, 3.337999999999999856e-01, 0.000000000000000000e+00
2.000000000000000000e+06, 1.366999999999999882e-01, 9.653000000000000469e+00, 6.535999999999999588e-01, 1.064999999999999947e+00, 0.000000000000000000e+00
2.044000000000000000e+06, 1.308999999999999886e-01, 9.534000000000000696e+00, 6.302999999999999714e-01, 1.133000000000000007e+00, 0.000000000000000000e+00
3.000000000000000000e+06, 6.092000000000000193e-02, 7.602000000000000313e+00, 3.441000000000000170e-01, 2.527000000000000135e+00, 2.657000000000000074e-03
4.000000000000000000e+06, 3.429999999999999716e-02, 6.344000000000000306e+00, 2.265999999999999959e-01, 3.769000000000000128e+00, 1.082999999999999935e-02
5.000000000000000000e+06, 2.196000000000000035e-02, 5.480000000000000426e+00, 1.668000000000000038e-01, 4.823999999999999844e+00, 2.155999999999999930e-02
6.000000000000000000e+06, 1.524999999999999967e-02, 4.844000000000000306e+00, 1.312000000000000111e-01, 5.732000000000000206e+00, 3.305999999999999911e-02
7.000000000000000000e+06, 1.120999999999999948e-02, 4.354000000000000092e+00, 1.077000000000000041e-01, 6.533999999999999808e+00, 4.449999999999999789e-02
8.000000000000000000e+06, 8.583000000000000351e-03, 3.963000000000000078e+00, 9.120999999999999941e-02, 7.253999999999999559e+00, 5.557000000000000134e-02
9.000000000000000000e+06, 6.781999999999999834e-03, 3.642999999999999794e+00, 7.897999999999999465e-02, 7.908999999999999808e+00, 6.614000000000000434e-02
1.000000000000000000e+07, 5.493999999999999752e-03, 3.375999999999999890e+00, 6.958999999999999908e-02, 8.509000000000000341e+00, 7.617999999999999772e-02
1.100000000000000000e+07, 4.540999999999999898e-03, 3.148000000000000131e+00, 6.214999999999999691e-02, 9.064000000000000057e+00, 8.566000000000000003e-02
1.200000000000000000e+07, 3.815999999999999948e-03, 2.952999999999999847e+00, 5.612999999999999934e-02, 9.579000000000000625e+00, 9.460000000000000353e-02
1.300000000000000000e+07, 3.250999999999999984e-03, 2.782000000000000028e+00, 5.115000000000000102e-02, 1.006000000000000050e+01, 1.029999999999999943e-01
1.400000000000000000e+07, 2.802999999999999936e-03, 2.632000000000000117e+00, 4.698000000000000093e-02, 1.050999999999999979e+01, 1.110000000000000014e-01
1.500000000000000000e+07, 2.442000000000000160e-03, 2.498000000000000220e+00, 4.342000000000000026e-02, 1.091999999999999993e+01, 1.185999999999999971e-01
1.600000000000000000e+07, 2.145999999999999904e-03, 2.379000000000000004e+00, 4.037000000000000310e-02, 1.131000000000000050e+01, 1.257000000000000062e-01
1.800000000000000000e+07, 1.696000000000000025e-03, 2.174999999999999822e+00, 3.536999999999999866e-02, 1.200999999999999979e+01, 1.390000000000000124e-01
2.000000000000000000e+07, 1.374000000000000004e-03, 2.004999999999999893e+00, 3.146999999999999797e-02, 1.263000000000000078e+01, 1.509999999999999953e-01
2.200000000000000000e+07, 1.134999999999999941e-03, 1.862999999999999989e+00, 2.833000000000000101e-02, 1.319999999999999929e+01, 1.620999999999999941e-01
2.400000000000000000e+07, 9.539999999999999869e-04, 1.741000000000000103e+00, 2.577000000000000124e-02, 1.371000000000000085e+01, 1.721999999999999920e-01
2.600000000000000000e+07, 8.128999999999999724e-04, 1.635000000000000009e+00, 2.361999999999999864e-02, 1.417999999999999972e+01, 1.814999999999999947e-01
2.800000000000000000e+07, 7.008999999999999606e-04, 1.542000000000000037e+00, 2.180999999999999953e-02, 1.460999999999999943e+01, 1.900999999999999912e-01
3.000000000000000000e+07, 6.105999999999999883e-04, 1.459999999999999964e+00, 2.025000000000000064e-02, 1.500000000000000000e+01, 1.980999999999999983e-01
4.000000000000000000e+07, 3.433999999999999986e-04, 1.159999999999999920e+00, 1.490999999999999964e-02, 1.662000000000000099e+01, 2.311999999999999889e-01
5.000000000000000000e+07, 2.198000000000000030e-04, 9.685000000000000275e-01, 1.179999999999999973e-02, 1.782000000000000028e+01, 2.560999999999999943e-01
6.000000000000000000e+07, 1.525999999999999958e-04, 8.345000000000000195e-01, 9.761999999999999844e-03, 1.876000000000000156e+01, 2.757000000000000006e-01
8.000000000000000000e+07, 8.585999999999999448e-05, 6.581000000000000183e-01, 7.252999999999999899e-03, 2.012999999999999901e+01, 3.052000000000000268e-01
1.000000000000000000e+08, 5.495000000000000074e-05, 5.462000000000000188e-01, 5.769999999999999955e-03, 2.110999999999999943e+01, 3.265000000000000124e-01
1.500000000000000000e+08, 2.441999999999999997e-05, 3.890000000000000124e-01, 3.818000000000000213e-03, 2.264999999999999858e+01, 3.615999999999999770e-01
2.000000000000000000e+08, 1.374000000000000059e-05, 3.049999999999999933e-01, 2.853000000000000067e-03, 2.355999999999999872e+01, 3.834000000000000186e-01
3.000000000000000000e+08, 6.104999999999999994e-06, 2.162000000000000033e-01, 1.894000000000000067e-03, 2.462999999999999901e+01, 4.099999999999999756e-01
4.000000000000000000e+08, 3.434000000000000071e-06, 1.693000000000000060e-01, 1.417999999999999990e-03, 2.523999999999999844e+01, 4.259000000000000008e-01
5.000000000000000000e+08, 2.197999999999999962e-06, 1.401999999999999913e-01, 1.132999999999999893e-03, 2.564000000000000057e+01, 4.366999999999999771e-01
6.000000000000000000e+08, 1.526000000000000086e-06, 1.199999999999999956e-01, 9.435999999999999509e-04, 2.592999999999999972e+01, 4.446999999999999842e-01
8.000000000000000000e+08, 8.586000000000000253e-07, 9.371999999999999775e-02, 7.069999999999999462e-04, 2.630999999999999872e+01, 4.556000000000000050e-01
1.000000000000000000e+09, 5.494999999999999905e-07, 7.710000000000000187e-02, 5.653000000000000256e-04, 2.655000000000000071e+01, 4.628999999999999782e-01
1.500000000000000000e+09, 2.441999999999999765e-07, 5.385000000000000203e-02, 3.765999999999999925e-04, 2.691000000000000014e+01, 4.737000000000000099e-01
2.000000000000000000e+09, 1.373999999999999995e-07, 4.168000000000000177e-02, 2.822999999999999772e-04, 2.710000000000000142e+01, 4.798999999999999932e-01
3.000000000000000000e+09, 6.104999999999999411e-08, 2.897999999999999882e-02, 1.880999999999999914e-04, 2.730999999999999872e+01, 4.865999999999999770e-01
4.000000000000000000e+09, 3.434000000000000177e-08, 2.237000000000000099e-02, 1.410999999999999874e-04, 2.742999999999999972e+01, 4.905999999999999805e-01
5.000000000000000000e+09, 2.197999999999999896e-08, 1.829000000000000070e-02, 1.129000000000000066e-04, 2.750000000000000000e+01, 4.929999999999999938e-01
6.000000000000000000e+09, 1.525999999999999900e-08, 1.550999999999999948e-02, 9.404000000000000087e-05, 2.755000000000000071e+01, 4.946999999999999731e-01
8.000000000000000000e+09, 8.585999999999999922e-09, 1.195000000000000055e-02, 7.051999999999999567e-05, 2.760999999999999943e+01, 4.969999999999999973e-01
1.000000000000000000e+10, 5.494999999999999739e-09, 9.754999999999999782e-03, 5.640999999999999693e-05, 2.764999999999999858e+01, 4.984000000000000097e-01
1.500000000000000000e+10, 2.442000000000000046e-09, 6.741999999999999729e-03, 3.761000000000000074e-05, 2.771000000000000085e+01, 5.003999999999999559e-01
2.000000000000000000e+10, 1.374000000000000012e-09, 5.183000000000000107e-03, 2.820000000000000105e-05, 2.773999999999999844e+01, 5.014999999999999458e-01
3.000000000000000000e+10, 6.105000000000000114e-10, 3.573999999999999920e-03, 1.879999999999999957e-05, 2.776999999999999957e+01, 5.026000000000000467e-01
4.000000000000000000e+10, 3.434000000000000239e-10, 2.743999999999999911e-03, 1.410000000000000053e-05, 2.778999999999999915e+01, 5.032999999999999696e-01
5.000000000000000000e+10, 2.198000000000000061e-10, 2.235000000000000007e-03, 1.128000000000000042e-05, 2.780000000000000071e+01, 5.037000000000000366e-01
6.000000000000000000e+10, 1.525999999999999952e-10, 1.889000000000000054e-03, 9.399999999999999786e-06, 2.780999999999999872e+01, 5.040000000000000036e-01
8.000000000000000000e+10, 8.586000000000000129e-11, 1.448000000000000068e-03, 7.050000000000000263e-06, 2.780999999999999872e+01, 5.042999999999999705e-01
1.000000000000000000e+11, 5.495000000000000153e-11, 1.178000000000000011e-03, 5.640000000000000211e-06, 2.782000000000000028e+01, 5.044999999999999485e-01
