1.000000000000000000e+03, 2.091000000000000000e+03, 1.566000000000000059e+00, 2.257000000000000000e+06, 0.000000000000000000e+00, 0.000000000000000000e+00
1.500000000000000000e+03, 1.967000000000000000e+03, 2.536000000000000032e+00, 1.169000000000000000e+06, 0.000000000000000000e+00, 0.000000000000000000e+00
2.000000000000000000e+03, 1.843000000000000000e+03, 3.463000000000000078e+00, 6.048000000000000000e+05, 0.000000000000000000e+00, 0.000000000000000000e+00
3.000000000000000000e+03, 1.610000000000000000e+03, 5.238999999999999879e+00, 2.277000000000000000e+05, 0.000000000000000000e+00, 0.000000000000000000e+00
4.000000000000000000e+03, 1.407000000000000000e+03, 6.876999999999999780e+00, 1.105000000000000000e+05, 0.000000000000000000e+00, 0.000000000000000000e+00
5.000000000000000000e+03, 1.236000000000000000e+03, 8.353999999999999204e+00, 6.250000000000000000e+04, 0.000000000000000000e+00, 0.000000000000000000e+00
6.000000000000000000e+03, 1.095000000000000000e+03, 9.646000000000000796e+00, 1.131000000000000000e+05, 0.000000000000000000e+00, 0.000000000000000000e+00
8.000000000000000000e+03, 8.753999999999999773e+02, 1.180000000000000071e+01, 8.595000000000000000e+04, 0.000000000000000000e+00, 0.000000000000000000e+00
1.000000000000000000e+04, 7.145000000000000000e+02, 1.359999999999999964e+01, 4.771000000000000000e+04, 0.000000000000000000e+00, 0.000000000000000000e+00
1.500000000000000000e+04, 4.688999999999999773e+02, 1.716000000000000014e+01, 1.613000000000000000e+04, 0.000000000000000000e+00, 0.000000000000000000e+00
2.000000000000000000e+04, 3.371999999999999886e+02, 1.962000000000000099e+01, 7.350000000000000000e+03, 0.000000000000000000e+00, 0.000000000000000000e+00
3.000000000000000000e+04, 1.955000000000000000e+02, 2.251999999999999957e+01, 2.385000000000000000e+03, 0.000000000000000000e+00, 0.000000000000000000e+00
4.000000000000000000e+04, 1.272000000000000028e+02, 2.403999999999999915e+01, 1.062000000000000000e+03, 0.000000000000000000e+00, 0.000000000000000000e+00
5.000000000000000000e+04, 9.048000000000000398e+01, 2.487000000000000099e+01, 3.422000000000000000e+03, 0.000000000000000000e+00, 0.000000000000000000e+00
6.000000000000000000e+04, 6.790000000000000568e+01, 2.528999999999999915e+01, 2.105000000000000000e+03, 0.000000000000000000e+00, 0.000000000000000000e+00
8.000000000000000000e+04, 4.209000000000000341e+01, 2.544999999999999929e+01, 9.582999999999999545e+02, 0.000000000000000000e+00, 0.000000000000000000e+00
1.000000000000000000e+05, 2.857000000000000028e+01, 2.514999999999999858e+01, 5.152000000000000455e+02, 0.000000000000000000e+00, 0.000000000000000000e+00
1.500000000000000000e+05, 1.391000000000000014e+01, 2.375000000000000000e+01, 1.645000000000000000e+02, 0.000000000000000000e+00, 0.000000000000000000e+00
2.000000000000000000e+05, 8.255000000000000782e+00, 2.228999999999999915e+01, 7.304000000000000625e+01, 0.000000000000000000e+00, 0.000000000000000000e+00
3.000000000000000000e+05, 3.870000000000000107e+00, 1.983999999999999986e+01, 2.373000000000000043e+01, 0.000000000000000000e+00, 0.000000000000000000e+00
4.000000000000000000e+05, 2.233000000000000096e+00, 1.796999999999999886e+01, 1.102999999999999936e+01, 0.000000000000000000e+00, 0.000000000000000000e+00
5.000000000000000000e+05, 1.451000000000000068e+00, 1.651999999999999957e+01, 6.251000000000000334e+00, 0.000000000000000000e+00, 0.000000000000000000e+00
6.000000000000000000e+05, 1.016999999999999904e+00, 1.533999999999999986e+01, 4.017000000000000348e+00, 0.000000000000000000e+00, 0.000000000000000000e+00
8.000000000000000000e+05, 5.790999999999999481e-01, 1.352999999999999936e+01, 2.088999999999999968e+00, 0.000000000000000000e+00, 0.000000000000000000e+00
1.000000000000000000e+06, 3.729999999999999982e-01, 1.218999999999999950e+01, 1.306000000000000050e+00, 0.000000000000000000e+00, 0.000000000000000000e+00
1.022000000000000000e+06, 3.573000000000000065e-01, 1.207000000000000028e+01, 1.250000000000000000e+00, 0.000000000000000000e+00, 0.000000000000000000e+00
1.250000000000000000e+06, 2.398000000000000131e-01, 1.091999999999999993e+01, 8.427000000000000046e-01, 5.063999999999999752e-02, 0.000000000000000000e+00
1.500000000000000000e+06, 1.670000000000000095e-01, 9.933999999999999275e+00, 6.026000000000000245e-01, 2.340000000000000135e-01, 0.000000000000000000e+00
2.000000000000000000e+06, 9.415999999999999370e-02, 8.486000000000000654e+00, 3.662000000000000255e-01, 7.713999999999999746e-01, 0.000000000000000000e+00
2.044000000000000000e+06, 9.017000000000000015e-02, 8.381999999999999673e+00, 3.532000000000000139e-01, 8.226999999999999869e-01, 0.000000000000000000e+00
3.000000000000000000e+06, 4.193999999999999811e-02, 6.682000000000000384e+00, 1.935999999999999943e-01, 1.901999999999999913e+00, 2.335999999999999969e-03
4.000000000000000000e+06, 2.360999999999999904e-02, 5.575999999999999623e+00, 1.279000000000000137e-01, 2.883000000000000007e+00, 9.528000000000000011e-03
5.000000000000000000e+06, 1.511000000000000017e-02, 4.815999999999999837e+00, 9.442000000000000393e-02, 3.725999999999999979e+00, 1.896000000000000116e-02
6.000000000000000000e+06, 1.050000000000000065e-02, 4.256999999999999673e+00, 7.439999999999999392e-02, 4.451999999999999957e+00, 2.909000000000000127e-02
7.000000000000000000e+06, 7.713000000000000238e-03, 3.826999999999999957e+00, 6.119999999999999746e-02, 5.096000000000000085e+00, 3.916000000000000036e-02
8.000000000000000000e+06, 5.905999999999999792e-03, 3.483000000000000096e+00, 5.188000000000000250e-02, 5.674000000000000377e+00, 4.891000000000000208e-02
9.000000000000000000e+06, 4.666000000000000009e-03, 3.201999999999999957e+00, 4.497000000000000303e-02, 6.198999999999999844e+00, 5.822999999999999704e-02
1.000000000000000000e+07, 3.779999999999999940e-03, 2.967000000000000082e+00, 3.966000000000000081e-02, 6.681000000000000050e+00, 6.708000000000000074e-02
1.100000000000000000e+07, 3.124000000000000041e-03, 2.766999999999999904e+00, 3.545000000000000234e-02, 7.125000000000000000e+00, 7.545000000000000318e-02
1.200000000000000000e+07, 2.625000000000000163e-03, 2.595000000000000195e+00, 3.203000000000000291e-02, 7.536999999999999922e+00, 8.333000000000000129e-02
1.300000000000000000e+07, 2.236999999999999839e-03, 2.444999999999999840e+00, 2.920999999999999985e-02, 7.921000000000000263e+00, 9.074999999999999734e-02
1.400000000000000000e+07, 1.928999999999999942e-03, 2.313000000000000167e+00, 2.683999999999999928e-02, 8.275999999999999801e+00, 9.780999999999999417e-02
1.500000000000000000e+07, 1.680000000000000070e-03, 2.196000000000000174e+00, 2.481999999999999831e-02, 8.605999999999999872e+00, 1.044999999999999957e-01
1.600000000000000000e+07, 1.477000000000000014e-03, 2.091000000000000192e+00, 2.307999999999999982e-02, 8.910999999999999588e+00, 1.107999999999999957e-01
1.800000000000000000e+07, 1.167000000000000069e-03, 1.911000000000000032e+00, 2.024000000000000105e-02, 9.464000000000000412e+00, 1.226000000000000006e-01
2.000000000000000000e+07, 9.451000000000000416e-04, 1.762000000000000011e+00, 1.801000000000000170e-02, 9.960000000000000853e+00, 1.332000000000000128e-01
2.200000000000000000e+07, 7.810999999999999584e-04, 1.637000000000000011e+00, 1.623000000000000137e-02, 1.041000000000000014e+01, 1.429999999999999882e-01
2.400000000000000000e+07, 6.562999999999999607e-04, 1.530000000000000027e+00, 1.476000000000000055e-02, 1.082000000000000028e+01, 1.519000000000000072e-01
2.600000000000000000e+07, 5.592000000000000399e-04, 1.435999999999999943e+00, 1.353999999999999995e-02, 1.118999999999999950e+01, 1.602000000000000091e-01
2.800000000000000000e+07, 4.822000000000000114e-04, 1.354999999999999982e+00, 1.250000000000000069e-02, 1.152999999999999936e+01, 1.678000000000000047e-01
3.000000000000000000e+07, 4.200000000000000174e-04, 1.282999999999999918e+00, 1.161000000000000053e-02, 1.184999999999999964e+01, 1.748999999999999999e-01
4.000000000000000000e+07, 2.362999999999999975e-04, 1.020000000000000018e+00, 8.560999999999999166e-03, 1.313000000000000078e+01, 2.043999999999999984e-01
5.000000000000000000e+07, 1.511999999999999889e-04, 8.510999999999999677e-01, 6.777000000000000038e-03, 1.408000000000000007e+01, 2.265999999999999959e-01
6.000000000000000000e+07, 1.050000000000000044e-04, 7.332999999999999519e-01, 5.608000000000000138e-03, 1.482000000000000028e+01, 2.442999999999999894e-01
8.000000000000000000e+07, 5.907000000000000195e-05, 5.784000000000000252e-01, 4.168999999999999963e-03, 1.591000000000000014e+01, 2.707999999999999852e-01
1.000000000000000000e+08, 3.779999999999999723e-05, 4.799999999999999822e-01, 3.318000000000000203e-03, 1.667999999999999972e+01, 2.901000000000000245e-01
1.500000000000000000e+08, 1.679999999999999839e-05, 3.417999999999999927e-01, 2.196000000000000035e-03, 1.792000000000000171e+01, 3.220000000000000084e-01
2.000000000000000000e+08, 9.450999999999999806e-06, 2.680000000000000160e-01, 1.641000000000000097e-03, 1.864999999999999858e+01, 3.420000000000000262e-01
3.000000000000000000e+08, 4.199999999999999598e-06, 1.900000000000000022e-01, 1.090000000000000040e-03, 1.951000000000000156e+01, 3.665999999999999814e-01
4.000000000000000000e+08, 2.363000000000000076e-06, 1.487999999999999878e-01, 8.161000000000000502e-04, 2.001000000000000156e+01, 3.814000000000000168e-01
5.000000000000000000e+08, 1.512000000000000093e-06, 1.232000000000000040e-01, 6.522000000000000236e-04, 2.032999999999999829e+01, 3.915000000000000147e-01
6.000000000000000000e+08, 1.049999999999999900e-06, 1.054999999999999966e-01, 5.431000000000000280e-04, 2.057000000000000028e+01, 3.988999999999999768e-01
8.000000000000000000e+08, 5.907000000000000153e-07, 8.236000000000000265e-02, 4.070000000000000267e-04, 2.087999999999999901e+01, 4.092999999999999972e-01
1.000000000000000000e+09, 3.780000000000000231e-07, 6.776000000000000079e-02, 3.253999999999999948e-04, 2.107999999999999829e+01, 4.162000000000000144e-01
1.500000000000000000e+09, 1.679999999999999956e-07, 4.732000000000000095e-02, 2.168000000000000114e-04, 2.137000000000000099e+01, 4.264999999999999902e-01
2.000000000000000000e+09, 9.451000000000000389e-08, 3.661999999999999977e-02, 1.624999999999999925e-04, 2.153000000000000114e+01, 4.324000000000000066e-01
3.000000000000000000e+09, 4.199999999999999889e-08, 2.545999999999999999e-02, 1.083000000000000033e-04, 2.169999999999999929e+01, 4.389000000000000123e-01
4.000000000000000000e+09, 2.363000000000000050e-08, 1.966000000000000039e-02, 8.121000000000000343e-05, 2.178999999999999915e+01, 4.426999999999999824e-01
5.000000000000000000e+09, 1.511999999999999907e-08, 1.607000000000000095e-02, 6.496000000000000147e-05, 2.185000000000000142e+01, 4.450000000000000067e-01
6.000000000000000000e+09, 1.049999999999999972e-08, 1.362999999999999975e-02, 5.412999999999999843e-05, 2.189000000000000057e+01, 4.466999999999999860e-01
8.000000000000000000e+09, 5.907000000000000385e-09, 1.050000000000000065e-02, 4.059999999999999753e-05, 2.194000000000000128e+01, 4.489000000000000212e-01
1.000000000000000000e+10, 3.779999999999999768e-09, 8.573000000000000759e-03, 3.246999999999999913e-05, 2.198000000000000043e+01, 4.502999999999999781e-01
1.500000000000000000e+10, 1.679999999999999989e-09, 5.924999999999999711e-03, 2.165000000000000108e-05, 2.201999999999999957e+01, 4.521999999999999909e-01
2.000000000000000000e+10, 9.450999999999999727e-10, 4.555000000000000021e-03, 1.624000000000000037e-05, 2.205000000000000071e+01, 4.532999999999999807e-01
3.000000000000000000e+10, 4.199999999999999972e-10, 3.141000000000000129e-03, 1.081999999999999974e-05, 2.207000000000000028e+01, 4.544000000000000261e-01
4.000000000000000000e+10, 2.363000000000000008e-10, 2.412000000000000081e-03, 8.117000000000000381e-06, 2.208999999999999986e+01, 4.551000000000000045e-01
5.000000000000000000e+10, 1.512000000000000052e-10, 1.964000000000000034e-03, 6.493999999999999996e-06, 2.210000000000000142e+01, 4.555000000000000160e-01
6.000000000000000000e+10, 1.049999999999999993e-10, 1.660000000000000017e-03, 5.411000000000000370e-06, 2.210000000000000142e+01, 4.556999999999999940e-01
8.000000000000000000e+10, 5.906999999999999609e-11, 1.273000000000000043e-03, 4.058999999999999593e-06, 2.210999999999999943e+01, 4.560000000000000164e-01
1.000000000000000000e+11, 3.780000000000000130e-11, 1.036000000000000029e-03, 3.246999999999999998e-06, 2.210999999999999943e+01, 4.562999999999999834e-01
