1.000000000000000000e+03, 1.403000000000000000e+03, 8.921999999999999931e-01, 1.259000000000000000e+06, 0.000000000000000000e+00, 0.000000000000000000e+00
1.500000000000000000e+03, 1.335000000000000000e+03, 1.641999999999999904e+00, 4.985000000000000000e+05, 0.000000000000000000e+00, 0.000000000000000000e+00
2.000000000000000000e+03, 1.257000000000000000e+03, 2.410000000000000142e+00, 2.496000000000000000e+05, 0.000000000000000000e+00, 0.000000000000000000e+00
3.000000000000000000e+03, 1.095000000000000000e+03, 3.891999999999999904e+00, 9.090000000000000000e+04, 0.000000000000000000e+00, 0.000000000000000000e+00
4.000000000000000000e+03, 9.466000000000000227e+02, 5.248000000000000220e+00, 2.328000000000000000e+05, 0.000000000000000000e+00, 0.000000000000000000e+00
5.000000000000000000e+03, 8.198999999999999773e+02, 6.488000000000000433e+00, 1.315000000000000000e+05, 0.000000000000000000e+00, 0.000000000000000000e+00
6.000000000000000000e+03, 7.157999999999999545e+02, 7.642999999999999794e+00, 8.186000000000000000e+04, 0.000000000000000000e+00, 0.000000000000000000e+00
8.000000000000000000e+03, 5.627999999999999545e+02, 9.714999999999999858e+00, 3.819000000000000000e+04, 0.000000000000000000e+00, 0.000000000000000000e+00
1.000000000000000000e+04, 4.591000000000000227e+02, 1.143999999999999950e+01, 2.089000000000000000e+04, 0.000000000000000000e+00, 0.000000000000000000e+00
1.500000000000000000e+04, 3.006000000000000227e+02, 1.450999999999999979e+01, 6.846000000000000000e+03, 0.000000000000000000e+00, 0.000000000000000000e+00
2.000000000000000000e+04, 2.085999999999999943e+02, 1.651000000000000156e+01, 3.063000000000000000e+03, 0.000000000000000000e+00, 0.000000000000000000e+00
3.000000000000000000e+04, 1.172000000000000028e+02, 1.892000000000000171e+01, 6.434000000000000000e+03, 0.000000000000000000e+00, 0.000000000000000000e+00
4.000000000000000000e+04, 7.656999999999999318e+01, 2.017000000000000171e+01, 2.983000000000000000e+03, 0.000000000000000000e+00, 0.000000000000000000e+00
5.000000000000000000e+04, 5.403999999999999915e+01, 2.082000000000000028e+01, 1.617000000000000000e+03, 0.000000000000000000e+00, 0.000000000000000000e+00
6.000000000000000000e+04, 4.002000000000000313e+01, 2.112000000000000099e+01, 9.717000000000000455e+02, 0.000000000000000000e+00, 0.000000000000000000e+00
8.000000000000000000e+04, 2.444000000000000128e+01, 2.112999999999999901e+01, 4.291999999999999886e+02, 0.000000000000000000e+00, 0.000000000000000000e+00
1.000000000000000000e+05, 1.653999999999999915e+01, 2.078000000000000114e+01, 2.259000000000000057e+02, 0.000000000000000000e+00, 0.000000000000000000e+00
1.500000000000000000e+05, 8.025999999999999801e+00, 1.951000000000000156e+01, 6.965999999999999659e+01, 0.000000000000000000e+00, 0.000000000000000000e+00
2.000000000000000000e+05, 4.725999999999999979e+00, 1.825000000000000000e+01, 3.026000000000000156e+01, 0.000000000000000000e+00, 0.000000000000000000e+00
3.000000000000000000e+05, 2.193000000000000060e+00, 1.619000000000000128e+01, 9.564000000000000057e+00, 0.000000000000000000e+00, 0.000000000000000000e+00
4.000000000000000000e+05, 1.260000000000000009e+00, 1.463000000000000078e+01, 4.368000000000000327e+00, 0.000000000000000000e+00, 0.000000000000000000e+00
5.000000000000000000e+05, 8.165000000000000036e-01, 1.342999999999999972e+01, 2.448999999999999844e+00, 0.000000000000000000e+00, 0.000000000000000000e+00
6.000000000000000000e+05, 5.715000000000000080e-01, 1.247000000000000064e+01, 1.562000000000000055e+00, 0.000000000000000000e+00, 0.000000000000000000e+00
8.000000000000000000e+05, 3.242999999999999772e-01, 1.099000000000000021e+01, 8.058999999999999497e-01, 0.000000000000000000e+00, 0.000000000000000000e+00
1.000000000000000000e+06, 2.084999999999999909e-01, 9.894000000000000128e+00, 5.028000000000000247e-01, 0.000000000000000000e+00, 0.000000000000000000e+00
1.022000000000000000e+06, 1.996999999999999886e-01, 9.789999999999999147e+00, 4.783999999999999919e-01, 0.000000000000000000e+00, 0.000000000000000000e+00
1.250000000000000000e+06, 1.338999999999999913e-01, 8.856999999999999318e+00, 3.227999999999999758e-01, 2.871999999999999900e-02, 0.000000000000000000e+00
1.500000000000000000e+06, 9.311999999999999444e-02, 8.055999999999999162e+00, 2.313999999999999946e-01, 1.343999999999999917e-01, 0.000000000000000000e+00
2.000000000000000000e+06, 5.247000000000000275e-02, 6.879999999999999893e+00, 1.411000000000000032e-01, 4.660000000000000253e-01, 0.000000000000000000e+00
2.044000000000000000e+06, 5.023999999999999994e-02, 6.794999999999999929e+00, 1.360999999999999988e-01, 4.986999999999999766e-01, 0.000000000000000000e+00
3.000000000000000000e+06, 2.334999999999999923e-02, 5.416000000000000369e+00, 7.512000000000000621e-02, 1.207000000000000073e+00, 1.894999999999999983e-03
4.000000000000000000e+06, 1.314000000000000064e-02, 4.519000000000000128e+00, 4.991000000000000297e-02, 1.868999999999999995e+00, 7.728999999999999759e-03
5.000000000000000000e+06, 8.411999999999999339e-03, 3.903000000000000025e+00, 3.699000000000000205e-02, 2.443999999999999950e+00, 1.538999999999999917e-02
6.000000000000000000e+06, 5.843000000000000103e-03, 3.450000000000000178e+00, 2.923999999999999863e-02, 2.940999999999999837e+00, 2.360999999999999904e-02
7.000000000000000000e+06, 4.292999999999999941e-03, 3.100999999999999979e+00, 2.410999999999999949e-02, 3.383999999999999897e+00, 3.180000000000000188e-02
8.000000000000000000e+06, 3.286999999999999991e-03, 2.822000000000000064e+00, 2.048000000000000168e-02, 3.782999999999999918e+00, 3.973000000000000143e-02
9.000000000000000000e+06, 2.596999999999999916e-03, 2.595000000000000195e+00, 1.778000000000000067e-02, 4.145999999999999908e+00, 4.730999999999999789e-02
1.000000000000000000e+07, 2.103999999999999967e-03, 2.403999999999999915e+00, 1.569999999999999868e-02, 4.477999999999999758e+00, 5.451999999999999902e-02
1.100000000000000000e+07, 1.739000000000000094e-03, 2.241999999999999993e+00, 1.404999999999999999e-02, 4.783000000000000362e+00, 6.133999999999999869e-02
1.200000000000000000e+07, 1.461000000000000059e-03, 2.103000000000000203e+00, 1.271000000000000081e-02, 5.064000000000000057e+00, 6.776000000000000079e-02
1.300000000000000000e+07, 1.245000000000000013e-03, 1.981000000000000094e+00, 1.159999999999999920e-02, 5.323999999999999844e+00, 7.381999999999999673e-02
1.400000000000000000e+07, 1.072999999999999952e-03, 1.874000000000000110e+00, 1.065999999999999934e-02, 5.564000000000000057e+00, 7.958999999999999408e-02
1.500000000000000000e+07, 9.349999999999999587e-04, 1.778999999999999915e+00, 9.868999999999999301e-03, 5.785000000000000142e+00, 8.504000000000000448e-02
1.600000000000000000e+07, 8.218000000000000261e-04, 1.695000000000000062e+00, 9.181999999999999190e-03, 5.993000000000000327e+00, 9.021999999999999464e-02
1.800000000000000000e+07, 6.493000000000000074e-04, 1.548999999999999932e+00, 8.059999999999999457e-03, 6.373000000000000220e+00, 9.982000000000000595e-02
2.000000000000000000e+07, 5.259999999999999919e-04, 1.427999999999999936e+00, 7.179999999999999750e-03, 6.711999999999999744e+00, 1.086000000000000021e-01
2.200000000000000000e+07, 4.346999999999999953e-04, 1.326999999999999957e+00, 6.472999999999999587e-03, 7.019999999999999574e+00, 1.165000000000000063e-01
2.400000000000000000e+07, 3.652999999999999889e-04, 1.239999999999999991e+00, 5.891999999999999668e-03, 7.299999999999999822e+00, 1.238999999999999962e-01
2.600000000000000000e+07, 3.111999999999999749e-04, 1.163999999999999924e+00, 5.406000000000000215e-03, 7.554999999999999716e+00, 1.307000000000000106e-01
2.800000000000000000e+07, 2.684000000000000188e-04, 1.098000000000000087e+00, 4.994000000000000175e-03, 7.788000000000000256e+00, 1.368999999999999939e-01
3.000000000000000000e+07, 2.337999999999999909e-04, 1.040000000000000036e+00, 4.640000000000000027e-03, 8.003999999999999559e+00, 1.428000000000000103e-01
4.000000000000000000e+07, 1.314999999999999980e-04, 8.263000000000000345e-01, 3.425000000000000093e-03, 8.878000000000000114e+00, 1.670000000000000095e-01
5.000000000000000000e+07, 8.415999999999999382e-05, 6.896999999999999797e-01, 2.713999999999999833e-03, 9.525999999999999801e+00, 1.854000000000000092e-01
6.000000000000000000e+07, 5.844000000000000290e-05, 5.943000000000000504e-01, 2.246999999999999865e-03, 1.002999999999999936e+01, 2.000000000000000111e-01
8.000000000000000000e+07, 3.287000000000000208e-05, 4.687000000000000055e-01, 1.672000000000000092e-03, 1.077999999999999936e+01, 2.218999999999999861e-01
1.000000000000000000e+08, 2.103999999999999845e-05, 3.890000000000000124e-01, 1.330999999999999935e-03, 1.131000000000000050e+01, 2.379000000000000004e-01
1.500000000000000000e+08, 9.350000000000000265e-06, 2.770000000000000240e-01, 8.813999999999999569e-04, 1.215000000000000036e+01, 2.644000000000000239e-01
2.000000000000000000e+08, 5.258999999999999962e-06, 2.172000000000000042e-01, 6.589000000000000239e-04, 1.265000000000000036e+01, 2.808999999999999830e-01
3.000000000000000000e+08, 2.337999999999999892e-06, 1.539000000000000090e-01, 4.378000000000000164e-04, 1.324000000000000021e+01, 3.012000000000000233e-01
4.000000000000000000e+08, 1.314999999999999903e-06, 1.205999999999999989e-01, 3.277999999999999989e-04, 1.357000000000000028e+01, 3.133000000000000229e-01
5.000000000000000000e+08, 8.415000000000000112e-07, 9.979999999999999982e-02, 2.620000000000000258e-04, 1.378999999999999915e+01, 3.215000000000000080e-01
6.000000000000000000e+08, 5.843999999999999655e-07, 8.544999999999999818e-02, 2.181999999999999912e-04, 1.394999999999999929e+01, 3.276000000000000023e-01
8.000000000000000000e+08, 3.287000000000000250e-07, 6.673999999999999377e-02, 1.634999999999999897e-04, 1.416000000000000014e+01, 3.358999999999999764e-01
1.000000000000000000e+09, 2.104000000000000047e-07, 5.491000000000000048e-02, 1.307000000000000056e-04, 1.430000000000000071e+01, 3.415000000000000258e-01
1.500000000000000000e+09, 9.349999999999999683e-08, 3.835000000000000214e-02, 8.710000000000000294e-05, 1.450000000000000000e+01, 3.497000000000000108e-01
2.000000000000000000e+09, 5.259000000000000306e-08, 2.968000000000000152e-02, 6.530000000000000160e-05, 1.459999999999999964e+01, 3.543000000000000038e-01
3.000000000000000000e+09, 2.338000000000000157e-08, 2.063999999999999863e-02, 4.351999999999999668e-05, 1.472000000000000064e+01, 3.593999999999999972e-01
4.000000000000000000e+09, 1.315000000000000029e-08, 1.592999999999999972e-02, 3.263999999999999920e-05, 1.477999999999999936e+01, 3.623000000000000109e-01
5.000000000000000000e+09, 8.414999999999999582e-09, 1.302000000000000032e-02, 2.610999999999999904e-05, 1.482000000000000028e+01, 3.640999999999999792e-01
6.000000000000000000e+09, 5.844000000000000085e-09, 1.103999999999999947e-02, 2.175000000000000013e-05, 1.484999999999999964e+01, 3.654000000000000026e-01
8.000000000000000000e+09, 3.286999999999999920e-09, 8.507999999999999938e-03, 1.631000000000000139e-05, 1.488000000000000078e+01, 3.670999999999999819e-01
1.000000000000000000e+10, 2.104000000000000179e-09, 6.947000000000000050e-03, 1.305000000000000042e-05, 1.491000000000000014e+01, 3.682000000000000273e-01
1.500000000000000000e+10, 9.349999999999999765e-10, 4.800999999999999712e-03, 8.699999999999999712e-06, 1.493999999999999950e+01, 3.695999999999999841e-01
2.000000000000000000e+10, 5.259000000000000141e-10, 3.690999999999999837e-03, 6.523999999999999709e-06, 1.496000000000000085e+01, 3.704999999999999960e-01
3.000000000000000000e+10, 2.338000000000000095e-10, 2.544999999999999953e-03, 4.349000000000000204e-06, 1.497000000000000064e+01, 3.713000000000000189e-01
4.000000000000000000e+10, 1.315000000000000112e-10, 1.954000000000000008e-03, 3.261999999999999855e-06, 1.498000000000000043e+01, 3.718000000000000194e-01
5.000000000000000000e+10, 8.415000000000000151e-11, 1.590999999999999966e-03, 2.609999999999999998e-06, 1.499000000000000021e+01, 3.720999999999999863e-01
6.000000000000000000e+10, 5.843999999999999413e-11, 1.345000000000000058e-03, 2.174999999999999928e-06, 1.499000000000000021e+01, 3.723000000000000198e-01
8.000000000000000000e+10, 3.286999999999999868e-11, 1.031000000000000015e-03, 1.630999999999999927e-06, 1.500000000000000000e+01, 3.724999999999999978e-01
1.000000000000000000e+11, 2.103999999999999921e-11, 8.392000000000000154e-04, 1.304999999999999999e-06, 1.500000000000000000e+01, 3.726999999999999758e-01
