1.000000000000000000e+03, 5.693999999999999773e+02, 7.145000000000000240e-01, 1.681000000000000000e+05, 0.000000000000000000e+00, 0.000000000000000000e+00
1.500000000000000000e+03, 5.402000000000000455e+02, 1.294000000000000039e+00, 5.233000000000000000e+05, 0.000000000000000000e+00, 0.000000000000000000e+00
2.000000000000000000e+03, 5.078000000000000114e+02, 1.846000000000000085e+00, 2.573000000000000000e+05, 0.000000000000000000e+00, 0.000000000000000000e+00
3.000000000000000000e+03, 4.435000000000000000e+02, 2.863999999999999879e+00, 8.980000000000000000e+04, 0.000000000000000000e+00, 0.000000000000000000e+00
4.000000000000000000e+03, 3.841999999999999886e+02, 3.825000000000000178e+00, 4.159000000000000000e+04, 0.000000000000000000e+00, 0.000000000000000000e+00
5.000000000000000000e+03, 3.316000000000000227e+02, 4.727999999999999758e+00, 2.266000000000000000e+04, 0.000000000000000000e+00, 0.000000000000000000e+00
6.000000000000000000e+03, 2.861000000000000227e+02, 5.562000000000000277e+00, 1.372000000000000000e+04, 0.000000000000000000e+00, 0.000000000000000000e+00
8.000000000000000000e+03, 2.158000000000000114e+02, 7.032000000000000028e+00, 6.155000000000000000e+03, 0.000000000000000000e+00, 0.000000000000000000e+00
1.000000000000000000e+04, 1.674000000000000057e+02, 8.268000000000000682e+00, 2.513000000000000000e+04, 0.000000000000000000e+00, 0.000000000000000000e+00
1.500000000000000000e+04, 1.012999999999999972e+02, 1.049000000000000021e+01, 8.702000000000000000e+03, 0.000000000000000000e+00, 0.000000000000000000e+00
2.000000000000000000e+04, 6.962999999999999545e+01, 1.184999999999999964e+01, 3.957000000000000000e+03, 0.000000000000000000e+00, 0.000000000000000000e+00
3.000000000000000000e+04, 3.885999999999999943e+01, 1.333000000000000007e+01, 1.258000000000000000e+03, 0.000000000000000000e+00, 0.000000000000000000e+00
4.000000000000000000e+04, 2.453000000000000114e+01, 1.399000000000000021e+01, 5.461000000000000227e+02, 0.000000000000000000e+00, 0.000000000000000000e+00
5.000000000000000000e+04, 1.692999999999999972e+01, 1.424000000000000021e+01, 2.828999999999999773e+02, 0.000000000000000000e+00, 0.000000000000000000e+00
6.000000000000000000e+04, 1.246000000000000085e+01, 1.427999999999999936e+01, 1.644000000000000057e+02, 0.000000000000000000e+00, 0.000000000000000000e+00
8.000000000000000000e+04, 7.607999999999999652e+00, 1.408999999999999986e+01, 6.912999999999999545e+01, 0.000000000000000000e+00, 0.000000000000000000e+00
1.000000000000000000e+05, 5.133000000000000007e+00, 1.374000000000000021e+01, 3.513000000000000256e+01, 0.000000000000000000e+00, 0.000000000000000000e+00
1.500000000000000000e+05, 2.440999999999999837e+00, 1.275999999999999979e+01, 1.022000000000000064e+01, 0.000000000000000000e+00, 0.000000000000000000e+00
2.000000000000000000e+05, 1.417999999999999927e+00, 1.185999999999999943e+01, 4.283000000000000362e+00, 0.000000000000000000e+00, 0.000000000000000000e+00
3.000000000000000000e+05, 6.506999999999999451e-01, 1.044999999999999929e+01, 1.294000000000000039e+00, 0.000000000000000000e+00, 0.000000000000000000e+00
4.000000000000000000e+05, 3.714999999999999969e-01, 9.410999999999999588e+00, 5.753000000000000336e-01, 0.000000000000000000e+00, 0.000000000000000000e+00
5.000000000000000000e+05, 2.396000000000000074e-01, 8.618999999999999773e+00, 3.170999999999999930e-01, 0.000000000000000000e+00, 0.000000000000000000e+00
6.000000000000000000e+05, 1.671999999999999875e-01, 7.988000000000000433e+00, 2.001000000000000001e-01, 0.000000000000000000e+00, 0.000000000000000000e+00
8.000000000000000000e+05, 9.446999999999999842e-02, 7.030999999999999694e+00, 1.021999999999999992e-01, 0.000000000000000000e+00, 0.000000000000000000e+00
1.000000000000000000e+06, 6.060000000000000109e-02, 6.326999999999999957e+00, 6.357999999999999763e-02, 0.000000000000000000e+00, 0.000000000000000000e+00
1.022000000000000000e+06, 5.802999999999999825e-02, 6.259999999999999787e+00, 6.040000000000000230e-02, 0.000000000000000000e+00, 0.000000000000000000e+00
1.250000000000000000e+06, 3.885000000000000259e-02, 5.660999999999999588e+00, 4.082999999999999824e-02, 9.178999999999999659e-03, 0.000000000000000000e+00
1.500000000000000000e+06, 2.699999999999999969e-02, 5.147000000000000242e+00, 2.939999999999999905e-02, 4.585999999999999799e-02, 0.000000000000000000e+00
2.000000000000000000e+06, 1.519999999999999997e-02, 4.394000000000000128e+00, 1.807999999999999885e-02, 1.713999999999999968e-01, 0.000000000000000000e+00
2.044000000000000000e+06, 1.455000000000000043e-02, 4.339999999999999858e+00, 1.745999999999999983e-02, 1.842000000000000026e-01, 0.000000000000000000e+00
3.000000000000000000e+06, 6.759000000000000251e-03, 3.458000000000000185e+00, 9.773000000000000437e-03, 4.706000000000000183e-01, 1.209999999999999921e-03
4.000000000000000000e+06, 3.802999999999999957e-03, 2.884999999999999787e+00, 6.563000000000000257e-03, 7.479999999999999982e-01, 4.939999999999999947e-03
5.000000000000000000e+06, 2.433999999999999966e-03, 2.491999999999999993e+00, 4.902000000000000107e-03, 9.925000000000000488e-01, 9.839000000000000523e-03
6.000000000000000000e+06, 1.690000000000000096e-03, 2.201999999999999957e+00, 3.897999999999999989e-03, 1.209000000000000075e+00, 1.511000000000000017e-02
7.000000000000000000e+06, 1.242000000000000048e-03, 1.979999999999999982e+00, 3.229000000000000099e-03, 1.401999999999999913e+00, 2.035000000000000003e-02
8.000000000000000000e+06, 9.508999999999999658e-04, 1.802000000000000046e+00, 2.752999999999999805e-03, 1.576000000000000068e+00, 2.544000000000000081e-02
9.000000000000000000e+06, 7.514000000000000496e-04, 1.655999999999999917e+00, 2.396999999999999825e-03, 1.733000000000000096e+00, 3.031999999999999973e-02
1.000000000000000000e+07, 6.086000000000000481e-04, 1.534999999999999920e+00, 2.122000000000000188e-03, 1.875000000000000000e+00, 3.495000000000000190e-02
1.100000000000000000e+07, 5.029999999999999749e-04, 1.431000000000000050e+00, 1.902999999999999961e-03, 2.004000000000000004e+00, 3.933999999999999997e-02
1.200000000000000000e+07, 4.226999999999999746e-04, 1.342000000000000082e+00, 1.724000000000000055e-03, 2.123000000000000220e+00, 4.347999999999999782e-02
1.300000000000000000e+07, 3.601000000000000251e-04, 1.264999999999999902e+00, 1.575999999999999927e-03, 2.232000000000000206e+00, 4.739000000000000157e-02
1.400000000000000000e+07, 3.105000000000000121e-04, 1.195999999999999952e+00, 1.451000000000000033e-03, 2.334000000000000075e+00, 5.111999999999999877e-02
1.500000000000000000e+07, 2.705000000000000156e-04, 1.135999999999999899e+00, 1.345000000000000058e-03, 2.428999999999999826e+00, 5.464999999999999719e-02
1.600000000000000000e+07, 2.377000000000000044e-04, 1.082000000000000073e+00, 1.252000000000000075e-03, 2.517999999999999794e+00, 5.800999999999999907e-02
1.800000000000000000e+07, 1.878999999999999865e-04, 9.886000000000000343e-01, 1.100999999999999982e-03, 2.681999999999999940e+00, 6.424000000000000543e-02
2.000000000000000000e+07, 1.522000000000000132e-04, 9.116999999999999549e-01, 9.825000000000000833e-04, 2.827999999999999847e+00, 6.991999999999999604e-02
2.200000000000000000e+07, 1.257999999999999949e-04, 8.467999999999999972e-01, 8.867999999999999798e-04, 2.959999999999999964e+00, 7.513000000000000234e-02
2.400000000000000000e+07, 1.056999999999999943e-04, 7.913000000000000034e-01, 8.080000000000000160e-04, 3.079000000000000181e+00, 7.993000000000000105e-02
2.600000000000000000e+07, 9.003000000000000369e-05, 7.429999999999999938e-01, 7.420999999999999862e-04, 3.189000000000000057e+00, 8.436000000000000443e-02
2.800000000000000000e+07, 7.763000000000000044e-05, 7.008999999999999675e-01, 6.861000000000000345e-04, 3.289000000000000146e+00, 8.848999999999999921e-02
3.000000000000000000e+07, 6.763000000000000131e-05, 6.636999999999999567e-01, 6.378999999999999471e-04, 3.382000000000000117e+00, 9.232999999999999541e-02
4.000000000000000000e+07, 3.804000000000000171e-05, 5.273999999999999799e-01, 4.719999999999999803e-04, 3.761000000000000121e+00, 1.082999999999999935e-01
5.000000000000000000e+07, 2.434000000000000074e-05, 4.401999999999999802e-01, 3.744999999999999957e-04, 4.044999999999999929e+00, 1.205999999999999989e-01
6.000000000000000000e+07, 1.690999999999999903e-05, 3.793000000000000260e-01, 3.104000000000000097e-04, 4.266000000000000014e+00, 1.302999999999999992e-01
8.000000000000000000e+07, 9.508999999999999929e-06, 2.990999999999999770e-01, 2.312000000000000090e-04, 4.594999999999999751e+00, 1.451000000000000068e-01
1.000000000000000000e+08, 6.085999999999999837e-06, 2.482999999999999929e-01, 1.842000000000000050e-04, 4.828999999999999737e+00, 1.559000000000000108e-01
1.500000000000000000e+08, 2.704999999999999936e-06, 1.768000000000000127e-01, 1.221000000000000134e-04, 5.203000000000000291e+00, 1.738999999999999990e-01
2.000000000000000000e+08, 1.520999999999999922e-06, 1.386000000000000010e-01, 9.134000000000000300e-05, 5.426000000000000156e+00, 1.852000000000000035e-01
3.000000000000000000e+08, 6.761999999999999802e-07, 9.826000000000000012e-02, 6.073000000000000300e-05, 5.685999999999999943e+00, 1.991999999999999882e-01
4.000000000000000000e+08, 3.803999999999999917e-07, 7.696000000000000063e-02, 4.547999999999999824e-05, 5.834999999999999964e+00, 2.074999999999999900e-01
5.000000000000000000e+08, 2.434000000000000222e-07, 6.370000000000000662e-02, 3.635000000000000264e-05, 5.932999999999999829e+00, 2.132999999999999896e-01
6.000000000000000000e+08, 1.690999999999999988e-07, 5.453999999999999820e-02, 3.028000000000000147e-05, 6.003999999999999559e+00, 2.174999999999999989e-01
8.000000000000000000e+08, 9.508999999999999982e-08, 4.259999999999999898e-02, 2.269000000000000129e-05, 6.097000000000000419e+00, 2.232999999999999985e-01
1.000000000000000000e+09, 6.086000000000000366e-08, 3.504999999999999782e-02, 1.815000000000000071e-05, 6.158000000000000362e+00, 2.272000000000000131e-01
1.500000000000000000e+09, 2.705000000000000068e-08, 2.447999999999999829e-02, 1.208999999999999944e-05, 6.245000000000000107e+00, 2.330000000000000127e-01
2.000000000000000000e+09, 1.520999999999999855e-08, 1.893999999999999850e-02, 9.065999999999999257e-06, 6.293000000000000149e+00, 2.363000000000000100e-01
3.000000000000000000e+09, 6.761999999999999603e-09, 1.316999999999999942e-02, 6.041999999999999919e-06, 6.344000000000000306e+00, 2.398000000000000131e-01
4.000000000000000000e+09, 3.803999999999999685e-09, 1.017000000000000022e-02, 4.531000000000000325e-06, 6.371999999999999886e+00, 2.419000000000000039e-01
5.000000000000000000e+09, 2.434000000000000073e-09, 8.312999999999999209e-03, 3.623999999999999946e-06, 6.389000000000000234e+00, 2.431999999999999995e-01
6.000000000000000000e+09, 1.691000000000000054e-09, 7.048999999999999710e-03, 3.019999999999999885e-06, 6.400999999999999801e+00, 2.441000000000000114e-01
8.000000000000000000e+09, 9.509000000000000974e-10, 5.431000000000000064e-03, 2.264999999999999913e-06, 6.416999999999999815e+00, 2.452999999999999903e-01
1.000000000000000000e+10, 6.086000000000000490e-10, 4.433999999999999574e-03, 1.811999999999999973e-06, 6.426999999999999602e+00, 2.461000000000000132e-01
1.500000000000000000e+10, 2.704999999999999965e-10, 3.063999999999999883e-03, 1.207999999999999911e-06, 6.440999999999999837e+00, 2.470999999999999863e-01
2.000000000000000000e+10, 1.520999999999999969e-10, 2.356000000000000021e-03, 9.058999999999999790e-07, 6.448000000000000398e+00, 2.477999999999999925e-01
3.000000000000000000e+10, 6.761999999999999500e-11, 1.624999999999999925e-03, 6.038999999999999482e-07, 6.456000000000000405e+00, 2.482999999999999929e-01
4.000000000000000000e+10, 3.803999999999999866e-11, 1.247000000000000062e-03, 4.528999999999999858e-07, 6.459999999999999964e+00, 2.487000000000000044e-01
5.000000000000000000e+10, 2.434000000000000009e-11, 1.015999999999999976e-03, 3.623000000000000083e-07, 6.463000000000000078e+00, 2.489000000000000101e-01
6.000000000000000000e+10, 1.690999999999999964e-11, 8.586000000000000533e-04, 3.019000000000000233e-07, 6.464999999999999858e+00, 2.490999999999999881e-01
8.000000000000000000e+10, 9.509000000000000780e-12, 6.583999999999999575e-04, 2.264999999999999966e-07, 6.466999999999999638e+00, 2.492000000000000048e-01
1.000000000000000000e+11, 6.085999999999999715e-12, 5.356000000000000084e-04, 1.812000000000000079e-07, 6.467999999999999972e+00, 2.492999999999999938e-01
