1.000000000000000000e+03, 8.903999999999999773e+02, 1.223000000000000087e+00, 5.074000000000000000e+05, 0.000000000000000000e+00, 0.000000000000000000e+00
1.500000000000000000e+03, 8.338999999999999773e+02, 1.941000000000000059e+00, 1.951000000000000000e+05, 0.000000000000000000e+00, 0.000000000000000000e+00
2.000000000000000000e+03, 7.792999999999999545e+02, 2.604000000000000092e+00, 3.760000000000000000e+05, 0.000000000000000000e+00, 0.000000000000000000e+00
3.000000000000000000e+03, 6.792000000000000455e+02, 3.866999999999999993e+00, 2.213000000000000000e+05, 0.000000000000000000e+00, 0.000000000000000000e+00
4.000000000000000000e+03, 5.912000000000000455e+02, 5.027000000000000135e+00, 1.056000000000000000e+05, 0.000000000000000000e+00, 0.000000000000000000e+00
5.000000000000000000e+03, 5.172000000000000455e+02, 6.083999999999999631e+00, 5.852000000000000000e+04, 0.000000000000000000e+00, 0.000000000000000000e+00
6.000000000000000000e+03, 4.563000000000000114e+02, 7.025999999999999801e+00, 3.585000000000000000e+04, 0.000000000000000000e+00, 0.000000000000000000e+00
8.000000000000000000e+03, 3.626000000000000227e+02, 8.601000000000000867e+00, 1.636000000000000000e+04, 0.000000000000000000e+00, 0.000000000000000000e+00
1.000000000000000000e+04, 2.930000000000000000e+02, 9.885999999999999233e+00, 8.825000000000000000e+03, 0.000000000000000000e+00, 0.000000000000000000e+00
1.500000000000000000e+04, 1.816999999999999886e+02, 1.233999999999999986e+01, 2.831000000000000000e+03, 0.000000000000000000e+00, 0.000000000000000000e+00
2.000000000000000000e+04, 1.235999999999999943e+02, 1.402999999999999936e+01, 9.154000000000000000e+03, 0.000000000000000000e+00, 0.000000000000000000e+00
3.000000000000000000e+04, 6.998999999999999488e+01, 1.601000000000000156e+01, 3.051000000000000000e+03, 0.000000000000000000e+00, 0.000000000000000000e+00
4.000000000000000000e+04, 4.517000000000000171e+01, 1.696999999999999886e+01, 1.366000000000000000e+03, 0.000000000000000000e+00, 0.000000000000000000e+00
5.000000000000000000e+04, 3.135999999999999943e+01, 1.742000000000000171e+01, 7.231000000000000227e+02, 0.000000000000000000e+00, 0.000000000000000000e+00
6.000000000000000000e+04, 2.305000000000000071e+01, 1.757999999999999829e+01, 4.270000000000000000e+02, 0.000000000000000000e+00, 0.000000000000000000e+00
8.000000000000000000e+04, 1.405000000000000071e+01, 1.746000000000000085e+01, 1.840000000000000000e+02, 0.000000000000000000e+00, 0.000000000000000000e+00
1.000000000000000000e+05, 9.513999999999999346e+00, 1.710000000000000142e+01, 9.509999999999999432e+01, 0.000000000000000000e+00, 0.000000000000000000e+00
1.500000000000000000e+05, 4.580000000000000071e+00, 1.597000000000000064e+01, 2.846999999999999886e+01, 0.000000000000000000e+00, 0.000000000000000000e+00
2.000000000000000000e+05, 2.677000000000000046e+00, 1.490000000000000036e+01, 1.214000000000000057e+01, 0.000000000000000000e+00, 0.000000000000000000e+00
3.000000000000000000e+05, 1.233999999999999986e+00, 1.316000000000000014e+01, 3.748000000000000220e+00, 0.000000000000000000e+00, 0.000000000000000000e+00
4.000000000000000000e+05, 7.067999999999999838e-01, 1.188000000000000078e+01, 1.687999999999999945e+00, 0.000000000000000000e+00, 0.000000000000000000e+00
5.000000000000000000e+05, 4.570000000000000173e-01, 1.089000000000000057e+01, 9.376999999999999780e-01, 0.000000000000000000e+00, 0.000000000000000000e+00
6.000000000000000000e+05, 3.192999999999999727e-01, 1.009999999999999964e+01, 5.947000000000000064e-01, 0.000000000000000000e+00, 0.000000000000000000e+00
8.000000000000000000e+05, 1.807999999999999885e-01, 8.894999999999999574e+00, 3.050999999999999823e-01, 0.000000000000000000e+00, 0.000000000000000000e+00
1.000000000000000000e+06, 1.160999999999999949e-01, 8.006999999999999673e+00, 1.900999999999999912e-01, 0.000000000000000000e+00, 0.000000000000000000e+00
1.022000000000000000e+06, 1.111999999999999933e-01, 7.923000000000000043e+00, 1.806999999999999995e-01, 0.000000000000000000e+00, 0.000000000000000000e+00
1.250000000000000000e+06, 7.446999999999999453e-02, 7.166000000000000369e+00, 1.219999999999999973e-01, 1.648000000000000159e-02, 0.000000000000000000e+00
1.500000000000000000e+06, 5.176999999999999658e-02, 6.517000000000000348e+00, 8.767999999999999405e-02, 7.971000000000000307e-02, 0.000000000000000000e+00
2.000000000000000000e+06, 2.915999999999999842e-02, 5.564000000000000057e+00, 5.367999999999999855e-02, 2.878000000000000003e-01, 0.000000000000000000e+00
2.044000000000000000e+06, 2.792000000000000037e-02, 5.496000000000000441e+00, 5.181000000000000189e-02, 3.084999999999999964e-01, 0.000000000000000000e+00
3.000000000000000000e+06, 1.297000000000000063e-02, 4.379999999999999893e+00, 2.878999999999999962e-02, 7.695999999999999508e-01, 1.533000000000000074e-03
4.000000000000000000e+06, 7.297999999999999800e-03, 3.653999999999999915e+00, 1.922000000000000097e-02, 1.209000000000000075e+00, 6.254000000000000010e-03
5.000000000000000000e+06, 4.671999999999999938e-03, 3.156000000000000139e+00, 1.430000000000000021e-02, 1.594000000000000083e+00, 1.244999999999999926e-02
6.000000000000000000e+06, 3.243999999999999922e-03, 2.790000000000000036e+00, 1.133999999999999939e-02, 1.931000000000000050e+00, 1.910999999999999852e-02
7.000000000000000000e+06, 2.383999999999999835e-03, 2.507000000000000117e+00, 9.369999999999999857e-03, 2.232000000000000206e+00, 2.574999999999999858e-02
8.000000000000000000e+06, 1.825000000000000016e-03, 2.282000000000000028e+00, 7.974000000000000185e-03, 2.501999999999999780e+00, 3.218000000000000027e-02
9.000000000000000000e+06, 1.441999999999999922e-03, 2.097999999999999865e+00, 6.934000000000000059e-03, 2.748000000000000220e+00, 3.833000000000000296e-02
1.000000000000000000e+07, 1.167999999999999984e-03, 1.943999999999999950e+00, 6.130000000000000032e-03, 2.971999999999999975e+00, 4.417999999999999705e-02
1.100000000000000000e+07, 9.654000000000000472e-04, 1.812999999999999945e+00, 5.491000000000000221e-03, 3.177000000000000046e+00, 4.972000000000000031e-02
1.200000000000000000e+07, 8.111999999999999853e-04, 1.699999999999999956e+00, 4.971999999999999857e-03, 3.365000000000000213e+00, 5.494000000000000272e-02
1.300000000000000000e+07, 6.911999999999999958e-04, 1.602000000000000091e+00, 4.540999999999999898e-03, 3.539000000000000146e+00, 5.986999999999999961e-02
1.400000000000000000e+07, 5.959999999999999586e-04, 1.514999999999999902e+00, 4.178000000000000290e-03, 3.697999999999999954e+00, 6.456000000000000627e-02
1.500000000000000000e+07, 5.192000000000000434e-04, 1.439000000000000057e+00, 3.869000000000000043e-03, 3.846999999999999975e+00, 6.900000000000000577e-02
1.600000000000000000e+07, 4.562999999999999782e-04, 1.370000000000000107e+00, 3.602000000000000167e-03, 3.986000000000000210e+00, 7.323000000000000342e-02
1.800000000000000000e+07, 3.605999999999999830e-04, 1.252000000000000002e+00, 3.164000000000000146e-03, 4.240000000000000213e+00, 8.105999999999999317e-02
2.000000000000000000e+07, 2.919999999999999961e-04, 1.155000000000000027e+00, 2.821000000000000157e-03, 4.467999999999999972e+00, 8.819000000000000450e-02
2.200000000000000000e+07, 2.414000000000000130e-04, 1.072999999999999954e+00, 2.544999999999999953e-03, 4.676000000000000156e+00, 9.471999999999999864e-02
2.400000000000000000e+07, 2.027999999999999963e-04, 1.002000000000000002e+00, 2.318000000000000182e-03, 4.863999999999999879e+00, 1.006999999999999978e-01
2.600000000000000000e+07, 1.727999999999999990e-04, 9.411000000000000476e-01, 2.126999999999999984e-03, 5.035999999999999588e+00, 1.063000000000000056e-01
2.800000000000000000e+07, 1.489999999999999897e-04, 8.878000000000000336e-01, 1.965999999999999866e-03, 5.193999999999999950e+00, 1.113999999999999990e-01
3.000000000000000000e+07, 1.298000000000000109e-04, 8.407000000000000028e-01, 1.827000000000000065e-03, 5.339000000000000412e+00, 1.161999999999999977e-01
4.000000000000000000e+07, 7.300999999999999385e-05, 6.680000000000000382e-01, 1.350999999999999987e-03, 5.931000000000000050e+00, 1.360999999999999988e-01
5.000000000000000000e+07, 4.673000000000000152e-05, 5.575999999999999845e-01, 1.070999999999999903e-03, 6.370000000000000107e+00, 1.512999999999999901e-01
6.000000000000000000e+07, 3.245000000000000271e-05, 4.804999999999999827e-01, 8.871999999999999895e-04, 6.711999999999999744e+00, 1.633000000000000007e-01
8.000000000000000000e+07, 1.824999999999999976e-05, 3.789000000000000146e-01, 6.604000000000000061e-04, 7.217999999999999972e+00, 1.814999999999999947e-01
1.000000000000000000e+08, 1.167999999999999998e-05, 3.145000000000000018e-01, 5.259000000000000436e-04, 7.576999999999999957e+00, 1.947000000000000119e-01
1.500000000000000000e+08, 5.191999999999999587e-06, 2.240000000000000047e-01, 3.485000000000000142e-04, 8.148999999999999133e+00, 2.167999999999999927e-01
2.000000000000000000e+08, 2.919999999999999995e-06, 1.756000000000000061e-01, 2.605999999999999918e-04, 8.490000000000000213e+00, 2.306999999999999884e-01
3.000000000000000000e+08, 1.297999999999999897e-06, 1.244999999999999996e-01, 1.732000000000000087e-04, 8.887999999999999901e+00, 2.479000000000000092e-01
4.000000000000000000e+08, 7.301000000000000062e-07, 9.747999999999999721e-02, 1.297000000000000084e-04, 9.117000000000000881e+00, 2.581999999999999851e-01
5.000000000000000000e+08, 4.672000000000000013e-07, 8.068999999999999784e-02, 1.036999999999999999e-04, 9.266999999999999460e+00, 2.654000000000000248e-01
6.000000000000000000e+08, 3.244999999999999742e-07, 6.908999999999999864e-02, 8.634000000000000344e-05, 9.375000000000000000e+00, 2.706000000000000072e-01
8.000000000000000000e+08, 1.824999999999999997e-07, 5.396000000000000102e-02, 6.470000000000000057e-05, 9.519000000000000128e+00, 2.778999999999999804e-01
1.000000000000000000e+09, 1.168000000000000003e-07, 4.438999999999999890e-02, 5.174000000000000268e-05, 9.612000000000000099e+00, 2.827999999999999958e-01
1.500000000000000000e+09, 5.191999999999999772e-08, 3.099999999999999978e-02, 3.447000000000000031e-05, 9.746999999999999886e+00, 2.902000000000000135e-01
2.000000000000000000e+09, 2.920000000000000008e-08, 2.399000000000000091e-02, 2.585000000000000153e-05, 9.820000000000000284e+00, 2.943999999999999950e-01
3.000000000000000000e+09, 1.297999999999999943e-08, 1.668000000000000038e-02, 1.722999999999999936e-05, 9.898999999999999133e+00, 2.989999999999999880e-01
4.000000000000000000e+09, 7.301000000000000327e-09, 1.288000000000000082e-02, 1.291999999999999997e-05, 9.942000000000000171e+00, 3.017000000000000237e-01
5.000000000000000000e+09, 4.672000000000000410e-09, 1.052999999999999943e-02, 1.032999999999999935e-05, 9.968999999999999417e+00, 3.034000000000000030e-01
6.000000000000000000e+09, 3.244999999999999858e-09, 8.928999999999999437e-03, 8.610000000000000574e-06, 9.987999999999999545e+00, 3.045999999999999819e-01
8.000000000000000000e+09, 1.825000000000000005e-09, 6.878999999999999698e-03, 6.457000000000000181e-06, 1.000999999999999979e+01, 3.062000000000000277e-01
1.000000000000000000e+10, 1.168000000000000103e-09, 5.616999999999999597e-03, 5.164999999999999676e-06, 1.002999999999999936e+01, 3.071999999999999731e-01
1.500000000000000000e+10, 5.192000000000000269e-10, 3.882000000000000034e-03, 3.442999999999999900e-06, 1.005000000000000071e+01, 3.085999999999999854e-01
2.000000000000000000e+10, 2.920000000000000256e-10, 2.984000000000000107e-03, 2.582000000000000012e-06, 1.006000000000000050e+01, 3.094000000000000083e-01
3.000000000000000000e+10, 1.298000000000000067e-10, 2.057999999999999934e-03, 1.721999999999999988e-06, 1.007000000000000028e+01, 3.101999999999999758e-01
4.000000000000000000e+10, 7.301000000000000172e-11, 1.580000000000000024e-03, 1.291000000000000006e-06, 1.008000000000000007e+01, 3.106999999999999762e-01
5.000000000000000000e+10, 4.672000000000000126e-11, 1.286999999999999950e-03, 1.033000000000000105e-06, 1.008000000000000007e+01, 3.109999999999999987e-01
6.000000000000000000e+10, 3.245000000000000168e-11, 1.087999999999999991e-03, 8.607999999999999788e-07, 1.008999999999999986e+01, 3.111999999999999766e-01
8.000000000000000000e+10, 1.825000000000000160e-11, 8.339999999999999974e-04, 6.456000000000000106e-07, 1.008999999999999986e+01, 3.114000000000000101e-01
1.000000000000000000e+11, 1.168000000000000031e-11, 6.784999999999999582e-04, 5.165000000000000523e-07, 1.008999999999999986e+01, 3.114999999999999991e-01
