1.000000000000000000e+03, 6.853999999999999773e+02, 7.228999999999999870e-01, 2.632000000000000000e+05, 0.000000000000000000e+00, 0.000000000000000000e+00
1.500000000000000000e+03, 6.462999999999999545e+02, 1.356000000000000094e+00, 6.495000000000000000e+05, 0.000000000000000000e+00, 0.000000000000000000e+00
2.000000000000000000e+03, 6.037999999999999545e+02, 1.995999999999999996e+00, 3.641000000000000000e+05, 0.000000000000000000e+00, 0.000000000000000000e+00
3.000000000000000000e+03, 5.237000000000000455e+02, 3.185999999999999943e+00, 1.300000000000000000e+05, 0.000000000000000000e+00, 0.000000000000000000e+00
4.000000000000000000e+03, 4.560000000000000000e+02, 4.235000000000000320e+00, 6.076000000000000000e+04, 0.000000000000000000e+00, 0.000000000000000000e+00
5.000000000000000000e+03, 3.988999999999999773e+02, 5.165000000000000036e+00, 3.330000000000000000e+04, 0.000000000000000000e+00, 0.000000000000000000e+00
6.000000000000000000e+03, 3.498000000000000114e+02, 6.008000000000000007e+00, 2.025000000000000000e+04, 0.000000000000000000e+00, 0.000000000000000000e+00
8.000000000000000000e+03, 2.706999999999999886e+02, 7.493000000000000327e+00, 9.143000000000000000e+03, 0.000000000000000000e+00, 0.000000000000000000e+00
1.000000000000000000e+04, 2.126999999999999886e+02, 8.753000000000000114e+00, 4.898000000000000000e+03, 0.000000000000000000e+00, 0.000000000000000000e+00
1.500000000000000000e+04, 1.285999999999999943e+02, 1.111999999999999922e+01, 1.212000000000000000e+04, 0.000000000000000000e+00, 0.000000000000000000e+00
2.000000000000000000e+04, 8.795000000000000284e+01, 1.265000000000000036e+01, 5.578000000000000000e+03, 0.000000000000000000e+00, 0.000000000000000000e+00
3.000000000000000000e+04, 4.957000000000000028e+01, 1.433999999999999986e+01, 1.809000000000000000e+03, 0.000000000000000000e+00, 0.000000000000000000e+00
4.000000000000000000e+04, 3.150000000000000000e+01, 1.511999999999999922e+01, 7.945000000000000000e+02, 0.000000000000000000e+00, 0.000000000000000000e+00
5.000000000000000000e+04, 2.175000000000000000e+01, 1.544999999999999929e+01, 4.150000000000000000e+02, 0.000000000000000000e+00, 0.000000000000000000e+00
6.000000000000000000e+04, 1.598000000000000043e+01, 1.553999999999999915e+01, 2.425999999999999943e+02, 0.000000000000000000e+00, 0.000000000000000000e+00
8.000000000000000000e+04, 9.755000000000000782e+00, 1.536999999999999922e+01, 1.030000000000000000e+02, 0.000000000000000000e+00, 0.000000000000000000e+00
1.000000000000000000e+05, 6.594000000000000306e+00, 1.500999999999999979e+01, 5.267999999999999972e+01, 0.000000000000000000e+00, 0.000000000000000000e+00
1.500000000000000000e+05, 3.150999999999999801e+00, 1.397000000000000064e+01, 1.550999999999999979e+01, 0.000000000000000000e+00, 0.000000000000000000e+00
2.000000000000000000e+05, 1.834000000000000075e+00, 1.300999999999999979e+01, 6.536999999999999922e+00, 0.000000000000000000e+00, 0.000000000000000000e+00
3.000000000000000000e+05, 8.431999999999999496e-01, 1.147000000000000064e+01, 1.991000000000000103e+00, 0.000000000000000000e+00, 0.000000000000000000e+00
4.000000000000000000e+05, 4.819999999999999840e-01, 1.033999999999999986e+01, 8.897000000000000464e-01, 0.000000000000000000e+00, 0.000000000000000000e+00
5.000000000000000000e+05, 3.110999999999999877e-01, 9.471999999999999531e+00, 4.919000000000000039e-01, 0.000000000000000000e+00, 0.000000000000000000e+00
6.000000000000000000e+05, 2.172000000000000042e-01, 8.781000000000000583e+00, 3.110999999999999877e-01, 0.000000000000000000e+00, 0.000000000000000000e+00
8.000000000000000000e+05, 1.228000000000000064e-01, 7.730000000000000426e+00, 1.590999999999999914e-01, 0.000000000000000000e+00, 0.000000000000000000e+00
1.000000000000000000e+06, 7.882999999999999730e-02, 6.956999999999999851e+00, 9.901999999999999691e-02, 0.000000000000000000e+00, 0.000000000000000000e+00
1.022000000000000000e+06, 7.549000000000000155e-02, 6.884000000000000341e+00, 9.410999999999999921e-02, 0.000000000000000000e+00, 0.000000000000000000e+00
1.250000000000000000e+06, 5.054000000000000159e-02, 6.225999999999999979e+00, 6.357999999999999763e-02, 1.158000000000000002e-02, 0.000000000000000000e+00
1.500000000000000000e+06, 3.513000000000000150e-02, 5.660999999999999588e+00, 4.574999999999999900e-02, 5.713000000000000023e-02, 0.000000000000000000e+00
2.000000000000000000e+06, 1.977999999999999897e-02, 4.833000000000000185e+00, 2.808000000000000079e-02, 2.107999999999999874e-01, 0.000000000000000000e+00
2.044000000000000000e+06, 1.893999999999999850e-02, 4.774000000000000021e+00, 2.711999999999999827e-02, 2.262000000000000122e-01, 0.000000000000000000e+00
3.000000000000000000e+06, 8.796999999999999265e-03, 3.803999999999999826e+00, 1.512999999999999935e-02, 5.732000000000000428e-01, 1.330999999999999935e-03
4.000000000000000000e+06, 4.950000000000000407e-03, 3.173000000000000043e+00, 1.013999999999999971e-02, 9.074999999999999734e-01, 5.433000000000000329e-03
5.000000000000000000e+06, 3.167999999999999809e-03, 2.741000000000000103e+00, 7.561000000000000013e-03, 1.201999999999999957e+00, 1.081999999999999976e-02
6.000000000000000000e+06, 2.200000000000000133e-03, 2.423000000000000043e+00, 6.004999999999999921e-03, 1.459999999999999964e+00, 1.660999999999999976e-02
7.000000000000000000e+06, 1.616999999999999948e-03, 2.177999999999999936e+00, 4.969999999999999592e-03, 1.691000000000000059e+00, 2.238000000000000059e-02
8.000000000000000000e+06, 1.237999999999999951e-03, 1.981999999999999984e+00, 4.233999999999999916e-03, 1.899000000000000021e+00, 2.796999999999999834e-02
9.000000000000000000e+06, 9.779999999999999197e-04, 1.822000000000000064e+00, 3.684999999999999908e-03, 2.088000000000000078e+00, 3.332999999999999852e-02
1.000000000000000000e+07, 7.921999999999999572e-04, 1.687999999999999945e+00, 3.259999999999999877e-03, 2.258999999999999897e+00, 3.842000000000000276e-02
1.100000000000000000e+07, 6.547000000000000302e-04, 1.574000000000000066e+00, 2.922000000000000118e-03, 2.415000000000000036e+00, 4.324000000000000066e-02
1.200000000000000000e+07, 5.500999999999999814e-04, 1.477000000000000091e+00, 2.647000000000000047e-03, 2.557999999999999829e+00, 4.778999999999999915e-02
1.300000000000000000e+07, 4.687000000000000085e-04, 1.391000000000000014e+00, 2.419000000000000143e-03, 2.689000000000000057e+00, 5.208000000000000129e-02
1.400000000000000000e+07, 4.042000000000000128e-04, 1.316000000000000059e+00, 2.226999999999999813e-03, 2.810999999999999943e+00, 5.616999999999999771e-02
1.500000000000000000e+07, 3.520999999999999933e-04, 1.249000000000000110e+00, 2.063000000000000164e-03, 2.924999999999999822e+00, 6.004000000000000309e-02
1.600000000000000000e+07, 3.093999999999999854e-04, 1.189999999999999947e+00, 1.920999999999999965e-03, 3.032000000000000028e+00, 6.372999999999999499e-02
1.800000000000000000e+07, 2.444999999999999799e-04, 1.086999999999999966e+00, 1.688999999999999963e-03, 3.226999999999999869e+00, 7.055999999999999772e-02
2.000000000000000000e+07, 1.980999999999999905e-04, 1.002999999999999892e+00, 1.505999999999999960e-03, 3.400999999999999801e+00, 7.678999999999999715e-02
2.200000000000000000e+07, 1.636999999999999946e-04, 9.314000000000000057e-01, 1.358999999999999965e-03, 3.560000000000000053e+00, 8.250000000000000389e-02
2.400000000000000000e+07, 1.375000000000000083e-04, 8.703999999999999515e-01, 1.237999999999999951e-03, 3.704000000000000181e+00, 8.774999999999999467e-02
2.600000000000000000e+07, 1.172000000000000027e-04, 8.173000000000000265e-01, 1.136999999999999990e-03, 3.834999999999999964e+00, 9.260999999999999788e-02
2.800000000000000000e+07, 1.010000000000000020e-04, 7.710000000000000187e-01, 1.051000000000000068e-03, 3.955999999999999961e+00, 9.712999999999999412e-02
3.000000000000000000e+07, 8.802000000000000091e-05, 7.300999999999999712e-01, 9.768999999999999472e-04, 4.067999999999999616e+00, 1.013000000000000012e-01
4.000000000000000000e+07, 4.950999999999999862e-05, 5.800999999999999490e-01, 7.226000000000000001e-04, 4.522000000000000242e+00, 1.188000000000000028e-01
5.000000000000000000e+07, 3.169000000000000321e-05, 4.843000000000000083e-01, 5.731999999999999465e-04, 4.860999999999999766e+00, 1.320999999999999952e-01
6.000000000000000000e+07, 2.199999999999999943e-05, 4.172000000000000153e-01, 4.749999999999999990e-04, 5.125000000000000000e+00, 1.426999999999999935e-01
8.000000000000000000e+07, 1.238000000000000005e-05, 3.291000000000000036e-01, 3.536999999999999780e-04, 5.517000000000000348e+00, 1.587999999999999967e-01
1.000000000000000000e+08, 7.920999999999999209e-06, 2.731000000000000094e-01, 2.818000000000000192e-04, 5.794999999999999929e+00, 1.705000000000000127e-01
1.500000000000000000e+08, 3.520999999999999831e-06, 1.945000000000000062e-01, 1.867999999999999869e-04, 6.238000000000000433e+00, 1.900000000000000022e-01
2.000000000000000000e+08, 1.980000000000000101e-06, 1.524999999999999967e-01, 1.397000000000000075e-04, 6.501999999999999780e+00, 2.021999999999999909e-01
3.000000000000000000e+08, 8.801999999999999540e-07, 1.081000000000000016e-01, 9.284999999999999363e-05, 6.809999999999999609e+00, 2.172999999999999932e-01
4.000000000000000000e+08, 4.951000000000000328e-07, 8.465000000000000302e-02, 6.952999999999999329e-05, 6.987000000000000099e+00, 2.263999999999999901e-01
5.000000000000000000e+08, 3.168999999999999856e-07, 7.008000000000000340e-02, 5.557999999999999979e-05, 7.102999999999999758e+00, 2.326000000000000012e-01
6.000000000000000000e+08, 2.200000000000000112e-07, 5.999999999999999778e-02, 4.628999999999999895e-05, 7.185999999999999943e+00, 2.371999999999999942e-01
8.000000000000000000e+08, 1.238000000000000101e-07, 4.685999999999999888e-02, 3.469000000000000160e-05, 7.296999999999999709e+00, 2.434999999999999942e-01
1.000000000000000000e+09, 7.921000000000000585e-08, 3.855000000000000093e-02, 2.773999999999999868e-05, 7.368999999999999773e+00, 2.477000000000000035e-01
1.500000000000000000e+09, 3.521000000000000228e-08, 2.691999999999999948e-02, 1.847999999999999925e-05, 7.472999999999999865e+00, 2.539000000000000146e-01
2.000000000000000000e+09, 1.979999999999999863e-08, 2.084000000000000088e-02, 1.385999999999999944e-05, 7.530000000000000249e+00, 2.575000000000000067e-01
3.000000000000000000e+09, 8.802000000000000004e-09, 1.448999999999999941e-02, 9.235999999999999324e-06, 7.591000000000000192e+00, 2.612999999999999767e-01
4.000000000000000000e+09, 4.950999999999999964e-09, 1.118000000000000070e-02, 6.926000000000000265e-06, 7.623999999999999666e+00, 2.636000000000000010e-01
5.000000000000000000e+09, 3.169000000000000120e-09, 9.143999999999999351e-03, 5.540999999999999973e-06, 7.644000000000000128e+00, 2.650000000000000133e-01
6.000000000000000000e+09, 2.199999999999999848e-09, 7.753999999999999608e-03, 4.617000000000000010e-06, 7.658999999999999808e+00, 2.659000000000000252e-01
8.000000000000000000e+09, 1.238000000000000068e-09, 5.974000000000000143e-03, 3.462000000000000057e-06, 7.677999999999999936e+00, 2.671999999999999931e-01
1.000000000000000000e+10, 7.920999999999999840e-10, 4.878000000000000391e-03, 2.770000000000000161e-06, 7.689000000000000057e+00, 2.681000000000000050e-01
1.500000000000000000e+10, 3.521000000000000042e-10, 3.370999999999999865e-03, 1.845999999999999986e-06, 7.706000000000000405e+00, 2.691999999999999948e-01
2.000000000000000000e+10, 1.979999999999999883e-10, 2.592000000000000120e-03, 1.385000000000000080e-06, 7.714999999999999858e+00, 2.697999999999999843e-01
3.000000000000000000e+10, 8.801999999999999693e-11, 1.786999999999999960e-03, 9.232000000000000082e-07, 7.724000000000000199e+00, 2.703999999999999737e-01
4.000000000000000000e+10, 4.950999999999999886e-11, 1.371999999999999956e-03, 6.924000000000000326e-07, 7.729000000000000092e+00, 2.707999999999999852e-01
5.000000000000000000e+10, 3.169000000000000249e-11, 1.116999999999999937e-03, 5.539000000000000034e-07, 7.732000000000000206e+00, 2.711000000000000076e-01
6.000000000000000000e+10, 2.200000000000000158e-11, 9.445000000000000270e-04, 4.616000000000000041e-07, 7.733999999999999986e+00, 2.711999999999999966e-01
8.000000000000000000e+10, 1.238000000000000016e-11, 7.242000000000000390e-04, 3.462000000000000163e-07, 7.737000000000000099e+00, 2.713999999999999746e-01
1.000000000000000000e+11, 7.921000000000000681e-12, 5.892000000000000102e-04, 2.768999999999999980e-07, 7.738000000000000433e+00, 2.715000000000000191e-01
