1.000000000000000000e+03, 4.304000000000000000e+03, 1.233999999999999986e+00, 1.788000000000000000e+06, 0.000000000000000000e+00, 0.000000000000000000e+00
1.500000000000000000e+03, 4.132000000000000000e+03, 2.270999999999999908e+00, 8.066000000000000000e+05, 0.000000000000000000e+00, 0.000000000000000000e+00
2.000000000000000000e+03, 3.935000000000000000e+03, 3.310000000000000053e+00, 4.383000000000000000e+05, 0.000000000000000000e+00, 0.000000000000000000e+00
3.000000000000000000e+03, 3.533000000000000000e+03, 5.246000000000000441e+00, 6.725000000000000000e+05, 0.000000000000000000e+00, 0.000000000000000000e+00
4.000000000000000000e+03, 3.158000000000000000e+03, 7.009000000000000341e+00, 4.273000000000000000e+05, 0.000000000000000000e+00, 0.000000000000000000e+00
5.000000000000000000e+03, 2.824000000000000000e+03, 8.654999999999999361e+00, 2.485000000000000000e+05, 0.000000000000000000e+00, 0.000000000000000000e+00
6.000000000000000000e+03, 2.533000000000000000e+03, 1.022000000000000064e+01, 1.582000000000000000e+05, 0.000000000000000000e+00, 0.000000000000000000e+00
8.000000000000000000e+03, 2.065000000000000000e+03, 1.309999999999999964e+01, 7.660000000000000000e+04, 0.000000000000000000e+00, 0.000000000000000000e+00
1.000000000000000000e+04, 1.714000000000000000e+03, 1.561999999999999922e+01, 4.322000000000000000e+04, 0.000000000000000000e+00, 0.000000000000000000e+00
1.500000000000000000e+04, 1.138000000000000000e+03, 2.037000000000000099e+01, 3.723000000000000000e+04, 0.000000000000000000e+00, 0.000000000000000000e+00
2.000000000000000000e+04, 8.043999999999999773e+02, 2.373000000000000043e+01, 2.889000000000000000e+04, 0.000000000000000000e+00, 0.000000000000000000e+00
3.000000000000000000e+04, 4.738000000000000114e+02, 2.830999999999999872e+01, 9.929000000000000000e+03, 0.000000000000000000e+00, 0.000000000000000000e+00
4.000000000000000000e+04, 3.166000000000000227e+02, 3.103000000000000114e+01, 4.593000000000000000e+03, 0.000000000000000000e+00, 0.000000000000000000e+00
5.000000000000000000e+04, 2.251999999999999886e+02, 3.260999999999999943e+01, 2.509000000000000000e+03, 0.000000000000000000e+00, 0.000000000000000000e+00
6.000000000000000000e+04, 1.685999999999999943e+02, 3.349000000000000199e+01, 1.525000000000000000e+03, 0.000000000000000000e+00, 0.000000000000000000e+00
8.000000000000000000e+04, 1.059000000000000057e+02, 3.414000000000000057e+01, 6.923999999999999773e+02, 0.000000000000000000e+00, 0.000000000000000000e+00
1.000000000000000000e+05, 7.320000000000000284e+01, 3.403999999999999915e+01, 1.802000000000000000e+03, 0.000000000000000000e+00, 0.000000000000000000e+00
1.500000000000000000e+05, 3.610000000000000142e+01, 3.263000000000000256e+01, 6.243999999999999773e+02, 0.000000000000000000e+00, 0.000000000000000000e+00
2.000000000000000000e+05, 2.153999999999999915e+01, 3.085000000000000142e+01, 2.911999999999999886e+02, 0.000000000000000000e+00, 0.000000000000000000e+00
3.000000000000000000e+05, 1.027999999999999936e+01, 2.764999999999999858e+01, 1.007999999999999972e+02, 0.000000000000000000e+00, 0.000000000000000000e+00
4.000000000000000000e+05, 6.008000000000000007e+00, 2.514999999999999858e+01, 4.875999999999999801e+01, 0.000000000000000000e+00, 0.000000000000000000e+00
5.000000000000000000e+05, 3.934000000000000163e+00, 2.317000000000000171e+01, 2.841000000000000014e+01, 0.000000000000000000e+00, 0.000000000000000000e+00
6.000000000000000000e+05, 2.773000000000000131e+00, 2.155000000000000071e+01, 1.860000000000000142e+01, 0.000000000000000000e+00, 0.000000000000000000e+00
8.000000000000000000e+05, 1.590000000000000080e+00, 1.905000000000000071e+01, 9.878000000000000114e+00, 0.000000000000000000e+00, 0.000000000000000000e+00
1.000000000000000000e+06, 1.028999999999999915e+00, 1.717999999999999972e+01, 6.225999999999999979e+00, 0.000000000000000000e+00, 0.000000000000000000e+00
1.022000000000000000e+06, 9.858999999999999986e-01, 1.701000000000000156e+01, 5.958999999999999631e+00, 0.000000000000000000e+00, 0.000000000000000000e+00
1.250000000000000000e+06, 6.642000000000000126e-01, 1.540000000000000036e+01, 4.019999999999999574e+00, 1.300999999999999934e-01, 0.000000000000000000e+00
1.500000000000000000e+06, 4.636000000000000121e-01, 1.401999999999999957e+01, 2.862999999999999989e+00, 6.215000000000000524e-01, 0.000000000000000000e+00
2.000000000000000000e+06, 2.624000000000000221e-01, 1.198000000000000043e+01, 1.731999999999999984e+00, 1.875000000000000000e+00, 0.000000000000000000e+00
2.044000000000000000e+06, 2.513000000000000234e-01, 1.183999999999999986e+01, 1.669999999999999929e+00, 1.985000000000000098e+00, 0.000000000000000000e+00
3.000000000000000000e+06, 1.171999999999999986e-01, 9.439999999999999503e+00, 9.053999999999999826e-01, 4.102000000000000313e+00, 3.298000000000000150e-03
4.000000000000000000e+06, 6.603000000000000536e-02, 7.878999999999999559e+00, 5.927000000000000046e-01, 5.891000000000000014e+00, 1.344000000000000056e-02
5.000000000000000000e+06, 4.229999999999999732e-02, 6.806000000000000050e+00, 4.344000000000000083e-01, 7.389000000000000234e+00, 2.673000000000000029e-02
6.000000000000000000e+06, 2.938999999999999946e-02, 6.017000000000000348e+00, 3.403999999999999804e-01, 8.679999999999999716e+00, 4.098000000000000254e-02
7.000000000000000000e+06, 2.160000000000000114e-02, 5.408999999999999808e+00, 2.787999999999999923e-01, 9.816000000000000725e+00, 5.512999999999999845e-02
8.000000000000000000e+06, 1.653999999999999915e-02, 4.923000000000000043e+00, 2.354999999999999871e-01, 1.083999999999999986e+01, 6.882000000000000617e-02
9.000000000000000000e+06, 1.307000000000000002e-02, 4.525999999999999801e+00, 2.034999999999999865e-01, 1.176999999999999957e+01, 8.187999999999999445e-02
1.000000000000000000e+07, 1.059000000000000045e-02, 4.192999999999999616e+00, 1.789999999999999925e-01, 1.263000000000000078e+01, 9.427000000000000657e-02
1.100000000000000000e+07, 8.750000000000000833e-03, 3.911000000000000032e+00, 1.597000000000000086e-01, 1.341999999999999993e+01, 1.059999999999999970e-01
1.200000000000000000e+07, 7.353000000000000161e-03, 3.668000000000000149e+00, 1.439999999999999891e-01, 1.416000000000000014e+01, 1.170000000000000068e-01
1.300000000000000000e+07, 6.265999999999999868e-03, 3.455999999999999961e+00, 1.310999999999999943e-01, 1.484999999999999964e+01, 1.272999999999999965e-01
1.400000000000000000e+07, 5.402999999999999817e-03, 3.270000000000000018e+00, 1.203000000000000042e-01, 1.550000000000000000e+01, 1.371999999999999886e-01
1.500000000000000000e+07, 4.707000000000000246e-03, 3.104000000000000092e+00, 1.111000000000000043e-01, 1.610000000000000142e+01, 1.464000000000000024e-01
1.600000000000000000e+07, 4.137000000000000052e-03, 2.955999999999999961e+00, 1.032000000000000001e-01, 1.666000000000000014e+01, 1.552000000000000046e-01
1.800000000000000000e+07, 3.269000000000000204e-03, 2.701999999999999957e+00, 9.032999999999999363e-02, 1.767999999999999972e+01, 1.715000000000000135e-01
2.000000000000000000e+07, 2.648000000000000180e-03, 2.491999999999999993e+00, 8.029000000000000026e-02, 1.858999999999999986e+01, 1.862999999999999934e-01
2.200000000000000000e+07, 2.187999999999999841e-03, 2.314000000000000057e+00, 7.223000000000000254e-02, 1.941000000000000014e+01, 1.996999999999999886e-01
2.400000000000000000e+07, 1.838999999999999923e-03, 2.162999999999999812e+00, 6.564000000000000390e-02, 2.016000000000000014e+01, 2.121000000000000107e-01
2.600000000000000000e+07, 1.567000000000000033e-03, 2.031000000000000139e+00, 6.013999999999999901e-02, 2.083999999999999986e+01, 2.233999999999999875e-01
2.800000000000000000e+07, 1.350999999999999987e-03, 1.915999999999999925e+00, 5.548999999999999766e-02, 2.146999999999999886e+01, 2.338999999999999968e-01
3.000000000000000000e+07, 1.177000000000000095e-03, 1.814000000000000057e+00, 5.149999999999999717e-02, 2.205000000000000071e+01, 2.437000000000000000e-01
4.000000000000000000e+07, 6.620000000000000450e-04, 1.441000000000000059e+00, 3.787000000000000088e-02, 2.442000000000000171e+01, 2.837000000000000077e-01
5.000000000000000000e+07, 4.236999999999999989e-04, 1.203000000000000069e+00, 2.992999999999999827e-02, 2.617000000000000171e+01, 3.138000000000000234e-01
6.000000000000000000e+07, 2.941999999999999954e-04, 1.036999999999999922e+00, 2.474000000000000157e-02, 2.753000000000000114e+01, 3.373999999999999777e-01
8.000000000000000000e+07, 1.655000000000000113e-04, 8.175999999999999934e-01, 1.837000000000000091e-02, 2.953000000000000114e+01, 3.726999999999999758e-01
1.000000000000000000e+08, 1.058999999999999991e-04, 6.785999999999999810e-01, 1.460000000000000013e-02, 3.094000000000000128e+01, 3.981000000000000094e-01
1.500000000000000000e+08, 4.708000000000000325e-05, 4.833000000000000074e-01, 9.655999999999999653e-03, 3.315999999999999659e+01, 4.395999999999999908e-01
2.000000000000000000e+08, 2.648000000000000058e-05, 3.789000000000000146e-01, 7.211999999999999661e-03, 3.447999999999999687e+01, 4.652000000000000024e-01
3.000000000000000000e+08, 1.177000000000000081e-05, 2.686000000000000054e-01, 4.787999999999999722e-03, 3.600999999999999801e+01, 4.963000000000000189e-01
4.000000000000000000e+08, 6.620000000000000145e-06, 2.102999999999999869e-01, 3.582999999999999814e-03, 3.689000000000000057e+01, 5.147000000000000464e-01
5.000000000000000000e+08, 4.237000000000000260e-06, 1.741000000000000048e-01, 2.863000000000000093e-03, 3.746000000000000085e+01, 5.272000000000000020e-01
6.000000000000000000e+08, 2.941999999999999954e-06, 1.491000000000000103e-01, 2.383999999999999835e-03, 3.786999999999999744e+01, 5.362999999999999989e-01
8.000000000000000000e+08, 1.655000000000000036e-06, 1.164000000000000035e-01, 1.786000000000000044e-03, 3.842000000000000171e+01, 5.487999999999999545e-01
1.000000000000000000e+09, 1.058999999999999940e-06, 9.579000000000000015e-02, 1.428000000000000016e-03, 3.877000000000000313e+01, 5.570000000000000506e-01
1.500000000000000000e+09, 4.708000000000000071e-07, 6.690000000000000113e-02, 9.512000000000000273e-04, 3.928000000000000114e+01, 5.693000000000000282e-01
2.000000000000000000e+09, 2.647999999999999889e-07, 5.177999999999999964e-02, 7.131000000000000403e-04, 3.956000000000000227e+01, 5.762000000000000455e-01
3.000000000000000000e+09, 1.177000000000000018e-07, 3.599999999999999728e-02, 4.752000000000000039e-04, 3.985999999999999943e+01, 5.836000000000000076e-01
4.000000000000000000e+09, 6.619999999999999722e-08, 2.778999999999999873e-02, 3.562999999999999869e-04, 4.002000000000000313e+01, 5.880999999999999561e-01
5.000000000000000000e+09, 4.237000000000000154e-08, 2.272000000000000061e-02, 2.849999999999999886e-04, 4.011999999999999744e+01, 5.907999999999999918e-01
6.000000000000000000e+09, 2.942000000000000139e-08, 1.926999999999999894e-02, 2.374999999999999995e-04, 4.018999999999999773e+01, 5.926000000000000156e-01
8.000000000000000000e+09, 1.654999999999999930e-08, 1.484000000000000076e-02, 1.780999999999999923e-04, 4.028000000000000114e+01, 5.950999999999999623e-01
1.000000000000000000e+10, 1.058999999999999921e-08, 1.212000000000000056e-02, 1.424999999999999943e-04, 4.034000000000000341e+01, 5.967000000000000082e-01
1.500000000000000000e+10, 4.707999999999999872e-09, 8.375999999999999765e-03, 9.496999999999999366e-05, 4.042000000000000171e+01, 5.987999999999999989e-01
2.000000000000000000e+10, 2.647999999999999955e-09, 6.440000000000000412e-03, 7.122999999999999395e-05, 4.046999999999999886e+01, 6.000999999999999668e-01
3.000000000000000000e+10, 1.176999999999999968e-09, 4.440999999999999635e-03, 4.747999999999999942e-05, 4.050999999999999801e+01, 6.012999999999999456e-01
4.000000000000000000e+10, 6.619999999999999887e-10, 3.409000000000000138e-03, 3.560999999999999956e-05, 4.053000000000000114e+01, 6.019999999999999796e-01
5.000000000000000000e+10, 4.236999999999999948e-10, 2.775999999999999822e-03, 2.848999999999999997e-05, 4.054999999999999716e+01, 6.025000000000000355e-01
6.000000000000000000e+10, 2.941999999999999767e-10, 2.347000000000000128e-03, 2.373999999999999971e-05, 4.056000000000000227e+01, 6.028000000000000025e-01
8.000000000000000000e+10, 1.654999999999999972e-10, 1.799999999999999951e-03, 1.779999999999999898e-05, 4.057000000000000028e+01, 6.030999999999999694e-01
1.000000000000000000e+11, 1.059000000000000039e-10, 1.464000000000000024e-03, 1.423999999999999919e-05, 4.057999999999999829e+01, 6.032999999999999474e-01
