1.000000000000000000e+03, 1.179000000000000057e+02, 6.140999999999999792e-01, 7.310000000000000000e+04, 0.000000000000000000e+00, 0.000000000000000000e+00
1.500000000000000000e+03, 1.065999999999999943e+02, 1.116000000000000103e+00, 2.487000000000000000e+04, 0.000000000000000000e+00, 0.000000000000000000e+00
2.000000000000000000e+03, 9.553000000000000114e+01, 1.580000000000000071e+00, 1.294000000000000000e+05, 0.000000000000000000e+00, 0.000000000000000000e+00
3.000000000000000000e+03, 7.782999999999999829e+01, 2.314000000000000057e+00, 4.555000000000000000e+04, 0.000000000000000000e+00, 0.000000000000000000e+00
4.000000000000000000e+03, 6.548000000000000398e+01, 2.861000000000000210e+00, 2.105000000000000000e+04, 0.000000000000000000e+00, 0.000000000000000000e+00
5.000000000000000000e+03, 5.635000000000000142e+01, 3.315999999999999837e+00, 1.137000000000000000e+04, 0.000000000000000000e+00, 0.000000000000000000e+00
6.000000000000000000e+03, 4.902000000000000313e+01, 3.722999999999999865e+00, 6.802000000000000000e+03, 0.000000000000000000e+00, 0.000000000000000000e+00
8.000000000000000000e+03, 3.749000000000000199e+01, 4.434000000000000163e+00, 2.975000000000000000e+03, 0.000000000000000000e+00, 0.000000000000000000e+00
1.000000000000000000e+04, 2.901999999999999957e+01, 5.019999999999999574e+00, 1.546000000000000000e+03, 0.000000000000000000e+00, 0.000000000000000000e+00
1.500000000000000000e+04, 1.671999999999999886e+01, 6.009999999999999787e+00, 4.593000000000000114e+02, 0.000000000000000000e+00, 0.000000000000000000e+00
2.000000000000000000e+04, 1.091999999999999993e+01, 6.538000000000000256e+00, 1.906999999999999886e+02, 0.000000000000000000e+00, 0.000000000000000000e+00
3.000000000000000000e+04, 5.852000000000000313e+00, 7.001999999999999780e+00, 5.413000000000000256e+01, 0.000000000000000000e+00, 0.000000000000000000e+00
4.000000000000000000e+04, 3.677999999999999936e+00, 7.155000000000000249e+00, 2.185999999999999943e+01, 0.000000000000000000e+00, 0.000000000000000000e+00
5.000000000000000000e+04, 2.517999999999999794e+00, 7.171999999999999709e+00, 1.075999999999999979e+01, 0.000000000000000000e+00, 0.000000000000000000e+00
6.000000000000000000e+04, 1.826999999999999957e+00, 7.118000000000000327e+00, 6.009000000000000341e+00, 0.000000000000000000e+00, 0.000000000000000000e+00
8.000000000000000000e+04, 1.084000000000000075e+00, 6.918000000000000149e+00, 2.387999999999999901e+00, 0.000000000000000000e+00, 0.000000000000000000e+00
1.000000000000000000e+05, 7.167000000000000037e-01, 6.677999999999999936e+00, 1.165000000000000036e+00, 0.000000000000000000e+00, 0.000000000000000000e+00
1.500000000000000000e+05, 3.322999999999999843e-01, 6.105000000000000426e+00, 3.174000000000000155e-01, 0.000000000000000000e+00, 0.000000000000000000e+00
2.000000000000000000e+05, 1.905000000000000027e-01, 5.629999999999999893e+00, 1.275999999999999912e-01, 0.000000000000000000e+00, 0.000000000000000000e+00
3.000000000000000000e+05, 8.598999999999999699e-02, 4.921999999999999709e+00, 3.676000000000000101e-02, 0.000000000000000000e+00, 0.000000000000000000e+00
4.000000000000000000e+05, 4.866000000000000186e-02, 4.418999999999999595e+00, 1.590000000000000094e-02, 0.000000000000000000e+00, 0.000000000000000000e+00
5.000000000000000000e+05, 3.123000000000000081e-02, 4.040000000000000036e+00, 8.623999999999999722e-03, 0.000000000000000000e+00, 0.000000000000000000e+00
6.000000000000000000e+05, 2.171999999999999972e-02, 3.740000000000000213e+00, 5.393000000000000224e-03, 0.000000000000000000e+00, 0.000000000000000000e+00
8.000000000000000000e+05, 1.223999999999999914e-02, 3.287999999999999812e+00, 2.729999999999999788e-03, 0.000000000000000000e+00, 0.000000000000000000e+00
1.000000000000000000e+06, 7.837000000000000216e-03, 2.956999999999999851e+00, 1.696999999999999941e-03, 0.000000000000000000e+00, 0.000000000000000000e+00
1.022000000000000000e+06, 7.504000000000000253e-03, 2.926000000000000156e+00, 1.600999999999999993e-03, 0.000000000000000000e+00, 0.000000000000000000e+00
1.250000000000000000e+06, 5.017999999999999891e-03, 2.645000000000000018e+00, 1.085000000000000027e-03, 1.642000000000000013e-03, 0.000000000000000000e+00
1.500000000000000000e+06, 3.485999999999999949e-03, 2.403999999999999915e+00, 7.852999999999999521e-04, 8.916999999999999579e-03, 0.000000000000000000e+00
2.000000000000000000e+06, 1.961000000000000069e-03, 2.052000000000000046e+00, 4.899000000000000360e-04, 3.513000000000000150e-02, 0.000000000000000000e+00
2.044000000000000000e+06, 1.877999999999999895e-03, 2.027000000000000135e+00, 4.736000000000000192e-04, 3.785999999999999782e-02, 0.000000000000000000e+00
3.000000000000000000e+06, 8.718000000000000489e-04, 1.614000000000000101e+00, 2.705000000000000156e-04, 9.977999999999999370e-02, 5.649000000000000158e-04
4.000000000000000000e+06, 4.903999999999999939e-04, 1.346999999999999975e+00, 1.843000000000000074e-04, 1.612000000000000099e-01, 2.305999999999999890e-03
5.000000000000000000e+06, 3.138999999999999863e-04, 1.163000000000000034e+00, 1.390999999999999930e-04, 2.159000000000000086e-01, 4.595000000000000126e-03
6.000000000000000000e+06, 2.180000000000000134e-04, 1.028000000000000025e+00, 1.113999999999999973e-04, 2.647999999999999798e-01, 7.058000000000000038e-03
7.000000000000000000e+06, 1.601999999999999908e-04, 9.240000000000000435e-01, 9.283000000000000398e-05, 3.083000000000000185e-01, 9.516000000000000153e-03
8.000000000000000000e+06, 1.225999999999999985e-04, 8.408999999999999808e-01, 7.949999999999999439e-05, 3.474999999999999756e-01, 1.190000000000000085e-02
9.000000000000000000e+06, 9.687999999999999401e-05, 7.730000000000000204e-01, 6.948000000000000562e-05, 3.830000000000000071e-01, 1.418999999999999949e-02
1.000000000000000000e+07, 7.847999999999999399e-05, 7.161999999999999478e-01, 6.169000000000000059e-05, 4.153000000000000025e-01, 1.636999999999999914e-02
1.100000000000000000e+07, 6.485999999999999903e-05, 6.680000000000000382e-01, 5.546000000000000094e-05, 4.445000000000000062e-01, 1.842999999999999847e-02
1.200000000000000000e+07, 5.450000000000000336e-05, 6.264999999999999458e-01, 5.037000000000000055e-05, 4.713999999999999857e-01, 2.037999999999999881e-02
1.300000000000000000e+07, 4.644000000000000260e-05, 5.901999999999999469e-01, 4.611999999999999889e-05, 4.963000000000000189e-01, 2.222999999999999976e-02
1.400000000000000000e+07, 4.004000000000000289e-05, 5.583000000000000185e-01, 4.254000000000000267e-05, 5.193999999999999728e-01, 2.399000000000000091e-02
1.500000000000000000e+07, 3.487999999999999808e-05, 5.301000000000000156e-01, 3.946999999999999988e-05, 5.411000000000000254e-01, 2.565999999999999878e-02
1.600000000000000000e+07, 3.064999999999999962e-05, 5.048000000000000265e-01, 3.681000000000000163e-05, 5.614000000000000101e-01, 2.724999999999999992e-02
1.800000000000000000e+07, 2.421999999999999850e-05, 4.613999999999999768e-01, 3.242999999999999952e-05, 5.986000000000000210e-01, 3.020000000000000115e-02
2.000000000000000000e+07, 1.961999999999999850e-05, 4.254999999999999893e-01, 2.898999999999999857e-05, 6.318000000000000282e-01, 3.289999999999999869e-02
2.200000000000000000e+07, 1.620999999999999896e-05, 3.951999999999999957e-01, 2.619999999999999987e-05, 6.619000000000000439e-01, 3.538999999999999785e-02
2.400000000000000000e+07, 1.362000000000000004e-05, 3.693000000000000171e-01, 2.390000000000000157e-05, 6.893000000000000238e-01, 3.767999999999999822e-02
2.600000000000000000e+07, 1.161000000000000065e-05, 3.467999999999999972e-01, 2.197000000000000141e-05, 7.144000000000000350e-01, 3.980999999999999817e-02
2.800000000000000000e+07, 1.001000000000000072e-05, 3.271000000000000019e-01, 2.033000000000000017e-05, 7.375000000000000444e-01, 4.179000000000000076e-02
3.000000000000000000e+07, 8.719000000000000716e-06, 3.096999999999999753e-01, 1.891999999999999842e-05, 7.589000000000000190e-01, 4.363999999999999824e-02
4.000000000000000000e+07, 4.904999999999999625e-06, 2.461000000000000132e-01, 1.403999999999999941e-05, 8.471999999999999531e-01, 5.140000000000000124e-02
5.000000000000000000e+07, 3.138999999999999931e-06, 2.054999999999999882e-01, 1.115999999999999988e-05, 9.133000000000000007e-01, 5.738999999999999657e-02
6.000000000000000000e+07, 2.179999999999999880e-06, 1.769999999999999907e-01, 9.258000000000000130e-06, 9.651999999999999469e-01, 6.221999999999999753e-02
8.000000000000000000e+07, 1.225999999999999993e-06, 1.396000000000000019e-01, 6.905999999999999609e-06, 1.042999999999999927e+00, 6.961000000000000520e-02
1.000000000000000000e+08, 7.846999999999999790e-07, 1.159000000000000030e-01, 5.506999999999999959e-06, 1.098000000000000087e+00, 7.510999999999999621e-02
1.500000000000000000e+08, 3.486999999999999924e-07, 8.251999999999999613e-02, 3.655000000000000158e-06, 1.187999999999999945e+00, 8.443000000000000504e-02
2.000000000000000000e+08, 1.961999999999999966e-07, 6.469999999999999363e-02, 2.735000000000000072e-06, 1.241999999999999993e+00, 9.045000000000000262e-02
3.000000000000000000e+08, 8.718000000000000376e-08, 4.585999999999999799e-02, 1.819999999999999939e-06, 1.306999999999999940e+00, 9.804999999999999827e-02
4.000000000000000000e+08, 4.904000000000000105e-08, 3.590999999999999748e-02, 1.362999999999999910e-06, 1.344999999999999973e+00, 1.026999999999999996e-01
5.000000000000000000e+08, 3.138999999999999852e-08, 2.972999999999999948e-02, 1.089999999999999940e-06, 1.370000000000000107e+00, 1.059999999999999970e-01
6.000000000000000000e+08, 2.179999999999999999e-08, 2.545000000000000040e-02, 9.078000000000000159e-07, 1.387999999999999901e+00, 1.084999999999999992e-01
8.000000000000000000e+08, 1.226000000000000026e-08, 1.987999999999999837e-02, 6.804999999999999856e-07, 1.413000000000000034e+00, 1.118999999999999995e-01
1.000000000000000000e+09, 7.847000000000000716e-09, 1.635999999999999954e-02, 5.442000000000000158e-07, 1.429000000000000048e+00, 1.141999999999999960e-01
1.500000000000000000e+09, 3.487000000000000056e-09, 1.141999999999999960e-02, 3.625999999999999779e-07, 1.451999999999999957e+00, 1.176999999999999991e-01
2.000000000000000000e+09, 1.962000000000000049e-09, 8.840000000000000635e-03, 2.718999999999999929e-07, 1.463999999999999968e+00, 1.197000000000000008e-01
3.000000000000000000e+09, 8.718000000000000294e-10, 6.146999999999999686e-03, 1.812000000000000079e-07, 1.477999999999999980e+00, 1.218999999999999945e-01
4.000000000000000000e+09, 4.903999999999999816e-10, 4.745000000000000086e-03, 1.358999999999999927e-07, 1.485999999999999988e+00, 1.232000000000000040e-01
5.000000000000000000e+09, 3.139000000000000224e-10, 3.879000000000000069e-03, 1.087000000000000006e-07, 1.489999999999999991e+00, 1.239999999999999991e-01
6.000000000000000000e+09, 2.179999999999999968e-10, 3.289999999999999956e-03, 9.060000000000000395e-08, 1.493999999999999995e+00, 1.246000000000000024e-01
8.000000000000000000e+09, 1.225999999999999954e-10, 2.533999999999999794e-03, 6.794999999999999634e-08, 1.497999999999999998e+00, 1.252999999999999947e-01
1.000000000000000000e+10, 7.847000000000000148e-11, 2.069000000000000093e-03, 5.435999999999999840e-08, 1.500999999999999890e+00, 1.257999999999999952e-01
1.500000000000000000e+10, 3.486999999999999823e-11, 1.430000000000000064e-03, 3.623999999999999893e-08, 1.504000000000000004e+00, 1.265000000000000013e-01
2.000000000000000000e+10, 1.961999999999999920e-11, 1.098999999999999934e-03, 2.717999999999999920e-08, 1.506000000000000005e+00, 1.267999999999999960e-01
3.000000000000000000e+10, 8.718000000000000617e-12, 7.581999999999999981e-04, 1.811999999999999947e-08, 1.508999999999999897e+00, 1.272000000000000075e-01
4.000000000000000000e+10, 4.904000000000000107e-12, 5.821000000000000002e-04, 1.358999999999999960e-08, 1.510000000000000009e+00, 1.275000000000000022e-01
5.000000000000000000e+10, 3.138999999999999852e-12, 4.739999999999999747e-04, 1.087000000000000072e-08, 1.510000000000000009e+00, 1.275999999999999912e-01
6.000000000000000000e+10, 2.180000000000000001e-12, 4.006999999999999820e-04, 9.058000000000000774e-09, 1.510999999999999899e+00, 1.277000000000000079e-01
8.000000000000000000e+10, 1.226000000000000027e-12, 3.071999999999999861e-04, 6.794000000000000320e-09, 1.510999999999999899e+00, 1.277999999999999969e-01
1.000000000000000000e+11, 7.846999999999999784e-13, 2.500000000000000052e-04, 5.435000000000000360e-09, 1.512000000000000011e+00, 1.279000000000000137e-01
