1.000000000000000000e+03, 2.384000000000000057e+02, 9.943999999999999506e-01, 3.236000000000000000e+05, 0.000000000000000000e+00, 0.000000000000000000e+00
1.500000000000000000e+03, 2.169000000000000057e+02, 1.568000000000000060e+00, 1.138000000000000000e+05, 0.000000000000000000e+00, 0.000000000000000000e+00
2.000000000000000000e+03, 1.971999999999999886e+02, 2.063000000000000167e+00, 5.303000000000000000e+04, 0.000000000000000000e+00, 0.000000000000000000e+00
3.000000000000000000e+03, 1.639000000000000057e+02, 2.982000000000000206e+00, 1.764000000000000000e+04, 0.000000000000000000e+00, 0.000000000000000000e+00
4.000000000000000000e+03, 1.365000000000000000e+02, 3.803999999999999826e+00, 7.968000000000000000e+03, 0.000000000000000000e+00, 0.000000000000000000e+00
5.000000000000000000e+03, 1.145000000000000000e+02, 4.522000000000000242e+00, 3.998000000000000000e+04, 0.000000000000000000e+00, 0.000000000000000000e+00
6.000000000000000000e+03, 9.748000000000000398e+01, 5.139000000000000234e+00, 2.473000000000000000e+04, 0.000000000000000000e+00, 0.000000000000000000e+00
8.000000000000000000e+03, 7.429000000000000625e+01, 6.105000000000000426e+00, 1.141000000000000000e+04, 0.000000000000000000e+00, 0.000000000000000000e+00
1.000000000000000000e+04, 5.959000000000000341e+01, 6.814000000000000057e+00, 6.150000000000000000e+03, 0.000000000000000000e+00, 0.000000000000000000e+00
1.500000000000000000e+04, 3.774000000000000199e+01, 8.028000000000000469e+00, 1.937000000000000000e+03, 0.000000000000000000e+00, 0.000000000000000000e+00
2.000000000000000000e+04, 2.544000000000000128e+01, 8.801000000000000156e+00, 8.348999999999999773e+02, 0.000000000000000000e+00, 0.000000000000000000e+00
3.000000000000000000e+04, 1.369999999999999929e+01, 9.576000000000000512e+00, 2.481999999999999886e+02, 0.000000000000000000e+00, 0.000000000000000000e+00
4.000000000000000000e+04, 8.666000000000000369e+00, 9.852999999999999758e+00, 1.032999999999999972e+02, 0.000000000000000000e+00, 0.000000000000000000e+00
5.000000000000000000e+04, 6.016000000000000014e+00, 9.922000000000000597e+00, 5.190999999999999659e+01, 0.000000000000000000e+00, 0.000000000000000000e+00
6.000000000000000000e+04, 4.424000000000000377e+00, 9.888999999999999346e+00, 2.946999999999999886e+01, 0.000000000000000000e+00, 0.000000000000000000e+00
8.000000000000000000e+04, 2.669999999999999929e+00, 9.676999999999999602e+00, 1.198000000000000043e+01, 0.000000000000000000e+00, 0.000000000000000000e+00
1.000000000000000000e+05, 1.778999999999999915e+00, 9.387999999999999901e+00, 5.943999999999999950e+00, 0.000000000000000000e+00, 0.000000000000000000e+00
1.500000000000000000e+05, 8.334000000000000297e-01, 8.641000000000000014e+00, 1.663999999999999924e+00, 0.000000000000000000e+00, 0.000000000000000000e+00
2.000000000000000000e+05, 4.809999999999999831e-01, 7.993999999999999773e+00, 6.803000000000000158e-01, 0.000000000000000000e+00, 0.000000000000000000e+00
3.000000000000000000e+05, 2.187999999999999945e-01, 7.006999999999999673e+00, 1.995999999999999996e-01, 0.000000000000000000e+00, 0.000000000000000000e+00
4.000000000000000000e+05, 1.242999999999999938e-01, 6.299000000000000377e+00, 8.729000000000000647e-02, 0.000000000000000000e+00, 0.000000000000000000e+00
5.000000000000000000e+05, 7.990999999999999492e-02, 5.762999999999999901e+00, 4.762999999999999873e-02, 0.000000000000000000e+00, 0.000000000000000000e+00
6.000000000000000000e+05, 5.564000000000000196e-02, 5.336999999999999744e+00, 2.987000000000000072e-02, 0.000000000000000000e+00, 0.000000000000000000e+00
8.000000000000000000e+05, 3.137999999999999817e-02, 4.692999999999999616e+00, 1.516999999999999946e-02, 0.000000000000000000e+00, 0.000000000000000000e+00
1.000000000000000000e+06, 2.010999999999999940e-02, 4.222000000000000419e+00, 9.431000000000000147e-03, 0.000000000000000000e+00, 0.000000000000000000e+00
1.022000000000000000e+06, 1.925999999999999934e-02, 4.177999999999999936e+00, 8.930999999999999703e-03, 0.000000000000000000e+00, 0.000000000000000000e+00
1.250000000000000000e+06, 1.288000000000000082e-02, 3.777000000000000135e+00, 6.047000000000000292e-03, 3.569000000000000124e-03, 0.000000000000000000e+00
1.500000000000000000e+06, 8.949000000000000357e-03, 3.432999999999999829e+00, 4.368999999999999620e-03, 1.878000000000000155e-02, 0.000000000000000000e+00
2.000000000000000000e+06, 5.035999999999999678e-03, 2.930000000000000160e+00, 2.707999999999999904e-03, 7.323000000000000342e-02, 0.000000000000000000e+00
2.044000000000000000e+06, 4.821999999999999897e-03, 2.894000000000000128e+00, 2.616999999999999969e-03, 7.890999999999999404e-02, 0.000000000000000000e+00
3.000000000000000000e+06, 2.239000000000000105e-03, 2.306000000000000050e+00, 1.482000000000000027e-03, 2.053000000000000103e-01, 8.069999999999999916e-04
4.000000000000000000e+06, 1.260000000000000052e-03, 1.923999999999999932e+00, 1.002999999999999985e-03, 3.300000000000000155e-01, 3.295000000000000186e-03
5.000000000000000000e+06, 8.061999999999999722e-04, 1.661000000000000032e+00, 7.538999999999999478e-04, 4.405000000000000027e-01, 6.564000000000000390e-03
6.000000000000000000e+06, 5.599000000000000027e-04, 1.469000000000000083e+00, 6.021000000000000527e-04, 5.393000000000000016e-01, 1.008000000000000042e-02
7.000000000000000000e+06, 4.113000000000000228e-04, 1.320000000000000062e+00, 5.004000000000000201e-04, 6.270999999999999908e-01, 1.358999999999999965e-02
8.000000000000000000e+06, 3.149000000000000106e-04, 1.201000000000000068e+00, 4.277999999999999902e-04, 7.062000000000000499e-01, 1.699000000000000163e-02
9.000000000000000000e+06, 2.487999999999999760e-04, 1.104000000000000092e+00, 3.733000000000000207e-04, 7.776999999999999469e-01, 2.025000000000000064e-02
1.000000000000000000e+07, 2.015999999999999943e-04, 1.022999999999999909e+00, 3.310000000000000225e-04, 8.426000000000000156e-01, 2.334999999999999923e-02
1.100000000000000000e+07, 1.666000000000000109e-04, 9.543000000000000371e-01, 2.973000000000000165e-04, 9.014999999999999680e-01, 2.630000000000000046e-02
1.200000000000000000e+07, 1.399999999999999877e-04, 8.949000000000000288e-01, 2.697999999999999986e-04, 9.554000000000000270e-01, 2.906999999999999862e-02
1.300000000000000000e+07, 1.192999999999999996e-04, 8.430999999999999606e-01, 2.468999999999999841e-04, 1.004999999999999893e+00, 3.169999999999999901e-02
1.400000000000000000e+07, 1.028000000000000051e-04, 7.975999999999999757e-01, 2.275000000000000004e-04, 1.052000000000000046e+00, 3.420000000000000123e-02
1.500000000000000000e+07, 8.958000000000000630e-05, 7.571999999999999842e-01, 2.110000000000000059e-04, 1.094999999999999973e+00, 3.656999999999999834e-02
1.600000000000000000e+07, 7.873999999999999489e-05, 7.210999999999999632e-01, 1.967000000000000107e-04, 1.135999999999999899e+00, 3.883000000000000340e-02
1.800000000000000000e+07, 6.221000000000000238e-05, 6.591000000000000192e-01, 1.731000000000000062e-04, 1.211000000000000076e+00, 4.302000000000000268e-02
2.000000000000000000e+07, 5.038999999999999697e-05, 6.078000000000000069e-01, 1.545999999999999903e-04, 1.276999999999999913e+00, 4.685000000000000275e-02
2.200000000000000000e+07, 4.165000000000000272e-05, 5.645000000000000018e-01, 1.397000000000000075e-04, 1.336999999999999966e+00, 5.036999999999999811e-02
2.400000000000000000e+07, 3.499000000000000211e-05, 5.274999999999999689e-01, 1.274000000000000067e-04, 1.391999999999999904e+00, 5.360999999999999793e-02
2.600000000000000000e+07, 2.981999999999999910e-05, 4.953000000000000180e-01, 1.169999999999999979e-04, 1.441999999999999948e+00, 5.661999999999999672e-02
2.800000000000000000e+07, 2.570999999999999948e-05, 4.672999999999999932e-01, 1.083000000000000033e-04, 1.489000000000000101e+00, 5.940999999999999753e-02
3.000000000000000000e+07, 2.239999999999999899e-05, 4.425000000000000044e-01, 1.006999999999999947e-04, 1.530999999999999917e+00, 6.201999999999999874e-02
4.000000000000000000e+07, 1.259999999999999964e-05, 3.516000000000000236e-01, 7.464000000000000365e-05, 1.705999999999999961e+00, 7.291999999999999871e-02
5.000000000000000000e+07, 8.063000000000000559e-06, 2.934999999999999831e-01, 5.929000000000000324e-05, 1.836000000000000076e+00, 8.130999999999999339e-02
6.000000000000000000e+07, 5.599000000000000095e-06, 2.529000000000000137e-01, 4.916999999999999848e-05, 1.937999999999999945e+00, 8.803999999999999326e-02
8.000000000000000000e+07, 3.148999999999999835e-06, 1.993999999999999939e-01, 3.665999999999999798e-05, 2.089999999999999858e+00, 9.833999999999999686e-02
1.000000000000000000e+08, 2.015999999999999841e-06, 1.655000000000000082e-01, 2.922000000000000145e-05, 2.198999999999999844e+00, 1.059999999999999970e-01
1.500000000000000000e+08, 8.957999999999999614e-07, 1.179000000000000048e-01, 1.938999999999999901e-05, 2.375999999999999890e+00, 1.189000000000000057e-01
2.000000000000000000e+08, 5.038999999999999527e-07, 9.242000000000000215e-02, 1.450000000000000009e-05, 2.483999999999999986e+00, 1.272000000000000075e-01
3.000000000000000000e+08, 2.239000000000000131e-07, 6.550999999999999879e-02, 9.646000000000000480e-06, 2.611000000000000210e+00, 1.376999999999999891e-01
4.000000000000000000e+08, 1.259999999999999901e-07, 5.129999999999999838e-02, 7.225999999999999933e-06, 2.685999999999999943e+00, 1.441000000000000059e-01
5.000000000000000000e+08, 8.062000000000000326e-08, 4.247000000000000081e-02, 5.776999999999999915e-06, 2.736000000000000210e+00, 1.486000000000000099e-01
6.000000000000000000e+08, 5.599000000000000042e-08, 3.636000000000000343e-02, 4.811000000000000186e-06, 2.771999999999999797e+00, 1.519000000000000072e-01
8.000000000000000000e+08, 3.148999999999999941e-08, 2.840000000000000163e-02, 3.605999999999999864e-06, 2.819999999999999840e+00, 1.565999999999999892e-01
1.000000000000000000e+09, 2.014999999999999845e-08, 2.335999999999999882e-02, 2.883999999999999831e-06, 2.850999999999999979e+00, 1.597999999999999976e-01
1.500000000000000000e+09, 8.957999999999999878e-09, 1.632000000000000117e-02, 1.921999999999999979e-06, 2.896999999999999797e+00, 1.645999999999999963e-01
2.000000000000000000e+09, 5.038999999999999660e-09, 1.263000000000000060e-02, 1.441000000000000052e-06, 2.922000000000000153e+00, 1.673999999999999932e-01
3.000000000000000000e+09, 2.238999999999999816e-09, 8.781000000000000610e-03, 9.603999999999999443e-07, 2.948999999999999844e+00, 1.705000000000000127e-01
4.000000000000000000e+09, 1.259999999999999992e-09, 6.778000000000000171e-03, 7.202000000000000036e-07, 2.963999999999999968e+00, 1.723000000000000087e-01
5.000000000000000000e+09, 8.061999999999999664e-10, 5.542000000000000051e-03, 5.760999999999999772e-07, 2.972999999999999865e+00, 1.733999999999999986e-01
6.000000000000000000e+09, 5.599000000000000001e-10, 4.699000000000000052e-03, 4.800999999999999646e-07, 2.979000000000000092e+00, 1.741999999999999937e-01
8.000000000000000000e+09, 3.149000000000000189e-10, 3.621000000000000087e-03, 3.599999999999999943e-07, 2.987999999999999989e+00, 1.753000000000000114e-01
1.000000000000000000e+10, 2.015000000000000021e-10, 2.955999999999999860e-03, 2.879999999999999848e-07, 2.992999999999999883e+00, 1.759999999999999898e-01
1.500000000000000000e+10, 8.958000000000000240e-11, 2.043000000000000111e-03, 1.919999999999999987e-07, 3.000999999999999890e+00, 1.769000000000000017e-01
2.000000000000000000e+10, 5.038999999999999996e-11, 1.570999999999999914e-03, 1.439999999999999924e-07, 3.004999999999999893e+00, 1.774999999999999911e-01
3.000000000000000000e+10, 2.238999999999999971e-11, 1.082999999999999978e-03, 9.599999999999999936e-08, 3.008999999999999897e+00, 1.779999999999999916e-01
4.000000000000000000e+10, 1.260000000000000043e-11, 8.316000000000000475e-04, 7.199999999999999621e-08, 3.011000000000000121e+00, 1.782999999999999863e-01
5.000000000000000000e+10, 8.062000000000000181e-12, 6.771999999999999808e-04, 5.759999999999999962e-08, 3.012000000000000011e+00, 1.784999999999999920e-01
6.000000000000000000e+10, 5.598999999999999871e-12, 5.724000000000000355e-04, 4.799999999999999968e-08, 3.012999999999999901e+00, 1.786000000000000087e-01
8.000000000000000000e+10, 3.149000000000000012e-12, 4.388999999999999889e-04, 3.599999999999999811e-08, 3.015000000000000124e+00, 1.787999999999999867e-01
1.000000000000000000e+11, 2.015000000000000199e-12, 3.571000000000000064e-04, 2.879999999999999981e-08, 3.015000000000000124e+00, 1.789000000000000035e-01
