1.000000000000000000e+03, 2.173000000000000114e+02, 7.892000000000000126e-01, 2.632000000000000000e+05, 0.000000000000000000e+00, 0.000000000000000000e+00
1.500000000000000000e+03, 1.999000000000000057e+02, 1.270999999999999908e+00, 9.186000000000000000e+04, 0.000000000000000000e+00, 0.000000000000000000e+00
2.000000000000000000e+03, 1.829000000000000057e+02, 1.754999999999999893e+00, 4.262000000000000000e+04, 0.000000000000000000e+00, 0.000000000000000000e+00
3.000000000000000000e+03, 1.510999999999999943e+02, 2.701999999999999957e+00, 1.412000000000000000e+04, 0.000000000000000000e+00, 0.000000000000000000e+00
4.000000000000000000e+03, 1.244000000000000057e+02, 3.547000000000000153e+00, 5.996000000000000000e+04, 0.000000000000000000e+00, 0.000000000000000000e+00
5.000000000000000000e+03, 1.037999999999999972e+02, 4.269999999999999574e+00, 3.358000000000000000e+04, 0.000000000000000000e+00, 0.000000000000000000e+00
6.000000000000000000e+03, 8.831000000000000227e+01, 4.873999999999999666e+00, 2.071000000000000000e+04, 0.000000000000000000e+00, 0.000000000000000000e+00
8.000000000000000000e+03, 6.762000000000000455e+01, 5.799000000000000377e+00, 9.463000000000000000e+03, 0.000000000000000000e+00, 0.000000000000000000e+00
1.000000000000000000e+04, 5.428999999999999915e+01, 6.482000000000000206e+00, 5.073000000000000000e+03, 0.000000000000000000e+00, 0.000000000000000000e+00
1.500000000000000000e+04, 3.392999999999999972e+01, 7.674000000000000377e+00, 1.583000000000000000e+03, 0.000000000000000000e+00, 0.000000000000000000e+00
2.000000000000000000e+04, 2.266000000000000014e+01, 8.423000000000000043e+00, 6.787000000000000455e+02, 0.000000000000000000e+00, 0.000000000000000000e+00
3.000000000000000000e+04, 1.216000000000000014e+01, 9.151999999999999247e+00, 2.001999999999999886e+02, 0.000000000000000000e+00, 0.000000000000000000e+00
4.000000000000000000e+04, 7.690999999999999837e+00, 9.407000000000000028e+00, 8.293999999999999773e+01, 0.000000000000000000e+00, 0.000000000000000000e+00
5.000000000000000000e+04, 5.333000000000000185e+00, 9.467999999999999972e+00, 4.153999999999999915e+01, 0.000000000000000000e+00, 0.000000000000000000e+00
6.000000000000000000e+04, 3.915000000000000036e+00, 9.432000000000000384e+00, 2.351999999999999957e+01, 0.000000000000000000e+00, 0.000000000000000000e+00
8.000000000000000000e+04, 2.355999999999999872e+00, 9.223000000000000753e+00, 9.531000000000000583e+00, 0.000000000000000000e+00, 0.000000000000000000e+00
1.000000000000000000e+05, 1.566999999999999948e+00, 8.941000000000000725e+00, 4.716000000000000192e+00, 0.000000000000000000e+00, 0.000000000000000000e+00
1.500000000000000000e+05, 7.329999999999999849e-01, 8.221000000000000085e+00, 1.314999999999999947e+00, 0.000000000000000000e+00, 0.000000000000000000e+00
2.000000000000000000e+05, 4.227000000000000202e-01, 7.602000000000000313e+00, 5.360000000000000320e-01, 0.000000000000000000e+00, 0.000000000000000000e+00
3.000000000000000000e+05, 1.920999999999999930e-01, 6.660999999999999588e+00, 1.567999999999999949e-01, 0.000000000000000000e+00, 0.000000000000000000e+00
4.000000000000000000e+05, 1.089999999999999997e-01, 5.987000000000000099e+00, 6.844000000000000083e-02, 0.000000000000000000e+00, 0.000000000000000000e+00
5.000000000000000000e+05, 7.008000000000000340e-02, 5.475999999999999979e+00, 3.731000000000000288e-02, 0.000000000000000000e+00, 0.000000000000000000e+00
6.000000000000000000e+05, 4.879000000000000004e-02, 5.070999999999999730e+00, 2.338000000000000148e-02, 0.000000000000000000e+00, 0.000000000000000000e+00
8.000000000000000000e+05, 2.750999999999999973e-02, 4.458999999999999631e+00, 1.187000000000000034e-02, 0.000000000000000000e+00, 0.000000000000000000e+00
1.000000000000000000e+06, 1.762999999999999984e-02, 4.011000000000000121e+00, 7.381000000000000408e-03, 0.000000000000000000e+00, 0.000000000000000000e+00
1.022000000000000000e+06, 1.687999999999999917e-02, 3.968999999999999861e+00, 6.987000000000000155e-03, 0.000000000000000000e+00, 0.000000000000000000e+00
1.250000000000000000e+06, 1.128999999999999969e-02, 3.588000000000000078e+00, 4.730999999999999962e-03, 3.184999999999999897e-03, 0.000000000000000000e+00
1.500000000000000000e+06, 7.844000000000000278e-03, 3.262000000000000011e+00, 3.419000000000000164e-03, 1.688999999999999876e-02, 0.000000000000000000e+00
2.000000000000000000e+06, 4.414000000000000389e-03, 2.783999999999999808e+00, 2.121000000000000055e-03, 6.576999999999999513e-02, 0.000000000000000000e+00
2.044000000000000000e+06, 4.225999999999999722e-03, 2.750000000000000000e+00, 2.050000000000000173e-03, 7.086000000000000631e-02, 0.000000000000000000e+00
3.000000000000000000e+06, 1.962000000000000202e-03, 2.190999999999999837e+00, 1.162000000000000055e-03, 1.849999999999999978e-01, 7.665999999999999854e-04
4.000000000000000000e+06, 1.103999999999999947e-03, 1.828000000000000069e+00, 7.877000000000000104e-04, 2.977000000000000202e-01, 3.129999999999999970e-03
5.000000000000000000e+06, 7.066000000000000449e-04, 1.578000000000000069e+00, 5.923000000000000313e-04, 3.976000000000000090e-01, 6.236000000000000223e-03
6.000000000000000000e+06, 4.906999999999999470e-04, 1.395000000000000018e+00, 4.732000000000000095e-04, 4.868999999999999995e-01, 9.575999999999999443e-03
7.000000000000000000e+06, 3.604999999999999806e-04, 1.254000000000000004e+00, 3.935000000000000238e-04, 5.663000000000000256e-01, 1.290999999999999960e-02
8.000000000000000000e+06, 2.759999999999999867e-04, 1.141000000000000014e+00, 3.363999999999999911e-04, 6.378000000000000336e-01, 1.614000000000000157e-02
9.000000000000000000e+06, 2.180999999999999888e-04, 1.048999999999999932e+00, 2.936999999999999832e-04, 7.025000000000000133e-01, 1.924000000000000016e-02
1.000000000000000000e+07, 1.767000000000000124e-04, 9.718999999999999861e-01, 2.604999999999999894e-04, 7.611999999999999877e-01, 2.219000000000000139e-02
1.100000000000000000e+07, 1.459999999999999981e-04, 9.064999999999999725e-01, 2.339999999999999958e-04, 8.145000000000000018e-01, 2.498999999999999833e-02
1.200000000000000000e+07, 1.227000000000000009e-04, 8.501999999999999558e-01, 2.123000000000000104e-04, 8.632999999999999563e-01, 2.762999999999999831e-02
1.300000000000000000e+07, 1.045000000000000058e-04, 8.008999999999999453e-01, 1.943000000000000066e-04, 9.085999999999999632e-01, 3.012000000000000094e-02
1.400000000000000000e+07, 9.013000000000000612e-05, 7.577000000000000401e-01, 1.790999999999999895e-04, 9.506000000000000005e-01, 3.250000000000000111e-02
1.500000000000000000e+07, 7.851000000000000556e-05, 7.194000000000000394e-01, 1.660999999999999987e-04, 9.899000000000000021e-01, 3.475000000000000311e-02
1.600000000000000000e+07, 6.901000000000000504e-05, 6.851000000000000423e-01, 1.547999999999999951e-04, 1.026999999999999913e+00, 3.690000000000000224e-02
1.800000000000000000e+07, 5.451999999999999978e-05, 6.260999999999999899e-01, 1.363000000000000062e-04, 1.094000000000000083e+00, 4.089000000000000273e-02
2.000000000000000000e+07, 4.415999999999999732e-05, 5.774000000000000243e-01, 1.218000000000000061e-04, 1.155000000000000027e+00, 4.453000000000000014e-02
2.200000000000000000e+07, 3.649999999999999951e-05, 5.362999999999999989e-01, 1.100000000000000039e-04, 1.209000000000000075e+00, 4.787999999999999895e-02
2.400000000000000000e+07, 3.067000000000000282e-05, 5.010999999999999899e-01, 1.002999999999999985e-04, 1.258999999999999897e+00, 5.097000000000000142e-02
2.600000000000000000e+07, 2.612999999999999885e-05, 4.706000000000000183e-01, 9.220999999999999976e-05, 1.304000000000000048e+00, 5.383000000000000285e-02
2.800000000000000000e+07, 2.252999999999999944e-05, 4.439000000000000168e-01, 8.529000000000000502e-05, 1.346000000000000085e+00, 5.648999999999999855e-02
3.000000000000000000e+07, 1.963000000000000010e-05, 4.203000000000000069e-01, 7.933999999999999592e-05, 1.383999999999999897e+00, 5.897000000000000158e-02
4.000000000000000000e+07, 1.103999999999999933e-05, 3.340000000000000191e-01, 5.882000000000000265e-05, 1.542999999999999927e+00, 6.934999999999999498e-02
5.000000000000000000e+07, 7.065999999999999771e-06, 2.787999999999999923e-01, 4.673000000000000152e-05, 1.661999999999999922e+00, 7.734000000000000596e-02
6.000000000000000000e+07, 4.906999999999999775e-06, 2.401999999999999968e-01, 3.876000000000000159e-05, 1.754000000000000004e+00, 8.376000000000000112e-02
8.000000000000000000e+07, 2.759999999999999833e-06, 1.895000000000000018e-01, 2.890000000000000113e-05, 1.891000000000000014e+00, 9.357000000000000040e-02
1.000000000000000000e+08, 1.765999999999999905e-06, 1.572999999999999954e-01, 2.303000000000000142e-05, 1.989999999999999991e+00, 1.009000000000000036e-01
1.500000000000000000e+08, 7.851000000000000090e-07, 1.120000000000000023e-01, 1.527999999999999939e-05, 2.149999999999999911e+00, 1.131999999999999951e-01
2.000000000000000000e+08, 4.415999999999999838e-07, 8.780000000000000304e-02, 1.143000000000000068e-05, 2.248000000000000220e+00, 1.210999999999999993e-01
3.000000000000000000e+08, 1.963000000000000041e-07, 6.223000000000000059e-02, 7.605000000000000032e-06, 2.363999999999999879e+00, 1.310999999999999943e-01
4.000000000000000000e+08, 1.103999999999999960e-07, 4.873999999999999860e-02, 5.696999999999999834e-06, 2.431999999999999940e+00, 1.370999999999999996e-01
5.000000000000000000e+08, 7.065999999999999877e-08, 4.034999999999999698e-02, 4.553999999999999936e-06, 2.475999999999999979e+00, 1.413999999999999979e-01
6.000000000000000000e+08, 4.907000000000000198e-08, 3.454000000000000126e-02, 3.792999999999999937e-06, 2.508999999999999897e+00, 1.444999999999999896e-01
8.000000000000000000e+08, 2.759999999999999899e-08, 2.698000000000000051e-02, 2.843000000000000139e-06, 2.552000000000000046e+00, 1.489000000000000046e-01
1.000000000000000000e+09, 1.766000000000000064e-08, 2.220000000000000098e-02, 2.274000000000000166e-06, 2.580000000000000071e+00, 1.517999999999999905e-01
1.500000000000000000e+09, 7.851000000000000289e-09, 1.549999999999999989e-02, 1.514999999999999894e-06, 2.620999999999999996e+00, 1.562999999999999945e-01
2.000000000000000000e+09, 4.415999999999999640e-09, 1.200000000000000025e-02, 1.136000000000000008e-06, 2.644000000000000128e+00, 1.589000000000000135e-01
3.000000000000000000e+09, 1.962999999999999942e-09, 8.342000000000000456e-03, 7.572000000000000305e-07, 2.668000000000000149e+00, 1.617000000000000104e-01
4.000000000000000000e+09, 1.103999999999999910e-09, 6.439000000000000279e-03, 5.678999999999999964e-07, 2.681000000000000050e+00, 1.633999999999999897e-01
5.000000000000000000e+09, 7.066000000000000208e-10, 5.264999999999999715e-03, 4.541999999999999775e-07, 2.689000000000000057e+00, 1.643999999999999906e-01
6.000000000000000000e+09, 4.906999999999999702e-10, 4.464000000000000086e-03, 3.785000000000000078e-07, 2.694999999999999840e+00, 1.650999999999999968e-01
8.000000000000000000e+09, 2.759999999999999775e-10, 3.439999999999999915e-03, 2.838999999999999945e-07, 2.702999999999999847e+00, 1.660999999999999976e-01
1.000000000000000000e+10, 1.765999999999999899e-10, 2.808000000000000166e-03, 2.270999999999999888e-07, 2.708000000000000185e+00, 1.666999999999999871e-01
1.500000000000000000e+10, 7.850999999999999565e-11, 1.941000000000000017e-03, 1.513999999999999925e-07, 2.713999999999999968e+00, 1.675999999999999990e-01
2.000000000000000000e+10, 4.415999999999999924e-11, 1.492000000000000054e-03, 1.135000000000000039e-07, 2.717999999999999972e+00, 1.680999999999999994e-01
3.000000000000000000e+10, 1.963000000000000097e-11, 1.028999999999999967e-03, 7.568999999999999815e-08, 2.721999999999999975e+00, 1.685999999999999999e-01
4.000000000000000000e+10, 1.103999999999999981e-11, 7.900000000000000121e-04, 5.676999999999999814e-08, 2.724000000000000199e+00, 1.688999999999999946e-01
5.000000000000000000e+10, 7.065999999999999982e-12, 6.432999999999999699e-04, 4.541000000000000097e-08, 2.725000000000000089e+00, 1.691000000000000003e-01
6.000000000000000000e+10, 4.906999999999999993e-12, 5.437999999999999909e-04, 3.784000000000000002e-08, 2.725999999999999979e+00, 1.691999999999999893e-01
8.000000000000000000e+10, 2.759999999999999953e-12, 4.169999999999999987e-04, 2.838000000000000002e-08, 2.726999999999999869e+00, 1.693000000000000060e-01
1.000000000000000000e+11, 1.765999999999999947e-12, 3.392000000000000050e-04, 2.270999999999999954e-08, 2.726999999999999869e+00, 1.693999999999999950e-01
