1.000000000000000000e+03, 1.349000000000000000e+03, 7.546000000000000485e-01, 1.154000000000000000e+06, 0.000000000000000000e+00, 0.000000000000000000e+00
1.500000000000000000e+03, 1.285000000000000000e+03, 1.495999999999999996e+00, 4.544000000000000000e+05, 0.000000000000000000e+00, 0.000000000000000000e+00
2.000000000000000000e+03, 1.209000000000000000e+03, 2.294000000000000039e+00, 2.271000000000000000e+05, 0.000000000000000000e+00, 0.000000000000000000e+00
3.000000000000000000e+03, 1.050000000000000000e+03, 3.807999999999999829e+00, 8.252000000000000000e+04, 0.000000000000000000e+00, 0.000000000000000000e+00
4.000000000000000000e+03, 9.041000000000000227e+02, 5.155999999999999694e+00, 2.159000000000000000e+05, 0.000000000000000000e+00, 0.000000000000000000e+00
5.000000000000000000e+03, 7.816000000000000227e+02, 6.394999999999999574e+00, 1.214000000000000000e+05, 0.000000000000000000e+00, 0.000000000000000000e+00
6.000000000000000000e+03, 6.822000000000000455e+02, 7.552999999999999936e+00, 7.543000000000000000e+04, 0.000000000000000000e+00, 0.000000000000000000e+00
8.000000000000000000e+03, 5.372999999999999545e+02, 9.612000000000000099e+00, 3.510000000000000000e+04, 0.000000000000000000e+00, 0.000000000000000000e+00
1.000000000000000000e+04, 4.381999999999999886e+02, 1.130000000000000071e+01, 1.917000000000000000e+04, 0.000000000000000000e+00, 0.000000000000000000e+00
1.500000000000000000e+04, 2.858999999999999773e+02, 1.427999999999999936e+01, 6.264000000000000000e+03, 0.000000000000000000e+00, 0.000000000000000000e+00
2.000000000000000000e+04, 1.975000000000000000e+02, 1.623999999999999844e+01, 2.798000000000000000e+03, 0.000000000000000000e+00, 0.000000000000000000e+00
3.000000000000000000e+04, 1.110000000000000000e+02, 1.860000000000000142e+01, 5.993000000000000000e+03, 0.000000000000000000e+00, 0.000000000000000000e+00
4.000000000000000000e+04, 7.251999999999999602e+01, 1.982999999999999829e+01, 2.759000000000000000e+03, 0.000000000000000000e+00, 0.000000000000000000e+00
5.000000000000000000e+04, 5.110000000000000142e+01, 2.044999999999999929e+01, 1.492000000000000000e+03, 0.000000000000000000e+00, 0.000000000000000000e+00
6.000000000000000000e+04, 3.778999999999999915e+01, 2.073000000000000043e+01, 8.955000000000000000e+02, 0.000000000000000000e+00, 0.000000000000000000e+00
8.000000000000000000e+04, 2.307000000000000028e+01, 2.073000000000000043e+01, 3.945000000000000000e+02, 0.000000000000000000e+00, 0.000000000000000000e+00
1.000000000000000000e+05, 1.560999999999999943e+01, 2.037999999999999901e+01, 2.073000000000000114e+02, 0.000000000000000000e+00, 0.000000000000000000e+00
1.500000000000000000e+05, 7.573000000000000398e+00, 1.912000000000000099e+01, 6.370000000000000284e+01, 0.000000000000000000e+00, 0.000000000000000000e+00
2.000000000000000000e+05, 4.456000000000000405e+00, 1.787999999999999901e+01, 2.762999999999999901e+01, 0.000000000000000000e+00, 0.000000000000000000e+00
3.000000000000000000e+05, 2.065999999999999837e+00, 1.584999999999999964e+01, 8.705999999999999517e+00, 0.000000000000000000e+00, 0.000000000000000000e+00
4.000000000000000000e+05, 1.187000000000000055e+00, 1.433000000000000007e+01, 3.968999999999999861e+00, 0.000000000000000000e+00, 0.000000000000000000e+00
5.000000000000000000e+05, 7.688000000000000389e-01, 1.315000000000000036e+01, 2.224000000000000199e+00, 0.000000000000000000e+00, 0.000000000000000000e+00
6.000000000000000000e+05, 5.380000000000000338e-01, 1.219999999999999929e+01, 1.417999999999999927e+00, 0.000000000000000000e+00, 0.000000000000000000e+00
8.000000000000000000e+05, 3.052000000000000268e-01, 1.075000000000000000e+01, 7.308000000000000052e-01, 0.000000000000000000e+00, 0.000000000000000000e+00
1.000000000000000000e+06, 1.962000000000000133e-01, 9.685000000000000497e+00, 4.557999999999999829e-01, 0.000000000000000000e+00, 0.000000000000000000e+00
1.022000000000000000e+06, 1.879000000000000115e-01, 9.583000000000000185e+00, 4.338000000000000189e-01, 0.000000000000000000e+00, 0.000000000000000000e+00
1.250000000000000000e+06, 1.260000000000000009e-01, 8.669999999999999929e+00, 2.927000000000000157e-01, 2.713000000000000134e-02, 0.000000000000000000e+00
1.500000000000000000e+06, 8.760999999999999344e-02, 7.884999999999999787e+00, 2.099000000000000032e-01, 1.272000000000000075e-01, 0.000000000000000000e+00
2.000000000000000000e+06, 4.936999999999999722e-02, 6.733999999999999986e+00, 1.280000000000000027e-01, 4.433000000000000274e-01, 0.000000000000000000e+00
2.044000000000000000e+06, 4.726999999999999952e-02, 6.650999999999999801e+00, 1.234999999999999987e-01, 4.744999999999999774e-01, 0.000000000000000000e+00
3.000000000000000000e+06, 2.196999999999999995e-02, 5.301000000000000156e+00, 6.822000000000000286e-02, 1.153000000000000025e+00, 1.853999999999999962e-03
4.000000000000000000e+06, 1.235999999999999946e-02, 4.423000000000000043e+00, 4.535000000000000142e-02, 1.788999999999999924e+00, 7.564999999999999676e-03
5.000000000000000000e+06, 7.913999999999999160e-03, 3.819999999999999840e+00, 3.361999999999999711e-02, 2.341000000000000192e+00, 1.506000000000000047e-02
6.000000000000000000e+06, 5.497000000000000150e-03, 3.376999999999999780e+00, 2.657999999999999946e-02, 2.818000000000000060e+00, 2.310999999999999860e-02
7.000000000000000000e+06, 4.039000000000000055e-03, 3.035000000000000142e+00, 2.191999999999999851e-02, 3.245000000000000107e+00, 3.113000000000000142e-02
8.000000000000000000e+06, 3.092000000000000130e-03, 2.762000000000000011e+00, 1.863000000000000073e-02, 3.629000000000000004e+00, 3.889000000000000096e-02
9.000000000000000000e+06, 2.442999999999999859e-03, 2.539000000000000146e+00, 1.617000000000000035e-02, 3.976999999999999869e+00, 4.632000000000000006e-02
1.000000000000000000e+07, 1.978999999999999856e-03, 2.353000000000000203e+00, 1.427999999999999929e-02, 4.296000000000000263e+00, 5.337000000000000077e-02
1.100000000000000000e+07, 1.636000000000000084e-03, 2.194999999999999840e+00, 1.277999999999999969e-02, 4.589999999999999858e+00, 6.004999999999999921e-02
1.200000000000000000e+07, 1.374000000000000004e-03, 2.057999999999999829e+00, 1.156000000000000083e-02, 4.860000000000000320e+00, 6.633999999999999619e-02
1.300000000000000000e+07, 1.170999999999999949e-03, 1.939000000000000057e+00, 1.055999999999999994e-02, 5.110999999999999766e+00, 7.227999999999999703e-02
1.400000000000000000e+07, 1.010000000000000047e-03, 1.834000000000000075e+00, 9.707000000000000350e-03, 5.341000000000000192e+00, 7.792000000000000315e-02
1.500000000000000000e+07, 8.796000000000000216e-04, 1.741999999999999993e+00, 8.982999999999999666e-03, 5.554000000000000270e+00, 8.326000000000000068e-02
1.600000000000000000e+07, 7.730999999999999808e-04, 1.657999999999999918e+00, 8.359000000000000111e-03, 5.753000000000000114e+00, 8.834000000000000186e-02
1.800000000000000000e+07, 6.109000000000000498e-04, 1.516000000000000014e+00, 7.336999999999999772e-03, 6.116999999999999993e+00, 9.773999999999999355e-02
2.000000000000000000e+07, 4.947999999999999924e-04, 1.397999999999999909e+00, 6.537000000000000276e-03, 6.442999999999999616e+00, 1.063000000000000056e-01
2.200000000000000000e+07, 4.089000000000000187e-04, 1.298000000000000043e+00, 5.893999999999999934e-03, 6.738999999999999879e+00, 1.140999999999999931e-01
2.400000000000000000e+07, 3.436000000000000035e-04, 1.213000000000000078e+00, 5.364999999999999977e-03, 7.008000000000000007e+00, 1.213000000000000050e-01
2.600000000000000000e+07, 2.928000000000000155e-04, 1.139000000000000012e+00, 4.923000000000000292e-03, 7.253000000000000114e+00, 1.280000000000000027e-01
2.800000000000000000e+07, 2.525000000000000118e-04, 1.074999999999999956e+00, 4.547999999999999959e-03, 7.477000000000000313e+00, 1.340999999999999970e-01
3.000000000000000000e+07, 2.199000000000000054e-04, 1.018000000000000016e+00, 4.225999999999999722e-03, 7.684000000000000163e+00, 1.398999999999999966e-01
4.000000000000000000e+07, 1.236999999999999981e-04, 8.086999999999999744e-01, 3.119999999999999944e-03, 8.525000000000000355e+00, 1.635999999999999954e-01
5.000000000000000000e+07, 7.917000000000000263e-05, 6.750000000000000444e-01, 2.471999999999999805e-03, 9.147999999999999687e+00, 1.816000000000000114e-01
6.000000000000000000e+07, 5.497999999999999876e-05, 5.816000000000000059e-01, 2.047000000000000208e-03, 9.634000000000000341e+00, 1.958999999999999908e-01
8.000000000000000000e+07, 3.092999999999999694e-05, 4.586999999999999966e-01, 1.523000000000000048e-03, 1.034999999999999964e+01, 2.174999999999999989e-01
1.000000000000000000e+08, 1.978999999999999856e-05, 3.806999999999999829e-01, 1.211999999999999970e-03, 1.085999999999999943e+01, 2.331999999999999906e-01
1.500000000000000000e+08, 8.796000000000000148e-06, 2.711000000000000076e-01, 8.030999999999999511e-04, 1.166999999999999993e+01, 2.591999999999999860e-01
2.000000000000000000e+08, 4.947999999999999890e-06, 2.126000000000000112e-01, 6.003000000000000089e-04, 1.215000000000000036e+01, 2.753999999999999782e-01
3.000000000000000000e+08, 2.199000000000000037e-06, 1.507000000000000006e-01, 3.988999999999999924e-04, 1.272000000000000064e+01, 2.953000000000000069e-01
4.000000000000000000e+08, 1.236999999999999973e-06, 1.179999999999999938e-01, 2.986999999999999963e-04, 1.303999999999999915e+01, 3.071999999999999731e-01
5.000000000000000000e+08, 7.916999999999999755e-07, 9.768000000000000294e-02, 2.387000000000000016e-04, 1.325000000000000000e+01, 3.153000000000000247e-01
6.000000000000000000e+08, 5.498000000000000130e-07, 8.362999999999999601e-02, 1.988000000000000075e-04, 1.341000000000000014e+01, 3.212999999999999745e-01
8.000000000000000000e+08, 3.091999999999999894e-07, 6.532000000000000306e-02, 1.489999999999999897e-04, 1.360999999999999943e+01, 3.294000000000000261e-01
1.000000000000000000e+09, 1.978999999999999920e-07, 5.374000000000000304e-02, 1.190999999999999947e-04, 1.374000000000000021e+01, 3.347999999999999865e-01
1.500000000000000000e+09, 8.796000000000000148e-08, 3.753000000000000086e-02, 7.935999999999999912e-05, 1.392999999999999972e+01, 3.427999999999999936e-01
2.000000000000000000e+09, 4.947999999999999705e-08, 2.904999999999999943e-02, 5.950000000000000292e-05, 1.403999999999999915e+01, 3.472999999999999976e-01
3.000000000000000000e+09, 2.199000000000000037e-08, 2.019999999999999921e-02, 3.966000000000000314e-05, 1.415000000000000036e+01, 3.522000000000000131e-01
4.000000000000000000e+09, 1.236999999999999926e-08, 1.558999999999999969e-02, 2.973999999999999986e-05, 1.421000000000000085e+01, 3.551000000000000267e-01
5.000000000000000000e+09, 7.917000000000000681e-09, 1.274999999999999918e-02, 2.379000000000000092e-05, 1.425000000000000000e+01, 3.568999999999999950e-01
6.000000000000000000e+09, 5.497999999999999832e-09, 1.081000000000000016e-02, 1.981999999999999997e-05, 1.426999999999999957e+01, 3.580999999999999739e-01
8.000000000000000000e+09, 3.092000000000000076e-09, 8.326999999999999333e-03, 1.486000000000000003e-05, 1.431000000000000050e+01, 3.597000000000000197e-01
1.000000000000000000e+10, 1.978999999999999887e-09, 6.799000000000000356e-03, 1.188999999999999966e-05, 1.433000000000000007e+01, 3.608000000000000096e-01
1.500000000000000000e+10, 8.796000000000000438e-10, 4.699000000000000052e-03, 7.927000000000000506e-06, 1.435999999999999943e+01, 3.622000000000000219e-01
2.000000000000000000e+10, 4.947999999999999871e-10, 3.612000000000000193e-03, 5.944999999999999832e-06, 1.436999999999999922e+01, 3.629999999999999893e-01
3.000000000000000000e+10, 2.199000000000000109e-10, 2.491000000000000159e-03, 3.963000000000000004e-06, 1.439000000000000057e+01, 3.638000000000000123e-01
4.000000000000000000e+10, 1.236999999999999968e-10, 1.912999999999999987e-03, 2.972000000000000090e-06, 1.440000000000000036e+01, 3.643000000000000127e-01
5.000000000000000000e+10, 7.916999999999999647e-11, 1.557999999999999923e-03, 2.377999999999999933e-06, 1.441000000000000014e+01, 3.645999999999999797e-01
6.000000000000000000e+10, 5.498000000000000039e-11, 1.317000000000000028e-03, 1.981999999999999828e-06, 1.441000000000000014e+01, 3.647000000000000242e-01
8.000000000000000000e+10, 3.092000000000000153e-11, 1.010000000000000047e-03, 1.486000000000000045e-06, 1.441000000000000014e+01, 3.649000000000000021e-01
1.000000000000000000e+11, 1.979000000000000029e-11, 8.212999999999999598e-04, 1.188999999999999966e-06, 1.441999999999999993e+01, 3.650999999999999801e-01
