1.000000000000000000e+03, 5.867000000000000000e+03, 1.743999999999999995e+00, 3.087000000000000000e+06, 0.000000000000000000e+00, 0.000000000000000000e+00
1.500000000000000000e+03, 5.618000000000000000e+03, 2.903000000000000025e+00, 1.566000000000000000e+06, 0.000000000000000000e+00, 0.000000000000000000e+00
2.000000000000000000e+03, 5.347000000000000000e+03, 4.054999999999999716e+00, 8.782000000000000000e+05, 0.000000000000000000e+00, 0.000000000000000000e+00
3.000000000000000000e+03, 4.805000000000000000e+03, 6.285999999999999588e+00, 3.599000000000000000e+05, 0.000000000000000000e+00, 0.000000000000000000e+00
4.000000000000000000e+03, 4.299000000000000000e+03, 8.343999999999999417e+00, 4.213000000000000000e+05, 0.000000000000000000e+00, 0.000000000000000000e+00
5.000000000000000000e+03, 3.851000000000000000e+03, 1.022000000000000064e+01, 4.131000000000000000e+05, 0.000000000000000000e+00, 0.000000000000000000e+00
6.000000000000000000e+03, 3.464000000000000000e+03, 1.191999999999999993e+01, 2.751000000000000000e+05, 0.000000000000000000e+00, 0.000000000000000000e+00
8.000000000000000000e+03, 2.847000000000000000e+03, 1.493999999999999950e+01, 1.410000000000000000e+05, 0.000000000000000000e+00, 0.000000000000000000e+00
1.000000000000000000e+04, 2.384000000000000000e+03, 1.760999999999999943e+01, 8.070000000000000000e+04, 0.000000000000000000e+00, 0.000000000000000000e+00
1.500000000000000000e+04, 1.627000000000000000e+03, 2.305000000000000071e+01, 2.876000000000000000e+04, 0.000000000000000000e+00, 0.000000000000000000e+00
2.000000000000000000e+04, 1.179000000000000000e+03, 2.694999999999999929e+01, 3.221000000000000000e+04, 0.000000000000000000e+00, 0.000000000000000000e+00
3.000000000000000000e+04, 6.966000000000000227e+02, 3.194000000000000128e+01, 1.835000000000000000e+04, 0.000000000000000000e+00, 0.000000000000000000e+00
4.000000000000000000e+04, 4.676999999999999886e+02, 3.500000000000000000e+01, 8.749000000000000000e+03, 0.000000000000000000e+00, 0.000000000000000000e+00
5.000000000000000000e+04, 3.388000000000000114e+02, 3.689999999999999858e+01, 4.884000000000000000e+03, 0.000000000000000000e+00, 0.000000000000000000e+00
6.000000000000000000e+04, 2.558000000000000114e+02, 3.803999999999999915e+01, 3.019000000000000000e+03, 0.000000000000000000e+00, 0.000000000000000000e+00
8.000000000000000000e+04, 1.608000000000000114e+02, 3.896999999999999886e+01, 1.404000000000000000e+03, 0.000000000000000000e+00, 0.000000000000000000e+00
1.000000000000000000e+05, 1.115999999999999943e+02, 3.899000000000000199e+01, 7.723999999999999773e+02, 0.000000000000000000e+00, 0.000000000000000000e+00
1.500000000000000000e+05, 5.610000000000000142e+01, 3.760000000000000142e+01, 1.084000000000000000e+03, 0.000000000000000000e+00, 0.000000000000000000e+00
2.000000000000000000e+05, 3.364999999999999858e+01, 3.568999999999999773e+01, 5.232999999999999545e+02, 0.000000000000000000e+00, 0.000000000000000000e+00
3.000000000000000000e+05, 1.617999999999999972e+01, 3.211999999999999744e+01, 1.891999999999999886e+02, 0.000000000000000000e+00, 0.000000000000000000e+00
4.000000000000000000e+05, 9.548000000000000043e+00, 2.926999999999999957e+01, 9.420000000000000284e+01, 0.000000000000000000e+00, 0.000000000000000000e+00
5.000000000000000000e+05, 6.296999999999999709e+00, 2.698999999999999844e+01, 5.600999999999999801e+01, 0.000000000000000000e+00, 0.000000000000000000e+00
6.000000000000000000e+05, 4.461999999999999744e+00, 2.512999999999999901e+01, 3.720000000000000284e+01, 0.000000000000000000e+00, 0.000000000000000000e+00
8.000000000000000000e+05, 2.575000000000000178e+00, 2.223999999999999844e+01, 2.007999999999999829e+01, 0.000000000000000000e+00, 0.000000000000000000e+00
1.000000000000000000e+06, 1.673999999999999932e+00, 2.007999999999999829e+01, 1.274000000000000021e+01, 0.000000000000000000e+00, 0.000000000000000000e+00
1.022000000000000000e+06, 1.604999999999999982e+00, 1.987000000000000099e+01, 1.221000000000000085e+01, 0.000000000000000000e+00, 0.000000000000000000e+00
1.250000000000000000e+06, 1.084999999999999964e+00, 1.801000000000000156e+01, 8.256000000000000227e+00, 1.953999999999999904e-01, 0.000000000000000000e+00
1.500000000000000000e+06, 7.593999999999999639e-01, 1.639999999999999858e+01, 5.868999999999999773e+00, 9.798999999999999932e-01, 0.000000000000000000e+00
2.000000000000000000e+06, 4.313000000000000167e-01, 1.401999999999999957e+01, 3.543000000000000149e+00, 2.842000000000000082e+00, 0.000000000000000000e+00
2.044000000000000000e+06, 4.132000000000000117e-01, 1.384999999999999964e+01, 3.415999999999999925e+00, 2.995999999999999996e+00, 0.000000000000000000e+00
3.000000000000000000e+06, 1.932999999999999996e-01, 1.105000000000000071e+01, 1.844000000000000083e+00, 5.804000000000000270e+00, 3.857999999999999884e-03
4.000000000000000000e+06, 1.091000000000000025e-01, 9.221000000000000085e+00, 1.201999999999999957e+00, 8.051999999999999602e+00, 1.572000000000000133e-02
5.000000000000000000e+06, 6.995999999999999441e-02, 7.966999999999999638e+00, 8.777000000000000357e-01, 9.926999999999999602e+00, 3.124000000000000041e-02
6.000000000000000000e+06, 4.862999999999999962e-02, 7.043000000000000149e+00, 6.860000000000000542e-01, 1.150999999999999979e+01, 4.787000000000000283e-02
7.000000000000000000e+06, 3.574999999999999706e-02, 6.331000000000000405e+00, 5.604999999999999982e-01, 1.293999999999999950e+01, 6.439000000000000279e-02
8.000000000000000000e+06, 2.738000000000000156e-02, 5.762999999999999901e+00, 4.726000000000000201e-01, 1.423000000000000043e+01, 8.033999999999999475e-02
9.000000000000000000e+06, 2.163999999999999951e-02, 5.298000000000000043e+00, 4.078999999999999848e-01, 1.541999999999999993e+01, 9.556000000000000605e-02
1.000000000000000000e+07, 1.753000000000000044e-02, 4.908999999999999808e+00, 3.583000000000000074e-01, 1.651000000000000156e+01, 1.100000000000000006e-01
1.100000000000000000e+07, 1.448999999999999941e-02, 4.578999999999999737e+00, 3.191999999999999837e-01, 1.753000000000000114e+01, 1.236000000000000015e-01
1.200000000000000000e+07, 1.217999999999999985e-02, 4.293999999999999595e+00, 2.877000000000000113e-01, 1.848000000000000043e+01, 1.363999999999999935e-01
1.300000000000000000e+07, 1.038000000000000034e-02, 4.046000000000000263e+00, 2.616999999999999882e-01, 1.935999999999999943e+01, 1.484000000000000041e-01
1.400000000000000000e+07, 8.949999999999999623e-03, 3.827999999999999847e+00, 2.399999999999999911e-01, 2.019999999999999929e+01, 1.597999999999999976e-01
1.500000000000000000e+07, 7.797000000000000111e-03, 3.633999999999999897e+00, 2.215000000000000024e-01, 2.098000000000000043e+01, 1.706000000000000016e-01
1.600000000000000000e+07, 6.852999999999999717e-03, 3.460999999999999854e+00, 2.056000000000000050e-01, 2.169999999999999929e+01, 1.807999999999999885e-01
1.800000000000000000e+07, 5.414999999999999675e-03, 3.162999999999999812e+00, 1.797999999999999876e-01, 2.303000000000000114e+01, 1.995999999999999996e-01
2.000000000000000000e+07, 4.386000000000000142e-03, 2.916999999999999815e+00, 1.597000000000000086e-01, 2.421000000000000085e+01, 2.167000000000000037e-01
2.200000000000000000e+07, 3.625000000000000184e-03, 2.709000000000000075e+00, 1.434999999999999887e-01, 2.528000000000000114e+01, 2.323000000000000065e-01
2.400000000000000000e+07, 3.046000000000000096e-03, 2.532000000000000028e+00, 1.303999999999999881e-01, 2.626999999999999957e+01, 2.464999999999999969e-01
2.600000000000000000e+07, 2.595999999999999783e-03, 2.376999999999999780e+00, 1.194000000000000061e-01, 2.717000000000000171e+01, 2.595999999999999974e-01
2.800000000000000000e+07, 2.237999999999999972e-03, 2.242999999999999883e+00, 1.101000000000000034e-01, 2.798999999999999844e+01, 2.717999999999999861e-01
3.000000000000000000e+07, 1.949999999999999910e-03, 2.124000000000000110e+00, 1.021999999999999992e-01, 2.875000000000000000e+01, 2.829999999999999738e-01
4.000000000000000000e+07, 1.097000000000000102e-03, 1.687999999999999945e+00, 7.500999999999999335e-02, 3.185000000000000142e+01, 3.291999999999999926e-01
5.000000000000000000e+07, 7.020000000000000415e-04, 1.409000000000000030e+00, 5.924000000000000099e-02, 3.414999999999999858e+01, 3.637000000000000233e-01
6.000000000000000000e+07, 4.874999999999999776e-04, 1.213999999999999968e+00, 4.893999999999999739e-02, 3.593999999999999773e+01, 3.909000000000000252e-01
8.000000000000000000e+07, 2.741999999999999971e-04, 9.572000000000000508e-01, 3.631000000000000200e-02, 3.857000000000000028e+01, 4.314000000000000057e-01
1.000000000000000000e+08, 1.755000000000000104e-04, 7.944999999999999840e-01, 2.886000000000000024e-02, 4.042000000000000171e+01, 4.605000000000000204e-01
1.500000000000000000e+08, 7.799999999999999859e-05, 5.657999999999999696e-01, 1.907000000000000015e-02, 4.332999999999999829e+01, 5.080000000000000071e-01
2.000000000000000000e+08, 4.386999999999999841e-05, 4.435999999999999943e-01, 1.423999999999999919e-02, 4.507000000000000028e+01, 5.373999999999999888e-01
3.000000000000000000e+08, 1.949999999999999965e-05, 3.144000000000000128e-01, 9.449000000000000801e-03, 4.709000000000000341e+01, 5.731000000000000538e-01
4.000000000000000000e+08, 1.097000000000000000e-05, 2.462999999999999912e-01, 7.071000000000000028e-03, 4.825000000000000000e+01, 5.941999999999999504e-01
5.000000000000000000e+08, 7.019999999999999704e-06, 2.038999999999999979e-01, 5.649000000000000375e-03, 4.900999999999999801e+01, 6.086000000000000298e-01
6.000000000000000000e+08, 4.874999999999999912e-06, 1.744999999999999885e-01, 4.702999999999999715e-03, 4.954999999999999716e+01, 6.190999999999999837e-01
8.000000000000000000e+08, 2.742000000000000174e-06, 1.363000000000000045e-01, 3.523000000000000090e-03, 5.027000000000000313e+01, 6.336000000000000520e-01
1.000000000000000000e+09, 1.754999999999999926e-06, 1.121000000000000052e-01, 2.817000000000000060e-03, 5.074000000000000199e+01, 6.431999999999999940e-01
1.500000000000000000e+09, 7.800000000000000494e-07, 7.832000000000000073e-02, 1.876000000000000063e-03, 5.139999999999999858e+01, 6.573999999999999844e-01
2.000000000000000000e+09, 4.386999999999999777e-07, 6.062000000000000027e-02, 1.405999999999999915e-03, 5.178000000000000114e+01, 6.654999999999999805e-01
3.000000000000000000e+09, 1.950000000000000124e-07, 4.214999999999999997e-02, 9.372000000000000122e-04, 5.214999999999999858e+01, 6.743000000000000105e-01
4.000000000000000000e+09, 1.096999999999999963e-07, 3.253000000000000336e-02, 7.027999999999999525e-04, 5.239999999999999858e+01, 6.794999999999999929e-01
5.000000000000000000e+09, 7.020000000000000656e-08, 2.659999999999999865e-02, 5.620999999999999478e-04, 5.253000000000000114e+01, 6.826999999999999735e-01
6.000000000000000000e+09, 4.875000000000000309e-08, 2.256000000000000019e-02, 4.684000000000000013e-04, 5.263000000000000256e+01, 6.848999999999999533e-01
8.000000000000000000e+09, 2.742000000000000002e-08, 1.737999999999999962e-02, 3.512999999999999738e-04, 5.275000000000000000e+01, 6.877999999999999670e-01
1.000000000000000000e+10, 1.755000000000000164e-08, 1.418999999999999949e-02, 2.809999999999999998e-04, 5.282999999999999829e+01, 6.896999999999999797e-01
1.500000000000000000e+10, 7.800000000000000362e-09, 9.806000000000000480e-03, 1.872999999999999990e-04, 5.292999999999999972e+01, 6.922000000000000375e-01
2.000000000000000000e+10, 4.386999999999999843e-09, 7.538999999999999695e-03, 1.404999999999999999e-04, 5.299000000000000199e+01, 6.937999999999999723e-01
3.000000000000000000e+10, 1.950000000000000090e-09, 5.198999999999999629e-03, 9.364999999999999952e-05, 5.303999999999999915e+01, 6.952000000000000401e-01
4.000000000000000000e+10, 1.097000000000000038e-09, 3.991999999999999889e-03, 7.022999999999999675e-05, 5.307999999999999829e+01, 6.961000000000000520e-01
5.000000000000000000e+10, 7.019999999999999540e-10, 3.249999999999999851e-03, 5.619000000000000242e-05, 5.310999999999999943e+01, 6.965999999999999970e-01
6.000000000000000000e+10, 4.875000000000000226e-10, 2.748000000000000009e-03, 4.682000000000000235e-05, 5.311999999999999744e+01, 6.969999999999999529e-01
8.000000000000000000e+10, 2.741999999999999940e-10, 2.106999999999999932e-03, 3.512000000000000256e-05, 5.313000000000000256e+01, 6.973000000000000309e-01
1.000000000000000000e+11, 1.754999999999999885e-10, 1.714000000000000029e-03, 2.809000000000000041e-05, 5.314000000000000057e+01, 6.975999999999999979e-01
