1.000000000000000000e+03, 3.593000000000000000e+03, 1.300999999999999934e+00, 1.194000000000000000e+06, 0.000000000000000000e+00, 0.000000000000000000e+00
1.500000000000000000e+03, 3.443000000000000000e+03, 2.270999999999999908e+00, 5.311000000000000000e+05, 0.000000000000000000e+00, 0.000000000000000000e+00
2.000000000000000000e+03, 3.276000000000000000e+03, 3.193999999999999950e+00, 1.163000000000000000e+06, 0.000000000000000000e+00, 0.000000000000000000e+00
3.000000000000000000e+03, 2.939000000000000000e+03, 4.961000000000000298e+00, 6.068000000000000000e+05, 0.000000000000000000e+00, 0.000000000000000000e+00
4.000000000000000000e+03, 2.626000000000000000e+03, 6.652000000000000135e+00, 3.048000000000000000e+05, 0.000000000000000000e+00, 0.000000000000000000e+00
5.000000000000000000e+03, 2.347000000000000000e+03, 8.262000000000000455e+00, 1.757000000000000000e+05, 0.000000000000000000e+00, 0.000000000000000000e+00
6.000000000000000000e+03, 2.102000000000000000e+03, 9.782000000000000028e+00, 1.110000000000000000e+05, 0.000000000000000000e+00, 0.000000000000000000e+00
8.000000000000000000e+03, 1.704000000000000000e+03, 1.248000000000000043e+01, 5.325000000000000000e+04, 0.000000000000000000e+00, 0.000000000000000000e+00
1.000000000000000000e+04, 1.402000000000000000e+03, 1.474000000000000021e+01, 2.985000000000000000e+04, 0.000000000000000000e+00, 0.000000000000000000e+00
1.500000000000000000e+04, 9.116000000000000227e+02, 1.907999999999999829e+01, 4.360000000000000000e+04, 0.000000000000000000e+00, 0.000000000000000000e+00
2.000000000000000000e+04, 6.427000000000000455e+02, 2.230000000000000071e+01, 2.047000000000000000e+04, 0.000000000000000000e+00, 0.000000000000000000e+00
3.000000000000000000e+04, 3.800000000000000000e+02, 2.662999999999999901e+01, 6.914000000000000000e+03, 0.000000000000000000e+00, 0.000000000000000000e+00
4.000000000000000000e+04, 2.510000000000000000e+02, 2.907000000000000028e+01, 3.160000000000000000e+03, 0.000000000000000000e+00, 0.000000000000000000e+00
5.000000000000000000e+04, 1.775999999999999943e+02, 3.042000000000000171e+01, 1.711000000000000000e+03, 0.000000000000000000e+00, 0.000000000000000000e+00
6.000000000000000000e+04, 1.330000000000000000e+02, 3.117000000000000171e+01, 1.033000000000000000e+03, 0.000000000000000000e+00, 0.000000000000000000e+00
8.000000000000000000e+04, 8.359000000000000341e+01, 3.167000000000000171e+01, 2.380000000000000000e+03, 0.000000000000000000e+00, 0.000000000000000000e+00
1.000000000000000000e+05, 5.745000000000000284e+01, 3.151999999999999957e+01, 1.329000000000000000e+03, 0.000000000000000000e+00, 0.000000000000000000e+00
1.500000000000000000e+05, 2.812999999999999901e+01, 3.010000000000000142e+01, 4.480000000000000000e+02, 0.000000000000000000e+00, 0.000000000000000000e+00
2.000000000000000000e+05, 1.676000000000000156e+01, 2.839000000000000057e+01, 2.059000000000000057e+02, 0.000000000000000000e+00, 0.000000000000000000e+00
3.000000000000000000e+05, 7.964999999999999858e+00, 2.539000000000000057e+01, 6.990000000000000568e+01, 0.000000000000000000e+00, 0.000000000000000000e+00
4.000000000000000000e+05, 4.636000000000000121e+00, 2.307000000000000028e+01, 3.339000000000000057e+01, 0.000000000000000000e+00, 0.000000000000000000e+00
5.000000000000000000e+05, 3.027000000000000135e+00, 2.123999999999999844e+01, 1.928999999999999915e+01, 0.000000000000000000e+00, 0.000000000000000000e+00
6.000000000000000000e+05, 2.129999999999999893e+00, 1.975000000000000000e+01, 1.256000000000000050e+01, 0.000000000000000000e+00, 0.000000000000000000e+00
8.000000000000000000e+05, 1.217999999999999972e+00, 1.744999999999999929e+01, 6.621999999999999886e+00, 0.000000000000000000e+00, 0.000000000000000000e+00
1.000000000000000000e+06, 7.869000000000000439e-01, 1.573000000000000043e+01, 4.161999999999999922e+00, 0.000000000000000000e+00, 0.000000000000000000e+00
1.022000000000000000e+06, 7.540000000000000036e-01, 1.557000000000000028e+01, 3.983000000000000096e+00, 0.000000000000000000e+00, 0.000000000000000000e+00
1.250000000000000000e+06, 5.072999999999999732e-01, 1.409999999999999964e+01, 2.685999999999999943e+00, 1.021999999999999992e-01, 0.000000000000000000e+00
1.500000000000000000e+06, 3.538000000000000034e-01, 1.283000000000000007e+01, 1.915000000000000036e+00, 4.793000000000000038e-01, 0.000000000000000000e+00
2.000000000000000000e+06, 2.000000000000000111e-01, 1.096000000000000085e+01, 1.159000000000000030e+00, 1.481000000000000094e+00, 0.000000000000000000e+00
2.044000000000000000e+06, 1.915000000000000036e-01, 1.083000000000000007e+01, 1.118000000000000105e+00, 1.570999999999999952e+00, 0.000000000000000000e+00
3.000000000000000000e+06, 8.920000000000000151e-02, 8.635999999999999233e+00, 6.078000000000000069e-01, 3.357000000000000206e+00, 3.017999999999999849e-03
4.000000000000000000e+06, 5.023999999999999994e-02, 7.206999999999999851e+00, 3.988999999999999768e-01, 4.910999999999999588e+00, 1.230000000000000017e-02
5.000000000000000000e+06, 3.218000000000000027e-02, 6.225999999999999979e+00, 2.928999999999999937e-01, 6.214999999999999858e+00, 2.446999999999999870e-02
6.000000000000000000e+06, 2.234999999999999834e-02, 5.503999999999999559e+00, 2.298999999999999932e-01, 7.334999999999999964e+00, 3.751999999999999780e-02
7.000000000000000000e+06, 1.643000000000000016e-02, 4.947000000000000064e+00, 1.885000000000000009e-01, 8.323000000000000398e+00, 5.049000000000000016e-02
8.000000000000000000e+06, 1.257999999999999917e-02, 4.503000000000000114e+00, 1.592999999999999972e-01, 9.211000000000000298e+00, 6.303000000000000269e-02
9.000000000000000000e+06, 9.939999999999999183e-03, 4.139999999999999680e+00, 1.378000000000000058e-01, 1.001999999999999957e+01, 7.500999999999999335e-02
1.000000000000000000e+07, 8.052000000000000129e-03, 3.835999999999999854e+00, 1.213000000000000050e-01, 1.075999999999999979e+01, 8.637000000000000233e-02
1.100000000000000000e+07, 6.655000000000000325e-03, 3.577999999999999847e+00, 1.082999999999999935e-01, 1.144999999999999929e+01, 9.711000000000000187e-02
1.200000000000000000e+07, 5.591999999999999749e-03, 3.354999999999999982e+00, 9.771000000000000518e-02, 1.208999999999999986e+01, 1.072000000000000036e-01
1.300000000000000000e+07, 4.765000000000000138e-03, 3.161000000000000032e+00, 8.898999999999999966e-02, 1.267999999999999972e+01, 1.166999999999999982e-01
1.400000000000000000e+07, 4.108999999999999805e-03, 2.991000000000000103e+00, 8.168999999999999873e-02, 1.324000000000000021e+01, 1.257999999999999952e-01
1.500000000000000000e+07, 3.579000000000000150e-03, 2.838999999999999968e+00, 7.546999999999999542e-02, 1.375999999999999979e+01, 1.343000000000000027e-01
1.600000000000000000e+07, 3.145999999999999925e-03, 2.704000000000000181e+00, 7.012999999999999790e-02, 1.424000000000000021e+01, 1.423999999999999988e-01
1.800000000000000000e+07, 2.485999999999999929e-03, 2.471000000000000085e+00, 6.140999999999999931e-02, 1.511999999999999922e+01, 1.574000000000000121e-01
2.000000000000000000e+07, 2.013000000000000032e-03, 2.278999999999999915e+00, 5.460000000000000270e-02, 1.590000000000000036e+01, 1.708999999999999964e-01
2.200000000000000000e+07, 1.663999999999999898e-03, 2.116999999999999993e+00, 4.914000000000000312e-02, 1.660000000000000142e+01, 1.832999999999999907e-01
2.400000000000000000e+07, 1.397999999999999937e-03, 1.977999999999999980e+00, 4.467000000000000137e-02, 1.723999999999999844e+01, 1.947000000000000119e-01
2.600000000000000000e+07, 1.191000000000000001e-03, 1.856999999999999984e+00, 4.093999999999999723e-02, 1.782999999999999829e+01, 2.051999999999999935e-01
2.800000000000000000e+07, 1.026999999999999918e-03, 1.752000000000000002e+00, 3.778000000000000108e-02, 1.837000000000000099e+01, 2.147999999999999909e-01
3.000000000000000000e+07, 8.949000000000000140e-04, 1.659000000000000030e+00, 3.506999999999999701e-02, 1.887000000000000099e+01, 2.237999999999999989e-01
4.000000000000000000e+07, 5.033999999999999846e-04, 1.318000000000000060e+00, 2.580999999999999961e-02, 2.089000000000000057e+01, 2.607999999999999763e-01
5.000000000000000000e+07, 3.222000000000000254e-04, 1.100999999999999979e+00, 2.041000000000000106e-02, 2.239999999999999858e+01, 2.886000000000000232e-01
6.000000000000000000e+07, 2.236999999999999893e-04, 9.483000000000000318e-01, 1.686999999999999958e-02, 2.357000000000000028e+01, 3.104999999999999982e-01
8.000000000000000000e+07, 1.257999999999999949e-04, 7.479000000000000092e-01, 1.252999999999999947e-02, 2.528000000000000114e+01, 3.432000000000000051e-01
1.000000000000000000e+08, 8.053999999999999799e-05, 6.207000000000000295e-01, 9.965999999999999165e-03, 2.648999999999999844e+01, 3.668000000000000149e-01
1.500000000000000000e+08, 3.580000000000000283e-05, 4.420000000000000040e-01, 6.590999999999999637e-03, 2.839999999999999858e+01, 4.052999999999999936e-01
2.000000000000000000e+08, 2.012999999999999870e-05, 3.466000000000000192e-01, 4.924000000000000425e-03, 2.953000000000000114e+01, 4.292000000000000259e-01
3.000000000000000000e+08, 8.949000000000000208e-06, 2.457000000000000017e-01, 3.269000000000000204e-03, 3.085000000000000142e+01, 4.581000000000000072e-01
4.000000000000000000e+08, 5.034000000000000422e-06, 1.923999999999999877e-01, 2.446999999999999956e-03, 3.160000000000000142e+01, 4.753000000000000003e-01
5.000000000000000000e+08, 3.221999999999999814e-06, 1.592999999999999972e-01, 1.955000000000000140e-03, 3.209000000000000341e+01, 4.869999999999999885e-01
6.000000000000000000e+08, 2.236999999999999927e-06, 1.363999999999999935e-01, 1.628000000000000107e-03, 3.243999999999999773e+01, 4.954999999999999960e-01
8.000000000000000000e+08, 1.258000000000000068e-06, 1.064999999999999974e-01, 1.219999999999999947e-03, 3.290999999999999659e+01, 5.071999999999999842e-01
1.000000000000000000e+09, 8.054000000000000519e-07, 8.762000000000000344e-02, 9.753000000000000167e-04, 3.321000000000000085e+01, 5.150000000000000133e-01
1.500000000000000000e+09, 3.580000000000000029e-07, 6.119000000000000133e-02, 6.495999999999999604e-04, 3.364999999999999858e+01, 5.264999999999999680e-01
2.000000000000000000e+09, 2.013000000000000092e-07, 4.735999999999999932e-02, 4.870000000000000197e-04, 3.389000000000000057e+01, 5.330000000000000293e-01
3.000000000000000000e+09, 8.949000000000000261e-08, 3.293000000000000094e-02, 3.245999999999999754e-04, 3.414000000000000057e+01, 5.401000000000000245e-01
4.000000000000000000e+09, 5.033999999999999946e-08, 2.542000000000000162e-02, 2.434000000000000074e-04, 3.428000000000000114e+01, 5.443000000000000060e-01
5.000000000000000000e+09, 3.221999999999999999e-08, 2.077999999999999986e-02, 1.946999999999999892e-04, 3.436999999999999744e+01, 5.467999999999999527e-01
6.000000000000000000e+09, 2.237000000000000113e-08, 1.762000000000000025e-02, 1.622000000000000124e-04, 3.442999999999999972e+01, 5.485999999999999766e-01
8.000000000000000000e+09, 1.258000000000000081e-08, 1.358000000000000006e-02, 1.216000000000000013e-04, 3.450999999999999801e+01, 5.510000000000000453e-01
1.000000000000000000e+10, 8.054000000000000519e-09, 1.108999999999999916e-02, 9.731000000000000175e-05, 3.456000000000000227e+01, 5.524999999999999911e-01
1.500000000000000000e+10, 3.580000000000000045e-09, 7.661000000000000275e-03, 6.486999999999999386e-05, 3.463000000000000256e+01, 5.544999999999999929e-01
2.000000000000000000e+10, 2.012999999999999976e-09, 5.890000000000000270e-03, 4.864999999999999669e-05, 3.465999999999999659e+01, 5.556999999999999718e-01
3.000000000000000000e+10, 8.948999999999999806e-10, 4.061999999999999639e-03, 3.242999999999999952e-05, 3.470000000000000284e+01, 5.567999999999999616e-01
4.000000000000000000e+10, 5.034000000000000401e-10, 3.118000000000000112e-03, 2.432000000000000093e-05, 3.471999999999999886e+01, 5.575999999999999845e-01
5.000000000000000000e+10, 3.221999999999999834e-10, 2.539000000000000024e-03, 1.946000000000000003e-05, 3.474000000000000199e+01, 5.580000000000000515e-01
6.000000000000000000e+10, 2.236999999999999875e-10, 2.147000000000000037e-03, 1.622000000000000056e-05, 3.474000000000000199e+01, 5.583000000000000185e-01
8.000000000000000000e+10, 1.257999999999999947e-10, 1.645999999999999894e-03, 1.216000000000000047e-05, 3.475999999999999801e+01, 5.584999999999999964e-01
1.000000000000000000e+11, 8.054000000000000053e-11, 1.338999999999999913e-03, 9.728999999999999516e-06, 3.475999999999999801e+01, 5.587999999999999634e-01
