1.000000000000000000e+03, 9.917000000000000455e+02, 1.227000000000000091e+00, 6.367000000000000000e+05, 0.000000000000000000e+00, 0.000000000000000000e+00
1.500000000000000000e+03, 9.278999999999999773e+02, 2.027000000000000135e+00, 2.462000000000000000e+05, 0.000000000000000000e+00, 0.000000000000000000e+00
2.000000000000000000e+03, 8.642000000000000455e+02, 2.748000000000000220e+00, 1.221000000000000000e+05, 0.000000000000000000e+00, 0.000000000000000000e+00
3.000000000000000000e+03, 7.488999999999999773e+02, 4.076999999999999957e+00, 2.677000000000000000e+05, 0.000000000000000000e+00, 0.000000000000000000e+00
4.000000000000000000e+03, 6.508999999999999773e+02, 5.277999999999999581e+00, 1.282000000000000000e+05, 0.000000000000000000e+00, 0.000000000000000000e+00
5.000000000000000000e+03, 5.692000000000000455e+02, 6.371999999999999886e+00, 7.147000000000000000e+04, 0.000000000000000000e+00, 0.000000000000000000e+00
6.000000000000000000e+03, 5.020000000000000000e+02, 7.363000000000000433e+00, 4.395000000000000000e+04, 0.000000000000000000e+00, 0.000000000000000000e+00
8.000000000000000000e+03, 4.000000000000000000e+02, 9.032000000000000028e+00, 2.014000000000000000e+04, 0.000000000000000000e+00, 0.000000000000000000e+00
1.000000000000000000e+04, 3.256999999999999886e+02, 1.036999999999999922e+01, 1.090000000000000000e+04, 0.000000000000000000e+00, 0.000000000000000000e+00
1.500000000000000000e+04, 2.050000000000000000e+02, 1.286999999999999922e+01, 3.512000000000000000e+03, 0.000000000000000000e+00, 0.000000000000000000e+00
2.000000000000000000e+04, 1.396999999999999886e+02, 1.460999999999999943e+01, 1.081000000000000000e+04, 0.000000000000000000e+00, 0.000000000000000000e+00
3.000000000000000000e+04, 7.898999999999999488e+01, 1.667000000000000171e+01, 3.669000000000000000e+03, 0.000000000000000000e+00, 0.000000000000000000e+00
4.000000000000000000e+04, 5.125999999999999801e+01, 1.769999999999999929e+01, 1.656000000000000000e+03, 0.000000000000000000e+00, 0.000000000000000000e+00
5.000000000000000000e+04, 3.571999999999999886e+01, 1.819999999999999929e+01, 8.812999999999999545e+02, 0.000000000000000000e+00, 0.000000000000000000e+00
6.000000000000000000e+04, 2.628000000000000114e+01, 1.839000000000000057e+01, 5.223999999999999773e+02, 0.000000000000000000e+00, 0.000000000000000000e+00
8.000000000000000000e+04, 1.601999999999999957e+01, 1.828999999999999915e+01, 2.264000000000000057e+02, 0.000000000000000000e+00, 0.000000000000000000e+00
1.000000000000000000e+05, 1.084999999999999964e+01, 1.792999999999999972e+01, 1.175000000000000000e+02, 0.000000000000000000e+00, 0.000000000000000000e+00
1.500000000000000000e+05, 5.235999999999999766e+00, 1.676000000000000156e+01, 3.542000000000000171e+01, 0.000000000000000000e+00, 0.000000000000000000e+00
2.000000000000000000e+05, 3.064999999999999947e+00, 1.565000000000000036e+01, 1.516999999999999993e+01, 0.000000000000000000e+00, 0.000000000000000000e+00
3.000000000000000000e+05, 1.415000000000000036e+00, 1.383999999999999986e+01, 4.706999999999999851e+00, 0.000000000000000000e+00, 0.000000000000000000e+00
4.000000000000000000e+05, 8.111000000000000432e-01, 1.249000000000000021e+01, 2.125999999999999890e+00, 0.000000000000000000e+00, 0.000000000000000000e+00
5.000000000000000000e+05, 5.247000000000000552e-01, 1.146000000000000085e+01, 1.183999999999999941e+00, 0.000000000000000000e+00, 0.000000000000000000e+00
6.000000000000000000e+05, 3.667000000000000259e-01, 1.063000000000000078e+01, 7.517000000000000348e-01, 0.000000000000000000e+00, 0.000000000000000000e+00
8.000000000000000000e+05, 2.078000000000000125e-01, 9.359999999999999432e+00, 3.860999999999999988e-01, 0.000000000000000000e+00, 0.000000000000000000e+00
1.000000000000000000e+06, 1.333999999999999908e-01, 8.426999999999999602e+00, 2.406000000000000083e-01, 0.000000000000000000e+00, 0.000000000000000000e+00
1.022000000000000000e+06, 1.277999999999999969e-01, 8.339000000000000412e+00, 2.288000000000000034e-01, 0.000000000000000000e+00, 0.000000000000000000e+00
1.250000000000000000e+06, 8.562000000000000166e-02, 7.541999999999999815e+00, 1.544000000000000095e-01, 1.880000000000000074e-02, 0.000000000000000000e+00
1.500000000000000000e+06, 5.952999999999999958e-02, 6.858999999999999986e+00, 1.108999999999999986e-01, 9.017999999999999627e-02, 0.000000000000000000e+00
2.000000000000000000e+06, 3.352999999999999731e-02, 5.857000000000000206e+00, 6.784999999999999365e-02, 3.226999999999999869e-01, 0.000000000000000000e+00
2.044000000000000000e+06, 3.210999999999999965e-02, 5.785000000000000142e+00, 6.549000000000000654e-02, 3.457999999999999963e-01, 0.000000000000000000e+00
3.000000000000000000e+06, 1.491999999999999924e-02, 4.610000000000000320e+00, 3.631999999999999812e-02, 8.574000000000000510e-01, 1.613000000000000067e-03
4.000000000000000000e+06, 8.394000000000000419e-03, 3.846000000000000085e+00, 2.423000000000000154e-02, 1.342999999999999972e+00, 6.582000000000000177e-03
5.000000000000000000e+06, 5.373000000000000172e-03, 3.322000000000000064e+00, 1.801000000000000170e-02, 1.766999999999999904e+00, 1.311000000000000013e-02
6.000000000000000000e+06, 3.732000000000000074e-03, 2.935999999999999943e+00, 1.426999999999999970e-02, 2.137000000000000011e+00, 2.010999999999999940e-02
7.000000000000000000e+06, 2.742000000000000080e-03, 2.638999999999999790e+00, 1.178000000000000054e-02, 2.467999999999999972e+00, 2.708999999999999950e-02
8.000000000000000000e+06, 2.099000000000000171e-03, 2.402000000000000135e+00, 1.001999999999999939e-02, 2.765000000000000124e+00, 3.386000000000000121e-02
9.000000000000000000e+06, 1.659000000000000101e-03, 2.208000000000000185e+00, 8.713000000000000259e-03, 3.035000000000000142e+00, 4.032999999999999780e-02
1.000000000000000000e+07, 1.343999999999999926e-03, 2.045999999999999819e+00, 7.701000000000000380e-03, 3.282000000000000028e+00, 4.648000000000000048e-02
1.100000000000000000e+07, 1.110000000000000092e-03, 1.907999999999999918e+00, 6.897000000000000353e-03, 3.508000000000000007e+00, 5.231000000000000233e-02
1.200000000000000000e+07, 9.330999999999999668e-04, 1.790000000000000036e+00, 6.243000000000000285e-03, 3.716000000000000192e+00, 5.779999999999999721e-02
1.300000000000000000e+07, 7.950000000000000252e-04, 1.685999999999999943e+00, 5.701000000000000338e-03, 3.907000000000000028e+00, 6.297999999999999432e-02
1.400000000000000000e+07, 6.855000000000000199e-04, 1.594999999999999973e+00, 5.244999999999999662e-03, 4.083000000000000185e+00, 6.790999999999999814e-02
1.500000000000000000e+07, 5.971999999999999878e-04, 1.514000000000000012e+00, 4.856000000000000073e-03, 4.246999999999999886e+00, 7.258000000000000562e-02
1.600000000000000000e+07, 5.249000000000000193e-04, 1.441999999999999948e+00, 4.519999999999999712e-03, 4.400999999999999801e+00, 7.702000000000000512e-02
1.800000000000000000e+07, 4.146999999999999970e-04, 1.318000000000000060e+00, 3.969999999999999571e-03, 4.681000000000000050e+00, 8.523999999999999633e-02
2.000000000000000000e+07, 3.358999999999999790e-04, 1.215000000000000080e+00, 3.539000000000000045e-03, 4.932000000000000384e+00, 9.273000000000000687e-02
2.200000000000000000e+07, 2.776000000000000256e-04, 1.129000000000000004e+00, 3.191999999999999959e-03, 5.160999999999999588e+00, 9.958999999999999797e-02
2.400000000000000000e+07, 2.333000000000000059e-04, 1.054999999999999938e+00, 2.906000000000000163e-03, 5.368000000000000327e+00, 1.058999999999999941e-01
2.600000000000000000e+07, 1.988000000000000075e-04, 9.907000000000000250e-01, 2.667999999999999799e-03, 5.557999999999999829e+00, 1.116999999999999937e-01
2.800000000000000000e+07, 1.713999999999999920e-04, 9.344999999999999973e-01, 2.465000000000000177e-03, 5.730999999999999872e+00, 1.170999999999999958e-01
3.000000000000000000e+07, 1.492999999999999969e-04, 8.849000000000000199e-01, 2.291000000000000068e-03, 5.891000000000000014e+00, 1.222000000000000031e-01
4.000000000000000000e+07, 8.398000000000000571e-05, 7.032000000000000473e-01, 1.693000000000000060e-03, 6.541999999999999815e+00, 1.429999999999999882e-01
5.000000000000000000e+07, 5.374999999999999868e-05, 5.869999999999999662e-01, 1.342000000000000094e-03, 7.024000000000000021e+00, 1.589000000000000135e-01
6.000000000000000000e+07, 3.732000000000000183e-05, 5.058000000000000274e-01, 1.111999999999999924e-03, 7.399000000000000021e+00, 1.715000000000000135e-01
8.000000000000000000e+07, 2.099000000000000063e-05, 3.988999999999999768e-01, 8.274000000000000538e-04, 7.953999999999999737e+00, 1.905000000000000027e-01
1.000000000000000000e+08, 1.344000000000000007e-05, 3.311000000000000054e-01, 6.589000000000000239e-04, 8.349000000000000199e+00, 2.043999999999999984e-01
1.500000000000000000e+08, 5.971999999999999742e-06, 2.358000000000000096e-01, 4.365999999999999872e-04, 8.976000000000000867e+00, 2.275000000000000078e-01
2.000000000000000000e+08, 3.358999999999999942e-06, 1.847999999999999921e-01, 3.264000000000000191e-04, 9.352000000000000313e+00, 2.421000000000000096e-01
3.000000000000000000e+08, 1.492999999999999936e-06, 1.310000000000000053e-01, 2.168999999999999867e-04, 9.788999999999999702e+00, 2.600000000000000089e-01
4.000000000000000000e+08, 8.396999999999999818e-07, 1.025999999999999968e-01, 1.623999999999999901e-04, 1.003999999999999915e+01, 2.708999999999999742e-01
5.000000000000000000e+08, 5.374000000000000343e-07, 8.494000000000000161e-02, 1.298000000000000109e-04, 1.021000000000000085e+01, 2.783999999999999808e-01
6.000000000000000000e+08, 3.731999999999999801e-07, 7.273000000000000298e-02, 1.080999999999999984e-04, 1.033000000000000007e+01, 2.838999999999999857e-01
8.000000000000000000e+08, 2.098999999999999936e-07, 5.680000000000000326e-02, 8.103000000000000176e-05, 1.048000000000000043e+01, 2.914999999999999813e-01
1.000000000000000000e+09, 1.344000000000000123e-07, 4.673000000000000070e-02, 6.480000000000000300e-05, 1.058999999999999986e+01, 2.965999999999999748e-01
1.500000000000000000e+09, 5.971999999999999478e-08, 3.262999999999999928e-02, 4.317000000000000172e-05, 1.073000000000000043e+01, 3.043000000000000149e-01
2.000000000000000000e+09, 3.358999999999999836e-08, 2.526000000000000120e-02, 3.236999999999999670e-05, 1.082000000000000028e+01, 3.086999999999999744e-01
3.000000000000000000e+09, 1.492999999999999869e-08, 1.755999999999999922e-02, 2.156999999999999846e-05, 1.090000000000000036e+01, 3.135999999999999899e-01
4.000000000000000000e+09, 8.397000000000000678e-09, 1.355999999999999914e-02, 1.618000000000000094e-05, 1.094999999999999929e+01, 3.164000000000000146e-01
5.000000000000000000e+09, 5.373999999999999847e-09, 1.107999999999999957e-02, 1.293999999999999977e-05, 1.098000000000000043e+01, 3.181999999999999829e-01
6.000000000000000000e+09, 3.731999999999999934e-09, 9.398999999999999369e-03, 1.078000000000000013e-05, 1.100000000000000000e+01, 3.194000000000000172e-01
8.000000000000000000e+09, 2.098999999999999886e-09, 7.241000000000000041e-03, 8.086000000000000170e-06, 1.102999999999999936e+01, 3.210000000000000075e-01
1.000000000000000000e+10, 1.343999999999999908e-09, 5.911999999999999721e-03, 6.469000000000000236e-06, 1.103999999999999915e+01, 3.220999999999999974e-01
1.500000000000000000e+10, 5.971999999999999643e-10, 4.086000000000000222e-03, 4.312000000000000389e-06, 1.107000000000000028e+01, 3.235000000000000098e-01
2.000000000000000000e+10, 3.358999999999999981e-10, 3.141000000000000129e-03, 3.233999999999999868e-06, 1.108000000000000007e+01, 3.242999999999999772e-01
3.000000000000000000e+10, 1.492999999999999911e-10, 2.165999999999999957e-03, 2.156000000000000195e-06, 1.108999999999999986e+01, 3.251000000000000001e-01
4.000000000000000000e+10, 8.396999999999999541e-11, 1.662999999999999982e-03, 1.616999999999999934e-06, 1.109999999999999964e+01, 3.256999999999999895e-01
5.000000000000000000e+10, 5.374000000000000002e-11, 1.353999999999999952e-03, 1.294000000000000020e-06, 1.110999999999999943e+01, 3.260000000000000120e-01
6.000000000000000000e+10, 3.732000000000000011e-11, 1.144999999999999967e-03, 1.078000000000000097e-06, 1.110999999999999943e+01, 3.261999999999999900e-01
8.000000000000000000e+10, 2.099000000000000002e-11, 8.777999999999999779e-04, 8.084999999999999671e-07, 1.110999999999999943e+01, 3.264000000000000234e-01
1.000000000000000000e+11, 1.343999999999999928e-11, 7.142000000000000128e-04, 6.467999999999999949e-07, 1.110999999999999943e+01, 3.265000000000000124e-01
