1.000E-03  5.822E+01  1.620E+01  7.443E+01  2.229E-05  3.893E-06  0.1746
1.500E-03  6.898E+01  1.711E+01  8.608E+01  2.848E-05  5.343E-06  0.1876
2.000E-03  7.779E+01  1.753E+01  9.532E+01  3.399E-05  6.765E-06  0.1990
2.500E-03  8.540E+01  1.771E+01  1.031E+02  3.903E-05  8.164E-06  0.2092
3.000E-03  9.216E+01  1.775E+01  1.099E+02  4.372E-05  9.550E-06  0.2184
4.000E-03  1.039E+02  1.762E+01  1.216E+02  5.236E-05  1.230E-05  0.2349
5.000E-03  1.141E+02  1.735E+01  1.314E+02  6.026E-05  1.503E-05  0.2495
6.000E-03  1.231E+02  1.702E+01  1.401E+02  6.762E-05  1.776E-05  0.2626
7.000E-03  1.313E+02  1.667E+01  1.480E+02  7.456E-05  2.047E-05  0.2746
8.000E-03  1.388E+02  1.631E+01  1.552E+02  8.116E-05  2.318E-05  0.2857
9.000E-03  1.458E+02  1.596E+01  1.618E+02  8.747E-05  2.589E-05  0.2959
1.000E-02  1.524E+02  1.562E+01  1.680E+02  9.353E-05  2.858E-05  0.3056
1.250E-02  1.673E+02  1.483E+01  1.821E+02  1.078E-04  3.529E-05  0.3274
1.500E-02  1.805E+02  1.412E+01  1.946E+02  1.211E-04  4.195E-05  0.3465
1.750E-02  1.925E+02  1.348E+01  2.060E+02  1.336E-04  4.856E-05  0.3636
2.000E-02  2.035E+02  1.290E+01  2.164E+02  1.454E-04  5.512E-05  0.3791
2.250E-02  2.138E+02  1.239E+01  2.262E+02  1.567E-04  6.162E-05  0.3933
2.500E-02  2.234E+02  1.191E+01  2.353E+02  1.675E-04  6.806E-05  0.4063
2.750E-02  2.324E+02  1.148E+01  2.439E+02  1.780E-04  7.445E-05  0.4184
3.000E-02  2.410E+02  1.109E+01  2.521E+02  1.880E-04  8.078E-05  0.4296
3.500E-02  2.569E+02  1.039E+01  2.673E+02  2.073E-04  9.327E-05  0.4500
4.000E-02  2.716E+02  9.789E+00  2.813E+02  2.255E-04  1.056E-04  0.4681
4.500E-02  2.851E+02  9.264E+00  2.944E+02  2.429E-04  1.176E-04  0.4843
5.000E-02  2.978E+02  8.801E+00  3.066E+02  2.595E-04  1.295E-04  0.4990
5.500E-02  3.098E+02  8.390E+00  3.182E+02  2.755E-04  1.412E-04  0.5124
6.000E-02  3.211E+02  8.021E+00  3.291E+02  2.910E-04  1.527E-04  0.5248
6.500E-02  3.318E+02  7.689E+00  3.395E+02  3.059E-04  1.640E-04  0.5361
7.000E-02  3.421E+02  7.387E+00  3.495E+02  3.204E-04  1.752E-04  0.5467
7.500E-02  3.519E+02  7.111E+00  3.590E+02  3.345E-04  1.862E-04  0.5566
8.000E-02  3.613E+02  6.858E+00  3.681E+02  3.483E-04  1.971E-04  0.5658
8.500E-02  3.703E+02  6.626E+00  3.769E+02  3.617E-04  2.078E-04  0.5744
9.000E-02  3.790E+02  6.410E+00  3.854E+02  3.748E-04  2.184E-04  0.5826
9.500E-02  3.874E+02  6.211E+00  3.936E+02  3.877E-04  2.288E-04  0.5903
1.000E-01  3.955E+02  6.025E+00  4.015E+02  4.003E-04  2.392E-04  0.5975
1.250E-01  4.324E+02  5.258E+00  4.377E+02  4.598E-04  2.891E-04  0.6288
1.500E-01  4.645E+02  4.683E+00  4.692E+02  5.149E-04  3.367E-04  0.6539
1.750E-01  4.929E+02  4.234E+00  4.971E+02  5.667E-04  3.822E-04  0.6745
2.000E-01  5.182E+02  3.872E+00  5.221E+02  6.157E-04  4.261E-04  0.6920
2.250E-01  5.410E+02  3.573E+00  5.446E+02  6.626E-04  4.685E-04  0.7071
2.500E-01  5.616E+02  3.322E+00  5.650E+02  7.076E-04  5.097E-04  0.7203
2.750E-01  5.804E+02  3.107E+00  5.835E+02  7.512E-04  5.498E-04  0.7319
3.000E-01  5.974E+02  2.921E+00  6.003E+02  7.934E-04  5.890E-04  0.7423
3.500E-01  6.269E+02  2.614E+00  6.295E+02  8.747E-04  6.650E-04  0.7603
4.000E-01  6.512E+02  2.371E+00  6.536E+02  9.526E-04  7.385E-04  0.7753
4.500E-01  6.712E+02  2.173E+00  6.733E+02  1.028E-03  8.100E-04  0.7881
5.000E-01  6.873E+02  2.009E+00  6.893E+02  1.101E-03  8.801E-04  0.7992
5.500E-01  7.001E+02  1.869E+00  7.020E+02  1.173E-03  9.490E-04  0.8090
6.000E-01  7.100E+02  1.750E+00  7.117E+02  1.244E-03  1.017E-03  0.8177
6.500E-01  7.173E+02  1.646E+00  7.189E+02  1.314E-03  1.085E-03  0.8256
7.000E-01  7.223E+02  1.555E+00  7.239E+02  1.383E-03  1.152E-03  0.8327
7.500E-01  7.254E+02  1.474E+00  7.268E+02  1.452E-03  1.218E-03  0.8392
8.000E-01  7.267E+02  1.402E+00  7.281E+02  1.521E-03  1.285E-03  0.8452
8.500E-01  7.265E+02  1.337E+00  7.278E+02  1.589E-03  1.352E-03  0.8508
9.000E-01  7.250E+02  1.279E+00  7.263E+02  1.658E-03  1.419E-03  0.8559
9.500E-01  7.223E+02  1.225E+00  7.236E+02  1.727E-03  1.487E-03  0.8607
1.000E+00  7.188E+02  1.177E+00  7.199E+02  1.796E-03  1.554E-03  0.8652
1.250E+00  6.909E+02  9.856E-01  6.919E+02  2.150E-03  1.901E-03  0.8841
1.500E+00  6.550E+02  8.512E-01  6.558E+02  2.521E-03  2.266E-03  0.8987
1.750E+00  6.178E+02  7.513E-01  6.186E+02  2.913E-03  2.652E-03  0.9104
2.000E+00  5.826E+02  6.737E-01  5.833E+02  3.330E-03  3.063E-03  0.9200
2.250E+00  5.521E+02  6.117E-01  5.528E+02  3.770E-03  3.498E-03  0.9279
2.500E+00  5.257E+02  5.608E-01  5.262E+02  4.234E-03  3.957E-03  0.9346
2.750E+00  5.023E+02  5.183E-01  5.028E+02  4.720E-03  4.438E-03  0.9403
3.000E+00  4.815E+02  4.822E-01  4.819E+02  5.228E-03  4.941E-03  0.9451
3.500E+00  4.455E+02  4.240E-01  4.460E+02  6.308E-03  6.011E-03  0.9529
4.000E+00  4.155E+02  3.792E-01  4.159E+02  7.470E-03  7.163E-03  0.9589
4.500E+00  3.899E+02  3.434E-01  3.902E+02  8.712E-03  8.395E-03  0.9637
5.000E+00  3.677E+02  3.142E-01  3.680E+02  1.003E-02  9.705E-03  0.9675
5.500E+00  3.481E+02  2.898E-01  3.484E+02  1.143E-02  1.109E-02  0.9706
6.000E+00  3.306E+02  2.692E-01  3.309E+02  1.290E-02  1.255E-02  0.9731
6.500E+00  3.148E+02  2.515E-01  3.151E+02  1.445E-02  1.409E-02  0.9753
7.000E+00  3.009E+02  2.361E-01  3.012E+02  1.607E-02  1.571E-02  0.9771
7.500E+00  2.886E+02  2.225E-01  2.888E+02  1.777E-02  1.739E-02  0.9787
8.000E+00  2.773E+02  2.106E-01  2.775E+02  1.954E-02  1.915E-02  0.9801
8.500E+00  2.669E+02  1.999E-01  2.671E+02  2.137E-02  2.097E-02  0.9813
9.000E+00  2.576E+02  1.904E-01  2.578E+02  2.328E-02  2.287E-02  0.9823
9.500E+00  2.490E+02  1.817E-01  2.491E+02  2.525E-02  2.483E-02  0.9833
1.000E+01  2.412E+02  1.739E-01  2.413E+02  2.729E-02  2.686E-02  0.9841
1.250E+01  2.096E+02  1.434E-01  2.097E+02  3.844E-02  3.794E-02  0.9871
1.500E+01  1.865E+02  1.224E-01  1.866E+02  5.110E-02  5.054E-02  0.9891
1.750E+01  1.687E+02  1.070E-01  1.688E+02  6.521E-02  6.458E-02  0.9904
2.000E+01  1.543E+02  9.526E-02  1.544E+02  8.072E-02  8.002E-02  0.9913
2.500E+01  1.327E+02  7.834E-02  1.327E+02  1.158E-01  1.149E-01  0.9926
2.750E+01  1.243E+02  7.205E-02  1.243E+02  1.352E-01  1.343E-01  0.9930
3.000E+01  1.170E+02  6.673E-02  1.171E+02  1.560E-01  1.550E-01  0.9934
3.500E+01  1.051E+02  5.824E-02  1.051E+02  2.011E-01  1.999E-01  0.9940
4.000E+01  9.562E+01  5.175E-02  9.567E+01  2.511E-01  2.496E-01  0.9944
4.500E+01  8.792E+01  4.662E-02  8.797E+01  3.056E-01  3.040E-01  0.9947
5.000E+01  8.152E+01  4.245E-02  8.157E+01  3.647E-01  3.629E-01  0.9950
5.500E+01  7.611E+01  3.899E-02  7.615E+01  4.282E-01  4.261E-01  0.9952
6.000E+01  7.145E+01  3.608E-02  7.149E+01  4.960E-01  4.937E-01  0.9953
6.500E+01  6.740E+01  3.359E-02  6.744E+01  5.680E-01  5.655E-01  0.9955
7.000E+01  6.384E+01  3.144E-02  6.387E+01  6.443E-01  6.414E-01  0.9956
7.500E+01  6.069E+01  2.955E-02  6.072E+01  7.246E-01  7.215E-01  0.9957
8.000E+01  5.787E+01  2.789E-02  5.790E+01  8.089E-01  8.055E-01  0.9958
8.500E+01  5.533E+01  2.641E-02  5.536E+01  8.973E-01  8.936E-01  0.9959
9.000E+01  5.304E+01  2.509E-02  5.306E+01  9.896E-01  9.856E-01  0.9960
9.500E+01  5.095E+01  2.389E-02  5.098E+01  1.086E+00  1.081E+00  0.9960
1.000E+02  4.905E+01  2.281E-02  4.907E+01  1.186E+00  1.181E+00  0.9961
1.250E+02  4.153E+01  1.865E-02  4.155E+01  1.742E+00  1.735E+00  0.9963
1.500E+02  3.625E+01  1.581E-02  3.626E+01  2.388E+00  2.379E+00  0.9965
1.750E+02  3.231E+01  1.373E-02  3.232E+01  3.119E+00  3.109E+00  0.9966
2.000E+02  2.925E+01  1.215E-02  2.927E+01  3.933E+00  3.920E+00  0.9967
2.250E+02  2.681E+01  1.091E-02  2.682E+01  4.827E+00  4.811E+00  0.9968
2.500E+02  2.481E+01  9.902E-03  2.482E+01  5.797E+00  5.779E+00  0.9969
2.750E+02  2.313E+01  9.070E-03  2.314E+01  6.841E+00  6.820E+00  0.9969
3.000E+02  2.171E+01  8.369E-03  2.172E+01  7.957E+00  7.933E+00  0.9970
3.500E+02  1.943E+01  7.255E-03  1.943E+01  1.040E+01  1.036E+01  0.9971
4.000E+02  1.767E+01  6.406E-03  1.768E+01  1.310E+01  1.306E+01  0.9972
4.500E+02  1.627E+01  5.737E-03  1.628E+01  1.605E+01  1.600E+01  0.9972
5.000E+02  1.513E+01  5.197E-03  1.514E+01  1.924E+01  1.918E+01  0.9973
5.500E+02  1.419E+01  4.752E-03  1.419E+01  2.265E+01  2.259E+01  0.9973
6.000E+02  1.339E+01  4.379E-03  1.340E+01  2.628E+01  2.621E+01  0.9974
6.500E+02  1.271E+01  4.060E-03  1.271E+01  3.011E+01  3.003E+01  0.9974
7.000E+02  1.212E+01  3.785E-03  1.212E+01  3.414E+01  3.405E+01  0.9975
7.500E+02  1.160E+01  3.545E-03  1.161E+01  3.836E+01  3.826E+01  0.9975
8.000E+02  1.115E+01  3.334E-03  1.115E+01  4.276E+01  4.265E+01  0.9975
8.500E+02  1.074E+01  3.146E-03  1.075E+01  4.732E+01  4.721E+01  0.9976
9.000E+02  1.038E+01  2.978E-03  1.039E+01  5.206E+01  5.193E+01  0.9976
9.500E+02  1.006E+01  2.828E-03  1.006E+01  5.695E+01  5.681E+01  0.9976
1.000E+03  9.766E+00  2.692E-03  9.769E+00  6.199E+01  6.185E+01  0.9977
