1.000E-03  3.126E+01  1.386E+01  4.512E+01  3.592E-05  4.405E-06  0.1226
1.500E-03  3.813E+01  1.473E+01  5.287E+01  4.606E-05  6.070E-06  0.1318
2.000E-03  4.391E+01  1.518E+01  5.909E+01  5.499E-05  7.702E-06  0.1401
2.500E-03  4.898E+01  1.540E+01  6.438E+01  6.309E-05  9.313E-06  0.1476
3.000E-03  5.356E+01  1.550E+01  6.905E+01  7.058E-05  1.091E-05  0.1547
4.000E-03  6.166E+01  1.547E+01  7.714E+01  8.425E-05  1.411E-05  0.1675
5.000E-03  6.879E+01  1.531E+01  8.410E+01  9.665E-05  1.731E-05  0.1791
6.000E-03  7.521E+01  1.508E+01  9.029E+01  1.081E-04  2.051E-05  0.1897
7.000E-03  8.111E+01  1.482E+01  9.593E+01  1.189E-04  2.372E-05  0.1996
8.000E-03  8.660E+01  1.455E+01  1.011E+02  1.290E-04  2.693E-05  0.2088
9.000E-03  9.174E+01  1.427E+01  1.060E+02  1.387E-04  3.016E-05  0.2175
1.000E-02  9.660E+01  1.400E+01  1.106E+02  1.479E-04  3.338E-05  0.2257
1.250E-02  1.077E+02  1.336E+01  1.211E+02  1.695E-04  4.145E-05  0.2446
1.500E-02  1.178E+02  1.277E+01  1.306E+02  1.893E-04  4.952E-05  0.2615
1.750E-02  1.270E+02  1.223E+01  1.393E+02  2.079E-04  5.756E-05  0.2769
2.000E-02  1.356E+02  1.175E+01  1.474E+02  2.253E-04  6.557E-05  0.2910
2.250E-02  1.436E+02  1.131E+01  1.550E+02  2.418E-04  7.355E-05  0.3041
2.500E-02  1.512E+02  1.090E+01  1.621E+02  2.576E-04  8.148E-05  0.3163
2.750E-02  1.584E+02  1.053E+01  1.690E+02  2.727E-04  8.936E-05  0.3277
3.000E-02  1.653E+02  1.019E+01  1.755E+02  2.872E-04  9.719E-05  0.3384
3.500E-02  1.782E+02  9.577E+00  1.878E+02  3.147E-04  1.127E-04  0.3580
4.000E-02  1.902E+02  9.048E+00  1.993E+02  3.406E-04  1.279E-04  0.3757
4.500E-02  2.014E+02  8.584E+00  2.100E+02  3.650E-04  1.430E-04  0.3917
5.000E-02  2.120E+02  8.173E+00  2.202E+02  3.883E-04  1.578E-04  0.4064
5.500E-02  2.220E+02  7.806E+00  2.298E+02  4.105E-04  1.724E-04  0.4199
6.000E-02  2.316E+02  7.476E+00  2.391E+02  4.318E-04  1.867E-04  0.4325
6.500E-02  2.407E+02  7.177E+00  2.479E+02  4.523E-04  2.009E-04  0.4441
7.000E-02  2.495E+02  6.905E+00  2.564E+02  4.722E-04  2.149E-04  0.4550
7.500E-02  2.579E+02  6.656E+00  2.646E+02  4.914E-04  2.286E-04  0.4653
8.000E-02  2.660E+02  6.427E+00  2.724E+02  5.100E-04  2.422E-04  0.4749
8.500E-02  2.739E+02  6.215E+00  2.801E+02  5.281E-04  2.556E-04  0.4839
9.000E-02  2.814E+02  6.019E+00  2.875E+02  5.457E-04  2.688E-04  0.4925
9.500E-02  2.888E+02  5.837E+00  2.946E+02  5.629E-04  2.818E-04  0.5007
1.000E-01  2.959E+02  5.667E+00  3.016E+02  5.797E-04  2.947E-04  0.5084
1.250E-01  3.288E+02  4.964E+00  3.337E+02  6.583E-04  3.569E-04  0.5420
1.500E-01  3.578E+02  4.433E+00  3.622E+02  7.302E-04  4.158E-04  0.5694
1.750E-01  3.838E+02  4.017E+00  3.878E+02  7.968E-04  4.719E-04  0.5923
2.000E-01  4.074E+02  3.680E+00  4.111E+02  8.594E-04  5.258E-04  0.6118
2.250E-01  4.288E+02  3.401E+00  4.322E+02  9.187E-04  5.776E-04  0.6288
2.500E-01  4.484E+02  3.166E+00  4.516E+02  9.752E-04  6.278E-04  0.6437
2.750E-01  4.663E+02  2.964E+00  4.693E+02  1.030E-03  6.764E-04  0.6570
3.000E-01  4.828E+02  2.789E+00  4.856E+02  1.082E-03  7.238E-04  0.6690
3.500E-01  5.118E+02  2.500E+00  5.143E+02  1.182E-03  8.152E-04  0.6898
4.000E-01  5.362E+02  2.271E+00  5.385E+02  1.277E-03  9.031E-04  0.7073
4.500E-01  5.566E+02  2.084E+00  5.587E+02  1.368E-03  9.882E-04  0.7225
5.000E-01  5.735E+02  1.928E+00  5.754E+02  1.456E-03  1.071E-03  0.7357
5.500E-01  5.873E+02  1.795E+00  5.891E+02  1.542E-03  1.152E-03  0.7474
6.000E-01  5.984E+02  1.682E+00  6.001E+02  1.626E-03  1.232E-03  0.7579
6.500E-01  6.072E+02  1.583E+00  6.087E+02  1.709E-03  1.311E-03  0.7675
7.000E-01  6.138E+02  1.496E+00  6.153E+02  1.790E-03  1.390E-03  0.7762
7.500E-01  6.185E+02  1.419E+00  6.199E+02  1.871E-03  1.467E-03  0.7842
8.000E-01  6.216E+02  1.350E+00  6.230E+02  1.952E-03  1.545E-03  0.7916
8.500E-01  6.234E+02  1.288E+00  6.246E+02  2.032E-03  1.622E-03  0.7984
9.000E-01  6.238E+02  1.232E+00  6.251E+02  2.112E-03  1.700E-03  0.8048
9.500E-01  6.233E+02  1.181E+00  6.245E+02  2.192E-03  1.777E-03  0.8108
1.000E+00  6.218E+02  1.135E+00  6.230E+02  2.272E-03  1.855E-03  0.8165
1.250E+00  6.044E+02  9.518E-01  6.054E+02  2.678E-03  2.251E-03  0.8404
1.500E+00  5.787E+02  8.229E-01  5.795E+02  3.100E-03  2.664E-03  0.8592
1.750E+00  5.508E+02  7.268E-01  5.515E+02  3.542E-03  3.098E-03  0.8745
2.000E+00  5.233E+02  6.522E-01  5.240E+02  4.007E-03  3.555E-03  0.8871
2.250E+00  4.976E+02  5.924E-01  4.982E+02  4.497E-03  4.037E-03  0.8978
2.500E+00  4.744E+02  5.434E-01  4.749E+02  5.011E-03  4.544E-03  0.9068
2.750E+00  4.536E+02  5.024E-01  4.541E+02  5.550E-03  5.076E-03  0.9146
3.000E+00  4.350E+02  4.676E-01  4.354E+02  6.112E-03  5.631E-03  0.9213
3.500E+00  4.027E+02  4.114E-01  4.031E+02  7.307E-03  6.812E-03  0.9324
4.000E+00  3.759E+02  3.681E-01  3.763E+02  8.591E-03  8.084E-03  0.9409
4.500E+00  3.532E+02  3.335E-01  3.535E+02  9.963E-03  9.442E-03  0.9477
5.000E+00  3.336E+02  3.052E-01  3.339E+02  1.142E-02  1.088E-02  0.9532
5.500E+00  3.169E+02  2.816E-01  3.172E+02  1.296E-02  1.241E-02  0.9577
6.000E+00  3.020E+02  2.616E-01  3.023E+02  1.457E-02  1.401E-02  0.9615
6.500E+00  2.888E+02  2.445E-01  2.890E+02  1.626E-02  1.569E-02  0.9646
7.000E+00  2.769E+02  2.295E-01  2.771E+02  1.803E-02  1.744E-02  0.9673
7.500E+00  2.662E+02  2.165E-01  2.664E+02  1.987E-02  1.927E-02  0.9696
8.000E+00  2.565E+02  2.049E-01  2.567E+02  2.178E-02  2.117E-02  0.9716
8.500E+00  2.477E+02  1.945E-01  2.478E+02  2.377E-02  2.313E-02  0.9734
9.000E+00  2.395E+02  1.852E-01  2.397E+02  2.582E-02  2.517E-02  0.9750
9.500E+00  2.320E+02  1.768E-01  2.322E+02  2.794E-02  2.728E-02  0.9763
1.000E+01  2.251E+02  1.692E-01  2.253E+02  3.012E-02  2.945E-02  0.9776
1.250E+01  1.969E+02  1.397E-01  1.970E+02  4.203E-02  4.127E-02  0.9821
1.500E+01  1.760E+02  1.193E-01  1.761E+02  5.547E-02  5.464E-02  0.9850
1.750E+01  1.598E+02  1.043E-01  1.599E+02  7.039E-02  6.947E-02  0.9869
2.000E+01  1.467E+02  9.288E-02  1.468E+02  8.673E-02  8.572E-02  0.9884
2.500E+01  1.268E+02  7.642E-02  1.269E+02  1.235E-01  1.223E-01  0.9903
2.750E+01  1.190E+02  7.029E-02  1.191E+02  1.438E-01  1.425E-01  0.9909
3.000E+01  1.122E+02  6.512E-02  1.123E+02  1.655E-01  1.641E-01  0.9915
3.500E+01  1.010E+02  5.686E-02  1.011E+02  2.125E-01  2.109E-01  0.9923
4.000E+01  9.209E+01  5.053E-02  9.214E+01  2.644E-01  2.625E-01  0.9929
4.500E+01  8.478E+01  4.553E-02  8.483E+01  3.210E-01  3.189E-01  0.9934
5.000E+01  7.872E+01  4.147E-02  7.876E+01  3.822E-01  3.798E-01  0.9938
5.500E+01  7.355E+01  3.810E-02  7.359E+01  4.479E-01  4.453E-01  0.9941
6.000E+01  6.909E+01  3.526E-02  6.913E+01  5.181E-01  5.151E-01  0.9943
6.500E+01  6.522E+01  3.283E-02  6.525E+01  5.926E-01  5.893E-01  0.9945
7.000E+01  6.180E+01  3.073E-02  6.183E+01  6.713E-01  6.677E-01  0.9947
7.500E+01  5.877E+01  2.890E-02  5.880E+01  7.543E-01  7.504E-01  0.9948
8.000E+01  5.607E+01  2.727E-02  5.609E+01  8.413E-01  8.371E-01  0.9950
8.500E+01  5.363E+01  2.583E-02  5.365E+01  9.325E-01  9.279E-01  0.9951
9.000E+01  5.142E+01  2.454E-02  5.145E+01  1.028E+00  1.023E+00  0.9952
9.500E+01  4.941E+01  2.338E-02  4.944E+01  1.127E+00  1.122E+00  0.9953
1.000E+02  4.758E+01  2.232E-02  4.760E+01  1.230E+00  1.224E+00  0.9954
1.250E+02  4.033E+01  1.825E-02  4.035E+01  1.803E+00  1.795E+00  0.9957
1.500E+02  3.523E+01  1.548E-02  3.524E+01  2.468E+00  2.458E+00  0.9959
1.750E+02  3.143E+01  1.346E-02  3.144E+01  3.220E+00  3.208E+00  0.9961
2.000E+02  2.848E+01  1.191E-02  2.849E+01  4.057E+00  4.041E+00  0.9962
2.250E+02  2.611E+01  1.070E-02  2.613E+01  4.974E+00  4.956E+00  0.9963
2.500E+02  2.418E+01  9.711E-03  2.419E+01  5.970E+00  5.948E+00  0.9964
2.750E+02  2.256E+01  8.896E-03  2.257E+01  7.041E+00  7.016E+00  0.9965
3.000E+02  2.118E+01  8.211E-03  2.119E+01  8.184E+00  8.156E+00  0.9965
3.500E+02  1.897E+01  7.122E-03  1.898E+01  1.068E+01  1.065E+01  0.9967
4.000E+02  1.726E+01  6.292E-03  1.727E+01  1.345E+01  1.340E+01  0.9968
4.500E+02  1.590E+01  5.638E-03  1.591E+01  1.647E+01  1.642E+01  0.9968
5.000E+02  1.479E+01  5.108E-03  1.480E+01  1.973E+01  1.967E+01  0.9969
5.500E+02  1.387E+01  4.671E-03  1.388E+01  2.322E+01  2.315E+01  0.9970
6.000E+02  1.309E+01  4.305E-03  1.310E+01  2.693E+01  2.685E+01  0.9970
6.500E+02  1.243E+01  3.993E-03  1.243E+01  3.085E+01  3.076E+01  0.9971
7.000E+02  1.185E+01  3.724E-03  1.185E+01  3.497E+01  3.487E+01  0.9971
7.500E+02  1.135E+01  3.489E-03  1.135E+01  3.929E+01  3.918E+01  0.9972
8.000E+02  1.090E+01  3.282E-03  1.090E+01  4.378E+01  4.366E+01  0.9972
8.500E+02  1.051E+01  3.099E-03  1.051E+01  4.846E+01  4.832E+01  0.9972
9.000E+02  1.015E+01  2.934E-03  1.015E+01  5.330E+01  5.315E+01  0.9973
9.500E+02  9.834E+00  2.787E-03  9.837E+00  5.830E+01  5.814E+01  0.9973
1.000E+03  9.547E+00  2.653E-03  9.549E+00  6.346E+01  6.329E+01  0.9973
