1.000E-03  8.726E+01  2.949E+02  3.822E+02  2.488E-06  1.700E-06  0.6832
1.500E-03  1.108E+02  2.570E+02  3.678E+02  3.822E-06  2.682E-06  0.7018
2.000E-03  1.313E+02  2.290E+02  3.603E+02  5.197E-06  3.725E-06  0.7168
2.500E-03  1.498E+02  2.074E+02  3.572E+02  6.592E-06  4.808E-06  0.7293
3.000E-03  1.668E+02  1.901E+02  3.569E+02  7.993E-06  5.916E-06  0.7401
4.000E-03  1.977E+02  1.639E+02  3.616E+02  1.078E-05  8.171E-06  0.7580
5.000E-03  2.255E+02  1.448E+02  3.703E+02  1.352E-05  1.044E-05  0.7724
6.000E-03  2.511E+02  1.302E+02  3.814E+02  1.618E-05  1.269E-05  0.7845
7.000E-03  2.750E+02  1.187E+02  3.937E+02  1.876E-05  1.491E-05  0.7948
8.000E-03  2.975E+02  1.092E+02  4.067E+02  2.126E-05  1.709E-05  0.8037
9.000E-03  3.189E+02  1.013E+02  4.202E+02  2.368E-05  1.922E-05  0.8116
1.000E-02  3.394E+02  9.458E+01  4.339E+02  2.602E-05  2.130E-05  0.8186
1.250E-02  3.870E+02  8.149E+01  4.685E+02  3.156E-05  2.630E-05  0.8332
1.500E-02  4.309E+02  7.189E+01  5.028E+02  3.671E-05  3.101E-05  0.8448
1.750E-02  4.718E+02  6.450E+01  5.363E+02  4.152E-05  3.547E-05  0.8543
2.000E-02  5.104E+02  5.862E+01  5.690E+02  4.605E-05  3.970E-05  0.8622
2.250E-02  5.470E+02  5.382E+01  6.008E+02  5.032E-05  4.373E-05  0.8690
2.500E-02  5.819E+02  4.982E+01  6.317E+02  5.438E-05  4.758E-05  0.8749
2.750E-02  6.153E+02  4.642E+01  6.618E+02  5.825E-05  5.126E-05  0.8800
3.000E-02  6.475E+02  4.350E+01  6.910E+02  6.194E-05  5.479E-05  0.8846
3.500E-02  7.087E+02  3.872E+01  7.474E+02  6.889E-05  6.148E-05  0.8924
4.000E-02  7.661E+02  3.496E+01  8.011E+02  7.535E-05  6.773E-05  0.8988
4.500E-02  8.205E+02  3.193E+01  8.525E+02  8.140E-05  7.360E-05  0.9041
5.000E-02  8.723E+02  2.942E+01  9.017E+02  8.710E-05  7.915E-05  0.9087
5.500E-02  9.218E+02  2.730E+01  9.491E+02  9.251E-05  8.443E-05  0.9127
6.000E-02  9.693E+02  2.549E+01  9.948E+02  9.765E-05  8.947E-05  0.9162
6.500E-02  1.015E+03  2.393E+01  1.039E+03  1.026E-04  9.429E-05  0.9193
7.000E-02  1.059E+03  2.256E+01  1.082E+03  1.073E-04  9.893E-05  0.9221
7.500E-02  1.102E+03  2.135E+01  1.123E+03  1.118E-04  1.034E-04  0.9246
8.000E-02  1.143E+03  2.028E+01  1.163E+03  1.162E-04  1.077E-04  0.9269
8.500E-02  1.183E+03  1.931E+01  1.202E+03  1.204E-04  1.119E-04  0.9290
9.000E-02  1.221E+03  1.844E+01  1.240E+03  1.245E-04  1.159E-04  0.9309
9.500E-02  1.259E+03  1.766E+01  1.277E+03  1.285E-04  1.198E-04  0.9327
1.000E-01  1.296E+03  1.694E+01  1.313E+03  1.324E-04  1.237E-04  0.9343
1.250E-01  1.465E+03  1.412E+01  1.479E+03  1.503E-04  1.414E-04  0.9410
1.500E-01  1.614E+03  1.215E+01  1.627E+03  1.664E-04  1.574E-04  0.9460
1.750E-01  1.748E+03  1.070E+01  1.759E+03  1.811E-04  1.721E-04  0.9499
2.000E-01  1.867E+03  9.573E+00  1.877E+03  1.949E-04  1.857E-04  0.9531
2.250E-01  1.975E+03  8.676E+00  1.983E+03  2.078E-04  1.986E-04  0.9558
2.500E-01  2.071E+03  7.942E+00  2.078E+03  2.201E-04  2.109E-04  0.9580
2.750E-01  2.156E+03  7.329E+00  2.164E+03  2.319E-04  2.226E-04  0.9600
3.000E-01  2.233E+03  6.810E+00  2.240E+03  2.433E-04  2.340E-04  0.9617
3.500E-01  2.361E+03  5.977E+00  2.367E+03  2.650E-04  2.556E-04  0.9647
4.000E-01  2.460E+03  5.335E+00  2.466E+03  2.856E-04  2.762E-04  0.9671
4.500E-01  2.535E+03  4.825E+00  2.540E+03  3.056E-04  2.962E-04  0.9691
5.000E-01  2.588E+03  4.409E+00  2.593E+03  3.251E-04  3.156E-04  0.9709
5.500E-01  2.624E+03  4.062E+00  2.628E+03  3.442E-04  3.347E-04  0.9724
6.000E-01  2.644E+03  3.769E+00  2.648E+03  3.632E-04  3.536E-04  0.9738
6.500E-01  2.652E+03  3.518E+00  2.656E+03  3.820E-04  3.725E-04  0.9750
7.000E-01  2.650E+03  3.300E+00  2.653E+03  4.008E-04  3.913E-04  0.9762
7.500E-01  2.639E+03  3.109E+00  2.642E+03  4.197E-04  4.102E-04  0.9772
8.000E-01  2.621E+03  2.940E+00  2.624E+03  4.387E-04  4.291E-04  0.9781
8.500E-01  2.598E+03  2.789E+00  2.601E+03  4.578E-04  4.482E-04  0.9790
9.000E-01  2.571E+03  2.654E+00  2.574E+03  4.772E-04  4.675E-04  0.9798
9.500E-01  2.540E+03  2.532E+00  2.543E+03  4.967E-04  4.871E-04  0.9806
1.000E+00  2.507E+03  2.422E+00  2.510E+03  5.165E-04  5.069E-04  0.9813
1.250E+00  2.323E+03  1.993E+00  2.325E+03  6.199E-04  6.102E-04  0.9843
1.500E+00  2.139E+03  1.699E+00  2.141E+03  7.320E-04  7.222E-04  0.9867
1.750E+00  1.976E+03  1.483E+00  1.977E+03  8.536E-04  8.438E-04  0.9885
2.000E+00  1.832E+03  1.319E+00  1.834E+03  9.850E-04  9.751E-04  0.9900
2.250E+00  1.706E+03  1.188E+00  1.707E+03  1.126E-03  1.116E-03  0.9912
2.500E+00  1.593E+03  1.082E+00  1.594E+03  1.278E-03  1.268E-03  0.9922
2.750E+00  1.493E+03  9.946E-01  1.493E+03  1.440E-03  1.430E-03  0.9931
3.000E+00  1.402E+03  9.206E-01  1.403E+03  1.613E-03  1.603E-03  0.9938
3.500E+00  1.249E+03  8.025E-01  1.250E+03  1.991E-03  1.981E-03  0.9949
4.000E+00  1.130E+03  7.123E-01  1.130E+03  2.412E-03  2.402E-03  0.9958
4.500E+00  1.033E+03  6.410E-01  1.034E+03  2.875E-03  2.865E-03  0.9964
5.000E+00  9.538E+02  5.831E-01  9.544E+02  3.379E-03  3.369E-03  0.9969
5.500E+00  8.868E+02  5.352E-01  8.873E+02  3.923E-03  3.912E-03  0.9973
6.000E+00  8.295E+02  4.948E-01  8.300E+02  4.506E-03  4.495E-03  0.9976
6.500E+00  7.798E+02  4.604E-01  7.803E+02  5.128E-03  5.117E-03  0.9979
7.000E+00  7.364E+02  4.306E-01  7.368E+02  5.787E-03  5.776E-03  0.9981
7.500E+00  6.979E+02  4.045E-01  6.983E+02  6.485E-03  6.474E-03  0.9983
8.000E+00  6.637E+02  3.815E-01  6.640E+02  7.219E-03  7.208E-03  0.9985
8.500E+00  6.329E+02  3.611E-01  6.333E+02  7.990E-03  7.979E-03  0.9986
9.000E+00  6.052E+02  3.429E-01  6.055E+02  8.798E-03  8.787E-03  0.9987
9.500E+00  5.800E+02  3.264E-01  5.803E+02  9.642E-03  9.630E-03  0.9988
1.000E+01  5.570E+02  3.115E-01  5.573E+02  1.052E-02  1.051E-02  0.9989
1.250E+01  4.666E+02  2.540E-01  4.669E+02  1.544E-02  1.543E-02  0.9992
1.500E+01  4.033E+02  2.148E-01  4.035E+02  2.122E-02  2.121E-02  0.9994
1.750E+01  3.562E+02  1.864E-01  3.564E+02  2.783E-02  2.781E-02  0.9995
2.000E+01  3.197E+02  1.647E-01  3.199E+02  3.525E-02  3.523E-02  0.9996
2.500E+01  2.666E+02  1.338E-01  2.667E+02  5.244E-02  5.243E-02  0.9997
2.750E+01  2.466E+02  1.224E-01  2.467E+02  6.220E-02  6.218E-02  0.9997
3.000E+01  2.296E+02  1.128E-01  2.297E+02  7.271E-02  7.269E-02  0.9997
3.500E+01  2.023E+02  9.757E-02  2.024E+02  9.595E-02  9.592E-02  0.9997
4.000E+01  1.812E+02  8.603E-02  1.813E+02  1.221E-01  1.221E-01  0.9998
4.500E+01  1.644E+02  7.694E-02  1.645E+02  1.511E-01  1.511E-01  0.9998
5.000E+01  1.507E+02  6.958E-02  1.508E+02  1.829E-01  1.828E-01  0.9998
5.500E+01  1.393E+02  6.351E-02  1.393E+02  2.174E-01  2.174E-01  0.9998
6.000E+01  1.296E+02  5.842E-02  1.296E+02  2.546E-01  2.546E-01  0.9998
6.500E+01  1.213E+02  5.409E-02  1.213E+02  2.945E-01  2.945E-01  0.9998
7.000E+01  1.141E+02  5.037E-02  1.141E+02  3.370E-01  3.370E-01  0.9998
7.500E+01  1.077E+02  4.713E-02  1.078E+02  3.821E-01  3.821E-01  0.9998
8.000E+01  1.021E+02  4.429E-02  1.022E+02  4.298E-01  4.298E-01  0.9998
8.500E+01  9.712E+01  4.177E-02  9.716E+01  4.800E-01  4.799E-01  0.9998
9.000E+01  9.264E+01  3.953E-02  9.268E+01  5.327E-01  5.327E-01  0.9999
9.500E+01  8.859E+01  3.752E-02  8.863E+01  5.879E-01  5.878E-01  0.9999
1.000E+02  8.492E+01  3.571E-02  8.495E+01  6.456E-01  6.455E-01  0.9999
1.250E+02  7.066E+01  2.873E-02  7.069E+01  9.697E-01  9.696E-01  0.9999
1.500E+02  6.087E+01  2.402E-02  6.089E+01  1.352E+00  1.352E+00  0.9999
1.750E+02  5.370E+01  2.064E-02  5.372E+01  1.790E+00  1.790E+00  0.9999
2.000E+02  4.821E+01  1.811E-02  4.823E+01  2.282E+00  2.282E+00  0.9999
2.250E+02  4.387E+01  1.613E-02  4.388E+01  2.826E+00  2.826E+00  0.9999
2.500E+02  4.034E+01  1.452E-02  4.036E+01  3.421E+00  3.421E+00  0.9999
2.750E+02  3.743E+01  1.321E-02  3.744E+01  4.065E+00  4.064E+00  0.9999
3.000E+02  3.497E+01  1.211E-02  3.498E+01  4.756E+00  4.756E+00  0.9999
3.500E+02  3.105E+01  1.040E-02  3.106E+01  6.277E+00  6.276E+00  0.9999
4.000E+02  2.806E+01  9.109E-03  2.807E+01  7.973E+00  7.972E+00  0.9999
4.500E+02  2.570E+01  8.101E-03  2.571E+01  9.837E+00  9.836E+00  0.9999
5.000E+02  2.380E+01  7.296E-03  2.380E+01  1.186E+01  1.186E+01  0.9999
5.500E+02  2.222E+01  6.637E-03  2.223E+01  1.404E+01  1.403E+01  0.9999
6.000E+02  2.090E+01  6.087E-03  2.091E+01  1.636E+01  1.636E+01  0.9999
6.500E+02  1.977E+01  5.621E-03  1.978E+01  1.882E+01  1.882E+01  0.9999
7.000E+02  1.880E+01  5.220E-03  1.881E+01  2.141E+01  2.141E+01  0.9999
7.500E+02  1.796E+01  4.873E-03  1.796E+01  2.413E+01  2.413E+01  0.9999
8.000E+02  1.722E+01  4.569E-03  1.722E+01  2.698E+01  2.697E+01  0.9999
8.500E+02  1.656E+01  4.300E-03  1.656E+01  2.994E+01  2.993E+01  0.9999
9.000E+02  1.597E+01  4.060E-03  1.598E+01  3.301E+01  3.301E+01  0.9999
9.500E+02  1.545E+01  3.846E-03  1.545E+01  3.620E+01  3.619E+01  0.9999
1.000E+03  1.497E+01  3.653E-03  1.497E+01  3.948E+01  3.948E+01  0.9999
