1.000E-03  1.445E+01  5.853E+00  2.030E+01  8.253E-05  6.255E-06  0.0758
1.500E-03  1.787E+01  6.398E+00  2.427E+01  1.048E-04  8.468E-06  0.0808
2.000E-03  2.078E+01  6.736E+00  2.752E+01  1.241E-04  1.060E-05  0.0854
2.500E-03  2.337E+01  6.961E+00  3.033E+01  1.414E-04  1.269E-05  0.0897
3.000E-03  2.571E+01  7.114E+00  3.282E+01  1.572E-04  1.475E-05  0.0938
4.000E-03  2.990E+01  7.291E+00  3.719E+01  1.858E-04  1.883E-05  0.1013
5.000E-03  3.361E+01  7.366E+00  4.098E+01  2.114E-04  2.289E-05  0.1083
6.000E-03  3.699E+01  7.385E+00  4.437E+01  2.348E-04  2.695E-05  0.1148
7.000E-03  4.010E+01  7.368E+00  4.747E+01  2.566E-04  3.102E-05  0.1209
8.000E-03  4.301E+01  7.330E+00  5.034E+01  2.770E-04  3.510E-05  0.1267
9.000E-03  4.575E+01  7.279E+00  5.303E+01  2.964E-04  3.919E-05  0.1322
1.000E-02  4.835E+01  7.218E+00  5.557E+01  3.148E-04  4.329E-05  0.1375
1.250E-02  5.436E+01  7.045E+00  6.140E+01  3.575E-04  5.361E-05  0.1499
1.500E-02  5.981E+01  6.861E+00  6.667E+01  3.966E-04  6.400E-05  0.1614
1.750E-02  6.484E+01  6.679E+00  7.152E+01  4.328E-04  7.444E-05  0.1720
2.000E-02  6.954E+01  6.502E+00  7.605E+01  4.666E-04  8.492E-05  0.1820
2.250E-02  7.397E+01  6.333E+00  8.031E+01  4.986E-04  9.543E-05  0.1914
2.500E-02  7.817E+01  6.173E+00  8.434E+01  5.290E-04  1.060E-04  0.2003
2.750E-02  8.217E+01  6.021E+00  8.819E+01  5.580E-04  1.165E-04  0.2088
3.000E-02  8.600E+01  5.877E+00  9.188E+01  5.857E-04  1.270E-04  0.2169
3.500E-02  9.322E+01  5.612E+00  9.883E+01  6.382E-04  1.481E-04  0.2320
4.000E-02  9.996E+01  5.373E+00  1.053E+02  6.871E-04  1.690E-04  0.2460
4.500E-02  1.063E+02  5.157E+00  1.115E+02  7.333E-04  1.899E-04  0.2590
5.000E-02  1.123E+02  4.961E+00  1.173E+02  7.770E-04  2.107E-04  0.2712
5.500E-02  1.180E+02  4.782E+00  1.228E+02  8.186E-04  2.313E-04  0.2826
6.000E-02  1.235E+02  4.618E+00  1.281E+02  8.585E-04  2.518E-04  0.2933
6.500E-02  1.287E+02  4.467E+00  1.332E+02  8.968E-04  2.722E-04  0.3035
7.000E-02  1.338E+02  4.327E+00  1.381E+02  9.336E-04  2.923E-04  0.3131
7.500E-02  1.387E+02  4.198E+00  1.429E+02  9.692E-04  3.124E-04  0.3223
8.000E-02  1.434E+02  4.077E+00  1.475E+02  1.004E-03  3.323E-04  0.3310
8.500E-02  1.479E+02  3.964E+00  1.519E+02  1.037E-03  3.520E-04  0.3394
9.000E-02  1.524E+02  3.858E+00  1.562E+02  1.070E-03  3.715E-04  0.3474
9.500E-02  1.567E+02  3.759E+00  1.604E+02  1.101E-03  3.909E-04  0.3550
1.000E-01  1.608E+02  3.666E+00  1.645E+02  1.132E-03  4.102E-04  0.3624
1.250E-01  1.803E+02  3.270E+00  1.835E+02  1.276E-03  5.041E-04  0.3952
1.500E-01  1.976E+02  2.963E+00  2.006E+02  1.406E-03  5.945E-04  0.4229
1.750E-01  2.133E+02  2.715E+00  2.160E+02  1.526E-03  6.816E-04  0.4468
2.000E-01  2.277E+02  2.510E+00  2.302E+02  1.638E-03  7.659E-04  0.4677
2.250E-01  2.409E+02  2.338E+00  2.432E+02  1.743E-03  8.477E-04  0.4862
2.500E-01  2.530E+02  2.191E+00  2.552E+02  1.844E-03  9.272E-04  0.5029
2.750E-01  2.643E+02  2.063E+00  2.663E+02  1.939E-03  1.005E-03  0.5180
3.000E-01  2.747E+02  1.951E+00  2.766E+02  2.032E-03  1.080E-03  0.5317
3.500E-01  2.932E+02  1.764E+00  2.950E+02  2.206E-03  1.227E-03  0.5560
4.000E-01  3.090E+02  1.613E+00  3.106E+02  2.371E-03  1.368E-03  0.5770
4.500E-01  3.224E+02  1.489E+00  3.239E+02  2.529E-03  1.506E-03  0.5953
5.000E-01  3.337E+02  1.384E+00  3.351E+02  2.681E-03  1.640E-03  0.6116
5.500E-01  3.431E+02  1.295E+00  3.444E+02  2.828E-03  1.771E-03  0.6263
6.000E-01  3.507E+02  1.217E+00  3.519E+02  2.971E-03  1.900E-03  0.6396
6.500E-01  3.568E+02  1.149E+00  3.580E+02  3.112E-03  2.028E-03  0.6518
7.000E-01  3.616E+02  1.090E+00  3.626E+02  3.251E-03  2.155E-03  0.6630
7.500E-01  3.651E+02  1.036E+00  3.661E+02  3.388E-03  2.282E-03  0.6734
8.000E-01  3.676E+02  9.883E-01  3.685E+02  3.524E-03  2.407E-03  0.6831
8.500E-01  3.691E+02  9.451E-01  3.700E+02  3.660E-03  2.533E-03  0.6922
9.000E-01  3.698E+02  9.058E-01  3.707E+02  3.795E-03  2.659E-03  0.7008
9.500E-01  3.699E+02  8.700E-01  3.708E+02  3.929E-03  2.785E-03  0.7089
1.000E+00  3.693E+02  8.372E-01  3.702E+02  4.064E-03  2.912E-03  0.7165
1.250E+00  3.647E+02  7.070E-01  3.654E+02  4.744E-03  3.555E-03  0.7494
1.500E+00  3.570E+02  6.144E-01  3.577E+02  5.435E-03  4.214E-03  0.7754
1.750E+00  3.473E+02  5.449E-01  3.479E+02  6.143E-03  4.895E-03  0.7968
2.000E+00  3.366E+02  4.906E-01  3.371E+02  6.873E-03  5.599E-03  0.8146
2.250E+00  3.255E+02  4.469E-01  3.259E+02  7.627E-03  6.329E-03  0.8298
2.500E+00  3.144E+02  4.108E-01  3.148E+02  8.408E-03  7.086E-03  0.8428
2.750E+00  3.036E+02  3.806E-01  3.040E+02  9.216E-03  7.872E-03  0.8542
3.000E+00  2.932E+02  3.549E-01  2.936E+02  1.005E-02  8.687E-03  0.8642
3.500E+00  2.743E+02  3.132E-01  2.746E+02  1.181E-02  1.041E-02  0.8809
4.000E+00  2.585E+02  2.809E-01  2.588E+02  1.369E-02  1.224E-02  0.8942
4.500E+00  2.451E+02  2.550E-01  2.453E+02  1.568E-02  1.419E-02  0.9050
5.000E+00  2.334E+02  2.338E-01  2.336E+02  1.777E-02  1.624E-02  0.9139
5.500E+00  2.231E+02  2.161E-01  2.233E+02  1.996E-02  1.839E-02  0.9214
6.000E+00  2.140E+02  2.010E-01  2.142E+02  2.224E-02  2.064E-02  0.9277
6.500E+00  2.058E+02  1.881E-01  2.060E+02  2.462E-02  2.298E-02  0.9331
7.000E+00  1.984E+02  1.768E-01  1.986E+02  2.710E-02  2.541E-02  0.9377
7.500E+00  1.916E+02  1.669E-01  1.918E+02  2.966E-02  2.793E-02  0.9418
8.000E+00  1.854E+02  1.581E-01  1.856E+02  3.231E-02  3.054E-02  0.9453
8.500E+00  1.797E+02  1.502E-01  1.798E+02  3.505E-02  3.324E-02  0.9485
9.000E+00  1.744E+02  1.432E-01  1.745E+02  3.787E-02  3.603E-02  0.9513
9.500E+00  1.695E+02  1.368E-01  1.696E+02  4.078E-02  3.889E-02  0.9537
1.000E+01  1.649E+02  1.310E-01  1.651E+02  4.377E-02  4.184E-02  0.9560
1.250E+01  1.460E+02  1.084E-01  1.461E+02  5.990E-02  5.777E-02  0.9644
1.500E+01  1.317E+02  9.279E-02  1.318E+02  7.795E-02  7.560E-02  0.9699
1.750E+01  1.204E+02  8.131E-02  1.205E+02  9.781E-02  9.524E-02  0.9738
2.000E+01  1.113E+02  7.249E-02  1.113E+02  1.194E-01  1.166E-01  0.9766
2.500E+01  9.713E+01  5.979E-02  9.719E+01  1.676E-01  1.643E-01  0.9805
2.750E+01  9.153E+01  5.505E-02  9.159E+01  1.941E-01  1.906E-01  0.9818
3.000E+01  8.665E+01  5.104E-02  8.670E+01  2.222E-01  2.184E-01  0.9830
3.500E+01  7.853E+01  4.463E-02  7.858E+01  2.829E-01  2.785E-01  0.9847
4.000E+01  7.201E+01  3.972E-02  7.205E+01  3.494E-01  3.445E-01  0.9860
4.500E+01  6.663E+01  3.583E-02  6.667E+01  4.216E-01  4.161E-01  0.9870
5.000E+01  6.211E+01  3.267E-02  6.215E+01  4.993E-01  4.932E-01  0.9878
5.500E+01  5.826E+01  3.004E-02  5.829E+01  5.825E-01  5.757E-01  0.9884
6.000E+01  5.492E+01  2.782E-02  5.495E+01  6.709E-01  6.635E-01  0.9889
6.500E+01  5.199E+01  2.593E-02  5.202E+01  7.644E-01  7.563E-01  0.9894
7.000E+01  4.941E+01  2.429E-02  4.944E+01  8.631E-01  8.542E-01  0.9898
7.500E+01  4.711E+01  2.285E-02  4.714E+01  9.667E-01  9.571E-01  0.9901
8.000E+01  4.505E+01  2.158E-02  4.507E+01  1.075E+00  1.065E+00  0.9904
8.500E+01  4.318E+01  2.045E-02  4.320E+01  1.189E+00  1.177E+00  0.9906
9.000E+01  4.149E+01  1.944E-02  4.151E+01  1.307E+00  1.295E+00  0.9909
9.500E+01  3.995E+01  1.853E-02  3.996E+01  1.429E+00  1.417E+00  0.9911
1.000E+02  3.853E+01  1.770E-02  3.855E+01  1.557E+00  1.543E+00  0.9912
1.250E+02  3.288E+01  1.451E-02  3.289E+01  2.262E+00  2.243E+00  0.9919
1.500E+02  2.886E+01  1.232E-02  2.887E+01  3.075E+00  3.052E+00  0.9924
1.750E+02  2.583E+01  1.073E-02  2.584E+01  3.992E+00  3.963E+00  0.9928
2.000E+02  2.347E+01  9.513E-03  2.348E+01  5.008E+00  4.974E+00  0.9931
2.250E+02  2.157E+01  8.554E-03  2.158E+01  6.120E+00  6.079E+00  0.9933
2.500E+02  2.001E+01  7.777E-03  2.002E+01  7.324E+00  7.276E+00  0.9935
2.750E+02  1.870E+01  7.133E-03  1.871E+01  8.617E+00  8.562E+00  0.9936
3.000E+02  1.759E+01  6.591E-03  1.759E+01  9.996E+00  9.933E+00  0.9938
3.500E+02  1.579E+01  5.727E-03  1.579E+01  1.300E+01  1.292E+01  0.9940
4.000E+02  1.440E+01  5.068E-03  1.440E+01  1.632E+01  1.623E+01  0.9942
4.500E+02  1.329E+01  4.549E-03  1.329E+01  1.994E+01  1.983E+01  0.9943
5.000E+02  1.238E+01  4.129E-03  1.239E+01  2.384E+01  2.371E+01  0.9945
5.500E+02  1.163E+01  3.782E-03  1.163E+01  2.801E+01  2.786E+01  0.9946
6.000E+02  1.099E+01  3.490E-03  1.099E+01  3.243E+01  3.226E+01  0.9947
6.500E+02  1.044E+01  3.241E-03  1.045E+01  3.710E+01  3.691E+01  0.9948
7.000E+02  9.970E+00  3.025E-03  9.973E+00  4.200E+01  4.179E+01  0.9949
7.500E+02  9.555E+00  2.837E-03  9.558E+00  4.712E+01  4.689E+01  0.9950
8.000E+02  9.189E+00  2.671E-03  9.192E+00  5.246E+01  5.220E+01  0.9950
8.500E+02  8.864E+00  2.524E-03  8.866E+00  5.800E+01  5.772E+01  0.9951
9.000E+02  8.573E+00  2.392E-03  8.575E+00  6.374E+01  6.343E+01  0.9952
9.500E+02  8.311E+00  2.274E-03  8.313E+00  6.966E+01  6.933E+01  0.9952
1.000E+03  8.075E+00  2.167E-03  8.077E+00  7.576E+01  7.541E+01  0.9953
