1.000E-03  4.765E+01  2.314E+01  7.079E+01  2.217E-05  3.632E-06  0.1638
1.500E-03  5.757E+01  2.401E+01  8.158E+01  2.869E-05  5.075E-06  0.1769
2.000E-03  6.583E+01  2.428E+01  9.011E+01  3.451E-05  6.507E-06  0.1885
2.500E-03  7.305E+01  2.426E+01  9.731E+01  3.985E-05  7.930E-06  0.1990
3.000E-03  7.953E+01  2.410E+01  1.036E+02  4.482E-05  9.351E-06  0.2086
4.000E-03  9.094E+01  2.357E+01  1.145E+02  5.398E-05  1.220E-05  0.2259
5.000E-03  1.009E+02  2.293E+01  1.238E+02  6.237E-05  1.505E-05  0.2413
6.000E-03  1.099E+02  2.228E+01  1.321E+02  7.018E-05  1.791E-05  0.2552
7.000E-03  1.180E+02  2.163E+01  1.397E+02  7.754E-05  2.077E-05  0.2679
8.000E-03  1.256E+02  2.102E+01  1.466E+02  8.453E-05  2.364E-05  0.2796
9.000E-03  1.327E+02  2.044E+01  1.531E+02  9.120E-05  2.650E-05  0.2906
1.000E-02  1.394E+02  1.989E+01  1.592E+02  9.760E-05  2.936E-05  0.3008
1.250E-02  1.546E+02  1.866E+01  1.733E+02  1.126E-04  3.649E-05  0.3239
1.500E-02  1.683E+02  1.759E+01  1.859E+02  1.266E-04  4.357E-05  0.3443
1.750E-02  1.808E+02  1.665E+01  1.974E+02  1.396E-04  5.059E-05  0.3624
2.000E-02  1.923E+02  1.583E+01  2.082E+02  1.519E-04  5.755E-05  0.3788
2.250E-02  2.031E+02  1.510E+01  2.182E+02  1.637E-04  6.444E-05  0.3938
2.500E-02  2.133E+02  1.444E+01  2.277E+02  1.749E-04  7.126E-05  0.4075
2.750E-02  2.229E+02  1.385E+01  2.367E+02  1.856E-04  7.801E-05  0.4202
3.000E-02  2.320E+02  1.332E+01  2.453E+02  1.960E-04  8.468E-05  0.4320
3.500E-02  2.491E+02  1.238E+01  2.615E+02  2.157E-04  9.781E-05  0.4534
4.000E-02  2.648E+02  1.159E+01  2.764E+02  2.343E-04  1.107E-04  0.4723
4.500E-02  2.795E+02  1.091E+01  2.904E+02  2.520E-04  1.232E-04  0.4891
5.000E-02  2.932E+02  1.031E+01  3.035E+02  2.688E-04  1.356E-04  0.5044
5.500E-02  3.061E+02  9.786E+00  3.159E+02  2.849E-04  1.477E-04  0.5183
6.000E-02  3.184E+02  9.319E+00  3.277E+02  3.005E-04  1.596E-04  0.5310
6.500E-02  3.300E+02  8.902E+00  3.389E+02  3.155E-04  1.712E-04  0.5427
7.000E-02  3.411E+02  8.525E+00  3.496E+02  3.300E-04  1.827E-04  0.5535
7.500E-02  3.517E+02  8.183E+00  3.598E+02  3.441E-04  1.939E-04  0.5636
8.000E-02  3.618E+02  7.871E+00  3.697E+02  3.578E-04  2.050E-04  0.5730
8.500E-02  3.715E+02  7.586E+00  3.791E+02  3.712E-04  2.160E-04  0.5818
9.000E-02  3.808E+02  7.323E+00  3.881E+02  3.842E-04  2.267E-04  0.5901
9.500E-02  3.898E+02  7.080E+00  3.969E+02  3.969E-04  2.373E-04  0.5979
1.000E-01  3.984E+02  6.855E+00  4.053E+02  4.094E-04  2.478E-04  0.6053
1.250E-01  4.372E+02  5.934E+00  4.431E+02  4.683E-04  2.983E-04  0.6370
1.500E-01  4.699E+02  5.254E+00  4.751E+02  5.227E-04  3.461E-04  0.6622
1.750E-01  4.978E+02  4.727E+00  5.025E+02  5.739E-04  3.919E-04  0.6830
2.000E-01  5.217E+02  4.306E+00  5.260E+02  6.224E-04  4.361E-04  0.7006
2.250E-01  5.423E+02  3.961E+00  5.463E+02  6.691E-04  4.789E-04  0.7157
2.500E-01  5.601E+02  3.672E+00  5.638E+02  7.141E-04  5.206E-04  0.7290
2.750E-01  5.755E+02  3.427E+00  5.790E+02  7.578E-04  5.614E-04  0.7408
3.000E-01  5.889E+02  3.215E+00  5.921E+02  8.005E-04  6.014E-04  0.7513
3.500E-01  6.107E+02  2.867E+00  6.136E+02  8.834E-04  6.797E-04  0.7695
4.000E-01  6.274E+02  2.594E+00  6.300E+02  9.638E-04  7.563E-04  0.7847
4.500E-01  6.401E+02  2.372E+00  6.425E+02  1.042E-03  8.315E-04  0.7977
5.000E-01  6.499E+02  2.188E+00  6.521E+02  1.120E-03  9.057E-04  0.8090
5.500E-01  6.573E+02  2.033E+00  6.593E+02  1.196E-03  9.793E-04  0.8190
6.000E-01  6.628E+02  1.900E+00  6.647E+02  1.271E-03  1.052E-03  0.8278
6.500E-01  6.668E+02  1.785E+00  6.686E+02  1.346E-03  1.125E-03  0.8358
7.000E-01  6.696E+02  1.684E+00  6.713E+02  1.421E-03  1.198E-03  0.8430
7.500E-01  6.714E+02  1.594E+00  6.730E+02  1.495E-03  1.270E-03  0.8495
8.000E-01  6.723E+02  1.515E+00  6.738E+02  1.570E-03  1.343E-03  0.8555
8.500E-01  6.724E+02  1.444E+00  6.738E+02  1.644E-03  1.415E-03  0.8610
9.000E-01  6.719E+02  1.379E+00  6.733E+02  1.718E-03  1.488E-03  0.8661
9.500E-01  6.709E+02  1.321E+00  6.722E+02  1.792E-03  1.561E-03  0.8708
1.000E+00  6.694E+02  1.268E+00  6.707E+02  1.867E-03  1.634E-03  0.8752
1.250E+00  6.569E+02  1.059E+00  6.580E+02  2.243E-03  2.003E-03  0.8932
1.500E+00  6.395E+02  9.125E-01  6.404E+02  2.628E-03  2.383E-03  0.9068
1.750E+00  6.198E+02  8.040E-01  6.206E+02  3.024E-03  2.774E-03  0.9174
2.000E+00  5.994E+02  7.201E-01  6.001E+02  3.434E-03  3.179E-03  0.9259
2.250E+00  5.784E+02  6.530E-01  5.791E+02  3.858E-03  3.599E-03  0.9330
2.500E+00  5.576E+02  5.981E-01  5.582E+02  4.298E-03  4.035E-03  0.9389
2.750E+00  5.375E+02  5.523E-01  5.381E+02  4.754E-03  4.487E-03  0.9439
3.000E+00  5.185E+02  5.134E-01  5.190E+02  5.227E-03  4.957E-03  0.9483
3.500E+00  4.836E+02  4.509E-01  4.840E+02  6.225E-03  5.947E-03  0.9554
4.000E+00  4.529E+02  4.028E-01  4.533E+02  7.293E-03  7.008E-03  0.9609
4.500E+00  4.258E+02  3.644E-01  4.261E+02  8.431E-03  8.139E-03  0.9654
5.000E+00  4.018E+02  3.332E-01  4.022E+02  9.640E-03  9.341E-03  0.9690
5.500E+00  3.805E+02  3.071E-01  3.808E+02  1.092E-02  1.061E-02  0.9720
6.000E+00  3.615E+02  2.851E-01  3.618E+02  1.227E-02  1.195E-02  0.9745
6.500E+00  3.443E+02  2.662E-01  3.445E+02  1.368E-02  1.336E-02  0.9766
7.000E+00  3.286E+02  2.498E-01  3.288E+02  1.517E-02  1.484E-02  0.9784
7.500E+00  3.151E+02  2.354E-01  3.154E+02  1.672E-02  1.639E-02  0.9800
8.000E+00  3.031E+02  2.226E-01  3.033E+02  1.834E-02  1.800E-02  0.9813
8.500E+00  2.921E+02  2.113E-01  2.923E+02  2.002E-02  1.967E-02  0.9825
9.000E+00  2.820E+02  2.011E-01  2.822E+02  2.176E-02  2.140E-02  0.9835
9.500E+00  2.726E+02  1.919E-01  2.728E+02  2.356E-02  2.320E-02  0.9845
1.000E+01  2.638E+02  1.835E-01  2.640E+02  2.543E-02  2.505E-02  0.9853
1.250E+01  2.282E+02  1.512E-01  2.283E+02  3.564E-02  3.523E-02  0.9884
1.500E+01  2.022E+02  1.289E-01  2.024E+02  4.730E-02  4.684E-02  0.9903
1.750E+01  1.823E+02  1.126E-01  1.824E+02  6.033E-02  5.982E-02  0.9916
2.000E+01  1.664E+02  1.002E-01  1.665E+02  7.469E-02  7.413E-02  0.9926
2.500E+01  1.426E+02  8.229E-02  1.427E+02  1.072E-01  1.066E-01  0.9938
2.750E+01  1.334E+02  7.564E-02  1.334E+02  1.254E-01  1.247E-01  0.9943
3.000E+01  1.254E+02  7.003E-02  1.255E+02  1.447E-01  1.439E-01  0.9946
3.500E+01  1.123E+02  6.108E-02  1.124E+02  1.869E-01  1.860E-01  0.9951
4.000E+01  1.020E+02  5.423E-02  1.021E+02  2.336E-01  2.326E-01  0.9955
4.500E+01  9.363E+01  4.882E-02  9.368E+01  2.848E-01  2.836E-01  0.9958
5.000E+01  8.667E+01  4.444E-02  8.672E+01  3.404E-01  3.390E-01  0.9961
5.500E+01  8.079E+01  4.080E-02  8.083E+01  4.001E-01  3.986E-01  0.9962
6.000E+01  7.575E+01  3.774E-02  7.579E+01  4.640E-01  4.624E-01  0.9964
6.500E+01  7.137E+01  3.512E-02  7.141E+01  5.320E-01  5.302E-01  0.9965
7.000E+01  6.753E+01  3.285E-02  6.757E+01  6.041E-01  6.020E-01  0.9966
7.500E+01  6.414E+01  3.087E-02  6.417E+01  6.800E-01  6.778E-01  0.9967
8.000E+01  6.110E+01  2.912E-02  6.113E+01  7.599E-01  7.574E-01  0.9968
8.500E+01  5.838E+01  2.757E-02  5.841E+01  8.436E-01  8.409E-01  0.9969
9.000E+01  5.592E+01  2.618E-02  5.595E+01  9.311E-01  9.282E-01  0.9969
9.500E+01  5.369E+01  2.493E-02  5.372E+01  1.022E+00  1.019E+00  0.9970
1.000E+02  5.165E+01  2.380E-02  5.168E+01  1.117E+00  1.114E+00  0.9970
1.250E+02  4.363E+01  1.942E-02  4.365E+01  1.646E+00  1.641E+00  0.9972
1.500E+02  3.801E+01  1.644E-02  3.803E+01  2.261E+00  2.255E+00  0.9974
1.750E+02  3.384E+01  1.427E-02  3.385E+01  2.959E+00  2.952E+00  0.9975
2.000E+02  3.060E+01  1.262E-02  3.062E+01  3.737E+00  3.728E+00  0.9975
2.250E+02  2.802E+01  1.132E-02  2.803E+01  4.592E+00  4.581E+00  0.9976
2.500E+02  2.591E+01  1.027E-02  2.592E+01  5.520E+00  5.507E+00  0.9977
2.750E+02  2.414E+01  9.396E-03  2.415E+01  6.520E+00  6.505E+00  0.9977
3.000E+02  2.265E+01  8.663E-03  2.265E+01  7.590E+00  7.573E+00  0.9977
3.500E+02  2.024E+01  7.498E-03  2.025E+01  9.929E+00  9.907E+00  0.9978
4.000E+02  1.840E+01  6.615E-03  1.840E+01  1.252E+01  1.250E+01  0.9979
4.500E+02  1.693E+01  5.921E-03  1.694E+01  1.536E+01  1.533E+01  0.9979
5.000E+02  1.574E+01  5.361E-03  1.574E+01  1.842E+01  1.839E+01  0.9980
5.500E+02  1.475E+01  4.897E-03  1.475E+01  2.171E+01  2.166E+01  0.9980
6.000E+02  1.391E+01  4.507E-03  1.392E+01  2.520E+01  2.515E+01  0.9980
6.500E+02  1.320E+01  4.175E-03  1.320E+01  2.889E+01  2.883E+01  0.9981
7.000E+02  1.258E+01  3.888E-03  1.259E+01  3.277E+01  3.271E+01  0.9981
7.500E+02  1.204E+01  3.639E-03  1.205E+01  3.683E+01  3.676E+01  0.9981
8.000E+02  1.157E+01  3.420E-03  1.157E+01  4.107E+01  4.099E+01  0.9982
8.500E+02  1.115E+01  3.226E-03  1.115E+01  4.547E+01  4.539E+01  0.9982
9.000E+02  1.077E+01  3.053E-03  1.077E+01  5.003E+01  4.995E+01  0.9982
9.500E+02  1.043E+01  2.898E-03  1.043E+01  5.475E+01  5.465E+01  0.9982
1.000E+03  1.013E+01  2.759E-03  1.013E+01  5.962E+01  5.951E+01  0.9982
