1.000E-03  1.320E+01  4.322E+00  1.752E+01  9.722E-05  7.001E-06  0.0720
1.500E-03  1.672E+01  4.763E+00  2.148E+01  1.227E-04  9.398E-06  0.0766
2.000E-03  1.977E+01  5.048E+00  2.482E+01  1.443E-04  1.168E-05  0.0810
2.500E-03  2.252E+01  5.244E+00  2.776E+01  1.633E-04  1.390E-05  0.0851
3.000E-03  2.504E+01  5.385E+00  3.043E+01  1.805E-04  1.607E-05  0.0890
4.000E-03  2.961E+01  5.562E+00  3.518E+01  2.110E-04  2.034E-05  0.0964
5.000E-03  3.373E+01  5.656E+00  3.938E+01  2.378E-04  2.454E-05  0.1032
6.000E-03  3.751E+01  5.702E+00  4.321E+01  2.621E-04  2.870E-05  0.1095
7.000E-03  4.103E+01  5.717E+00  4.675E+01  2.843E-04  3.284E-05  0.1155
8.000E-03  4.435E+01  5.712E+00  5.006E+01  3.049E-04  3.697E-05  0.1212
9.000E-03  4.750E+01  5.693E+00  5.319E+01  3.243E-04  4.108E-05  0.1267
1.000E-02  5.051E+01  5.665E+00  5.617E+01  3.426E-04  4.519E-05  0.1319
1.250E-02  5.752E+01  5.570E+00  6.309E+01  3.845E-04  5.542E-05  0.1441
1.500E-02  6.396E+01  5.458E+00  6.942E+01  4.223E-04  6.562E-05  0.1554
1.750E-02  6.997E+01  5.341E+00  7.531E+01  4.568E-04  7.577E-05  0.1659
2.000E-02  7.562E+01  5.223E+00  8.085E+01  4.888E-04  8.589E-05  0.1757
2.250E-02  8.099E+01  5.108E+00  8.610E+01  5.188E-04  9.596E-05  0.1850
2.500E-02  8.611E+01  4.996E+00  9.110E+01  5.470E-04  1.060E-04  0.1937
2.750E-02  9.101E+01  4.889E+00  9.590E+01  5.738E-04  1.159E-04  0.2021
3.000E-02  9.573E+01  4.786E+00  1.005E+02  5.992E-04  1.259E-04  0.2100
3.500E-02  1.047E+02  4.594E+00  1.093E+02  6.469E-04  1.455E-04  0.2249
4.000E-02  1.131E+02  4.418E+00  1.176E+02  6.910E-04  1.649E-04  0.2387
4.500E-02  1.211E+02  4.258E+00  1.254E+02  7.321E-04  1.841E-04  0.2514
5.000E-02  1.287E+02  4.110E+00  1.329E+02  7.709E-04  2.030E-04  0.2634
5.500E-02  1.360E+02  3.975E+00  1.400E+02  8.075E-04  2.217E-04  0.2745
6.000E-02  1.430E+02  3.849E+00  1.469E+02  8.424E-04  2.401E-04  0.2851
6.500E-02  1.498E+02  3.733E+00  1.535E+02  8.756E-04  2.583E-04  0.2950
7.000E-02  1.563E+02  3.625E+00  1.600E+02  9.075E-04  2.763E-04  0.3044
7.500E-02  1.626E+02  3.524E+00  1.662E+02  9.382E-04  2.940E-04  0.3134
8.000E-02  1.688E+02  3.430E+00  1.722E+02  9.678E-04  3.116E-04  0.3219
8.500E-02  1.747E+02  3.341E+00  1.781E+02  9.963E-04  3.289E-04  0.3301
9.000E-02  1.805E+02  3.258E+00  1.838E+02  1.024E-03  3.460E-04  0.3379
9.500E-02  1.862E+02  3.180E+00  1.893E+02  1.051E-03  3.629E-04  0.3453
1.000E-01  1.917E+02  3.106E+00  1.948E+02  1.077E-03  3.796E-04  0.3525
1.250E-01  2.174E+02  2.789E+00  2.201E+02  1.197E-03  4.604E-04  0.3845
1.500E-01  2.405E+02  2.540E+00  2.430E+02  1.305E-03  5.371E-04  0.4115
1.750E-01  2.615E+02  2.337E+00  2.639E+02  1.404E-03  6.103E-04  0.4347
2.000E-01  2.808E+02  2.169E+00  2.830E+02  1.495E-03  6.805E-04  0.4551
2.250E-01  2.985E+02  2.026E+00  3.006E+02  1.581E-03  7.481E-04  0.4732
2.500E-01  3.148E+02  1.903E+00  3.167E+02  1.662E-03  8.134E-04  0.4894
2.750E-01  3.298E+02  1.796E+00  3.316E+02  1.739E-03  8.768E-04  0.5042
3.000E-01  3.437E+02  1.702E+00  3.454E+02  1.813E-03  9.384E-04  0.5176
3.500E-01  3.680E+02  1.544E+00  3.696E+02  1.953E-03  1.057E-03  0.5415
4.000E-01  3.884E+02  1.416E+00  3.899E+02  2.084E-03  1.172E-03  0.5621
4.500E-01  4.053E+02  1.310E+00  4.066E+02  2.210E-03  1.282E-03  0.5803
5.000E-01  4.190E+02  1.220E+00  4.202E+02  2.331E-03  1.390E-03  0.5966
5.500E-01  4.298E+02  1.143E+00  4.310E+02  2.448E-03  1.496E-03  0.6113
6.000E-01  4.381E+02  1.076E+00  4.392E+02  2.563E-03  1.601E-03  0.6247
6.500E-01  4.442E+02  1.017E+00  4.453E+02  2.676E-03  1.705E-03  0.6371
7.000E-01  4.484E+02  9.655E-01  4.493E+02  2.788E-03  1.808E-03  0.6485
7.500E-01  4.508E+02  9.191E-01  4.517E+02  2.899E-03  1.911E-03  0.6592
8.000E-01  4.518E+02  8.775E-01  4.527E+02  3.009E-03  2.014E-03  0.6692
8.500E-01  4.516E+02  8.398E-01  4.524E+02  3.120E-03  2.117E-03  0.6787
9.000E-01  4.503E+02  8.056E-01  4.511E+02  3.230E-03  2.221E-03  0.6876
9.500E-01  4.482E+02  7.743E-01  4.490E+02  3.341E-03  2.326E-03  0.6961
1.000E+00  4.454E+02  7.456E-01  4.461E+02  3.453E-03  2.431E-03  0.7041
1.250E+00  4.200E+02  6.313E-01  4.206E+02  4.029E-03  2.979E-03  0.7394
1.500E+00  3.901E+02  5.498E-01  3.907E+02  4.645E-03  3.570E-03  0.7684
1.750E+00  3.629E+02  4.883E-01  3.634E+02  5.309E-03  4.209E-03  0.7928
2.000E+00  3.396E+02  4.402E-01  3.400E+02  6.021E-03  4.897E-03  0.8133
2.250E+00  3.198E+02  4.014E-01  3.202E+02  6.779E-03  5.632E-03  0.8307
2.500E+00  3.031E+02  3.694E-01  3.035E+02  7.582E-03  6.411E-03  0.8455
2.750E+00  2.889E+02  3.425E-01  2.892E+02  8.426E-03  7.232E-03  0.8583
3.000E+00  2.767E+02  3.196E-01  2.770E+02  9.310E-03  8.092E-03  0.8692
3.500E+00  2.569E+02  2.824E-01  2.572E+02  1.119E-02  9.921E-03  0.8870
4.000E+00  2.417E+02  2.535E-01  2.420E+02  1.319E-02  1.188E-02  0.9007
4.500E+00  2.294E+02  2.303E-01  2.296E+02  1.531E-02  1.396E-02  0.9114
5.000E+00  2.186E+02  2.113E-01  2.188E+02  1.755E-02  1.614E-02  0.9200
5.500E+00  2.091E+02  1.954E-01  2.093E+02  1.988E-02  1.843E-02  0.9271
6.000E+00  2.006E+02  1.819E-01  2.008E+02  2.232E-02  2.083E-02  0.9330
6.500E+00  1.930E+02  1.702E-01  1.932E+02  2.486E-02  2.332E-02  0.9379
7.000E+00  1.861E+02  1.601E-01  1.862E+02  2.750E-02  2.591E-02  0.9421
7.500E+00  1.798E+02  1.512E-01  1.799E+02  3.023E-02  2.859E-02  0.9458
8.000E+00  1.740E+02  1.433E-01  1.741E+02  3.306E-02  3.137E-02  0.9490
8.500E+00  1.686E+02  1.362E-01  1.688E+02  3.597E-02  3.424E-02  0.9518
9.000E+00  1.637E+02  1.298E-01  1.638E+02  3.898E-02  3.720E-02  0.9543
9.500E+00  1.591E+02  1.241E-01  1.592E+02  4.208E-02  4.025E-02  0.9565
1.000E+01  1.548E+02  1.188E-01  1.550E+02  4.526E-02  4.338E-02  0.9584
1.250E+01  1.371E+02  9.845E-02  1.372E+02  6.245E-02  6.031E-02  0.9658
1.500E+01  1.237E+02  8.434E-02  1.238E+02  8.167E-02  7.927E-02  0.9706
1.750E+01  1.131E+02  7.395E-02  1.132E+02  1.028E-01  1.001E-01  0.9740
2.000E+01  1.045E+02  6.597E-02  1.045E+02  1.258E-01  1.229E-01  0.9765
2.500E+01  9.122E+01  5.445E-02  9.128E+01  1.772E-01  1.736E-01  0.9799
2.750E+01  8.598E+01  5.015E-02  8.603E+01  2.054E-01  2.015E-01  0.9812
3.000E+01  8.142E+01  4.652E-02  8.146E+01  2.353E-01  2.311E-01  0.9822
3.500E+01  7.381E+01  4.070E-02  7.386E+01  2.998E-01  2.950E-01  0.9838
4.000E+01  6.771E+01  3.624E-02  6.775E+01  3.706E-01  3.650E-01  0.9850
4.500E+01  6.269E+01  3.270E-02  6.272E+01  4.474E-01  4.410E-01  0.9859
5.000E+01  5.848E+01  2.982E-02  5.851E+01  5.300E-01  5.229E-01  0.9866
5.500E+01  5.488E+01  2.744E-02  5.490E+01  6.182E-01  6.103E-01  0.9872
6.000E+01  5.176E+01  2.542E-02  5.178E+01  7.121E-01  7.033E-01  0.9877
6.500E+01  4.903E+01  2.369E-02  4.905E+01  8.113E-01  8.017E-01  0.9881
7.000E+01  4.662E+01  2.220E-02  4.664E+01  9.159E-01  9.054E-01  0.9885
7.500E+01  4.446E+01  2.089E-02  4.449E+01  1.026E+00  1.014E+00  0.9888
8.000E+01  4.253E+01  1.973E-02  4.255E+01  1.141E+00  1.128E+00  0.9891
8.500E+01  4.079E+01  1.870E-02  4.081E+01  1.261E+00  1.247E+00  0.9894
9.000E+01  3.921E+01  1.778E-02  3.922E+01  1.386E+00  1.371E+00  0.9896
9.500E+01  3.776E+01  1.695E-02  3.778E+01  1.516E+00  1.500E+00  0.9898
1.000E+02  3.643E+01  1.620E-02  3.645E+01  1.650E+00  1.634E+00  0.9900
1.250E+02  3.112E+01  1.328E-02  3.113E+01  2.395E+00  2.373E+00  0.9907
1.500E+02  2.730E+01  1.129E-02  2.731E+01  3.255E+00  3.226E+00  0.9912
1.750E+02  2.442E+01  9.836E-03  2.443E+01  4.225E+00  4.189E+00  0.9916
2.000E+02  2.218E+01  8.725E-03  2.219E+01  5.300E+00  5.257E+00  0.9919
2.250E+02  2.037E+01  7.847E-03  2.038E+01  6.477E+00  6.426E+00  0.9921
2.500E+02  1.889E+01  7.136E-03  1.889E+01  7.752E+00  7.693E+00  0.9923
2.750E+02  1.764E+01  6.548E-03  1.765E+01  9.122E+00  9.054E+00  0.9925
3.000E+02  1.659E+01  6.052E-03  1.659E+01  1.058E+01  1.051E+01  0.9927
3.500E+02  1.489E+01  5.263E-03  1.490E+01  1.377E+01  1.367E+01  0.9929
4.000E+02  1.358E+01  4.660E-03  1.359E+01  1.729E+01  1.717E+01  0.9931
4.500E+02  1.254E+01  4.185E-03  1.255E+01  2.112E+01  2.098E+01  0.9933
5.000E+02  1.169E+01  3.800E-03  1.170E+01  2.525E+01  2.509E+01  0.9935
5.500E+02  1.099E+01  3.482E-03  1.099E+01  2.967E+01  2.948E+01  0.9936
6.000E+02  1.039E+01  3.214E-03  1.039E+01  3.435E+01  3.413E+01  0.9937
6.500E+02  9.873E+00  2.986E-03  9.876E+00  3.929E+01  3.905E+01  0.9938
7.000E+02  9.428E+00  2.788E-03  9.431E+00  4.447E+01  4.420E+01  0.9939
7.500E+02  9.038E+00  2.616E-03  9.041E+00  4.989E+01  4.959E+01  0.9940
8.000E+02  8.694E+00  2.464E-03  8.697E+00  5.553E+01  5.520E+01  0.9941
8.500E+02  8.388E+00  2.329E-03  8.391E+00  6.138E+01  6.103E+01  0.9942
9.000E+02  8.115E+00  2.208E-03  8.117E+00  6.744E+01  6.706E+01  0.9943
9.500E+02  7.869E+00  2.100E-03  7.871E+00  7.370E+01  7.328E+01  0.9944
1.000E+03  7.647E+00  2.001E-03  7.649E+00  8.015E+01  7.970E+01  0.9944
