1.000E-03  8.280E+01  1.384E+02  2.212E+02  5.310E-06  2.021E-06  0.3806
1.500E-03  1.037E+02  1.294E+02  2.331E+02  7.502E-06  3.038E-06  0.4050
2.000E-03  1.216E+02  1.212E+02  2.428E+02  9.603E-06  4.087E-06  0.4256
2.500E-03  1.377E+02  1.140E+02  2.517E+02  1.162E-05  5.156E-06  0.4435
3.000E-03  1.523E+02  1.077E+02  2.601E+02  1.358E-05  6.237E-06  0.4594
4.000E-03  1.787E+02  9.732E+01  2.760E+02  1.731E-05  8.421E-06  0.4865
5.000E-03  2.023E+02  8.905E+01  2.913E+02  2.084E-05  1.061E-05  0.5093
6.000E-03  2.238E+02  8.230E+01  3.061E+02  2.418E-05  1.279E-05  0.5289
7.000E-03  2.438E+02  7.666E+01  3.204E+02  2.738E-05  1.495E-05  0.5461
8.000E-03  2.625E+02  7.185E+01  3.344E+02  3.043E-05  1.708E-05  0.5613
9.000E-03  2.802E+02  6.771E+01  3.479E+02  3.336E-05  1.918E-05  0.5750
1.000E-02  2.971E+02  6.408E+01  3.612E+02  3.618E-05  2.126E-05  0.5875
1.250E-02  3.362E+02  5.673E+01  3.929E+02  4.281E-05  2.629E-05  0.6140
1.500E-02  3.720E+02  5.108E+01  4.230E+02  4.894E-05  3.112E-05  0.6358
1.750E-02  4.051E+02  4.658E+01  4.517E+02  5.466E-05  3.576E-05  0.6542
2.000E-02  4.362E+02  4.290E+01  4.791E+02  6.003E-05  4.022E-05  0.6700
2.250E-02  4.655E+02  3.982E+01  5.054E+02  6.511E-05  4.452E-05  0.6837
2.500E-02  4.934E+02  3.721E+01  5.306E+02  6.994E-05  4.866E-05  0.6958
2.750E-02  5.201E+02  3.495E+01  5.551E+02  7.454E-05  5.267E-05  0.7066
3.000E-02  5.457E+02  3.299E+01  5.787E+02  7.895E-05  5.655E-05  0.7163
3.500E-02  5.941E+02  2.971E+01  6.238E+02  8.727E-05  6.397E-05  0.7330
4.000E-02  6.393E+02  2.709E+01  6.664E+02  9.502E-05  7.099E-05  0.7471
4.500E-02  6.820E+02  2.494E+01  7.069E+02  1.023E-04  7.766E-05  0.7591
5.000E-02  7.225E+02  2.314E+01  7.456E+02  1.092E-04  8.402E-05  0.7695
5.500E-02  7.610E+02  2.160E+01  7.826E+02  1.157E-04  9.012E-05  0.7787
6.000E-02  7.979E+02  2.027E+01  8.182E+02  1.220E-04  9.598E-05  0.7868
6.500E-02  8.334E+02  1.912E+01  8.525E+02  1.280E-04  1.016E-04  0.7941
7.000E-02  8.674E+02  1.810E+01  8.855E+02  1.337E-04  1.071E-04  0.8007
7.500E-02  9.003E+02  1.719E+01  9.175E+02  1.393E-04  1.123E-04  0.8067
8.000E-02  9.320E+02  1.638E+01  9.484E+02  1.446E-04  1.175E-04  0.8121
8.500E-02  9.628E+02  1.565E+01  9.784E+02  1.498E-04  1.224E-04  0.8172
9.000E-02  9.925E+02  1.499E+01  1.008E+03  1.548E-04  1.273E-04  0.8218
9.500E-02  1.021E+03  1.438E+01  1.036E+03  1.597E-04  1.320E-04  0.8261
1.000E-01  1.049E+03  1.383E+01  1.063E+03  1.645E-04  1.366E-04  0.8301
1.250E-01  1.179E+03  1.164E+01  1.190E+03  1.867E-04  1.581E-04  0.8467
1.500E-01  1.293E+03  1.010E+01  1.303E+03  2.067E-04  1.776E-04  0.8592
1.750E-01  1.395E+03  8.937E+00  1.404E+03  2.252E-04  1.957E-04  0.8691
2.000E-01  1.486E+03  8.035E+00  1.494E+03  2.425E-04  2.127E-04  0.8772
2.250E-01  1.567E+03  7.310E+00  1.574E+03  2.588E-04  2.287E-04  0.8840
2.500E-01  1.640E+03  6.714E+00  1.647E+03  2.743E-04  2.441E-04  0.8899
2.750E-01  1.706E+03  6.215E+00  1.712E+03  2.892E-04  2.588E-04  0.8950
3.000E-01  1.765E+03  5.790E+00  1.771E+03  3.035E-04  2.730E-04  0.8995
3.500E-01  1.864E+03  5.103E+00  1.869E+03  3.310E-04  3.002E-04  0.9071
4.000E-01  1.940E+03  4.572E+00  1.945E+03  3.572E-04  3.262E-04  0.9134
4.500E-01  1.999E+03  4.147E+00  2.003E+03  3.825E-04  3.514E-04  0.9187
5.000E-01  2.041E+03  3.799E+00  2.045E+03  4.072E-04  3.759E-04  0.9233
5.500E-01  2.069E+03  3.509E+00  2.073E+03  4.314E-04  4.001E-04  0.9273
6.000E-01  2.086E+03  3.263E+00  2.089E+03  4.555E-04  4.240E-04  0.9309
6.500E-01  2.093E+03  3.051E+00  2.096E+03  4.794E-04  4.478E-04  0.9342
7.000E-01  2.091E+03  2.866E+00  2.094E+03  5.032E-04  4.716E-04  0.9371
7.500E-01  2.083E+03  2.704E+00  2.086E+03  5.271E-04  4.954E-04  0.9398
8.000E-01  2.069E+03  2.561E+00  2.072E+03  5.512E-04  5.194E-04  0.9423
8.500E-01  2.051E+03  2.433E+00  2.054E+03  5.754E-04  5.435E-04  0.9446
9.000E-01  2.030E+03  2.318E+00  2.032E+03  5.999E-04  5.679E-04  0.9468
9.500E-01  2.005E+03  2.214E+00  2.007E+03  6.246E-04  5.926E-04  0.9488
1.000E+00  1.978E+03  2.119E+00  1.980E+03  6.497E-04  6.176E-04  0.9506
1.250E+00  1.819E+03  1.752E+00  1.820E+03  7.812E-04  7.489E-04  0.9586
1.500E+00  1.660E+03  1.498E+00  1.662E+03  9.250E-04  8.924E-04  0.9648
1.750E+00  1.522E+03  1.312E+00  1.524E+03  1.082E-03  1.049E-03  0.9697
2.000E+00  1.406E+03  1.169E+00  1.407E+03  1.253E-03  1.220E-03  0.9736
2.250E+00  1.308E+03  1.055E+00  1.309E+03  1.437E-03  1.404E-03  0.9768
2.500E+00  1.224E+03  9.629E-01  1.225E+03  1.635E-03  1.601E-03  0.9795
2.750E+00  1.151E+03  8.862E-01  1.151E+03  1.846E-03  1.812E-03  0.9817
3.000E+00  1.088E+03  8.214E-01  1.089E+03  2.069E-03  2.035E-03  0.9836
3.500E+00  9.829E+02  7.178E-01  9.836E+02  2.553E-03  2.518E-03  0.9865
4.000E+00  8.985E+02  6.385E-01  8.992E+02  3.085E-03  3.050E-03  0.9887
4.500E+00  8.295E+02  5.757E-01  8.301E+02  3.665E-03  3.629E-03  0.9903
5.000E+00  7.711E+02  5.246E-01  7.716E+02  4.290E-03  4.254E-03  0.9916
5.500E+00  7.213E+02  4.823E-01  7.218E+02  4.960E-03  4.924E-03  0.9927
6.000E+00  6.785E+02  4.466E-01  6.789E+02  5.675E-03  5.638E-03  0.9935
6.500E+00  6.410E+02  4.160E-01  6.414E+02  6.433E-03  6.395E-03  0.9942
7.000E+00  6.080E+02  3.895E-01  6.084E+02  7.234E-03  7.196E-03  0.9947
7.500E+00  5.786E+02  3.664E-01  5.790E+02  8.077E-03  8.038E-03  0.9952
8.000E+00  5.523E+02  3.459E-01  5.526E+02  8.961E-03  8.921E-03  0.9956
8.500E+00  5.285E+02  3.277E-01  5.288E+02  9.886E-03  9.846E-03  0.9960
9.000E+00  5.069E+02  3.115E-01  5.072E+02  1.085E-02  1.081E-02  0.9963
9.500E+00  4.872E+02  2.968E-01  4.875E+02  1.186E-02  1.182E-02  0.9965
1.000E+01  4.691E+02  2.835E-01  4.694E+02  1.290E-02  1.286E-02  0.9967
1.250E+01  3.973E+02  2.322E-01  3.975E+02  1.871E-02  1.867E-02  0.9976
1.500E+01  3.462E+02  1.970E-01  3.464E+02  2.547E-02  2.542E-02  0.9980
1.750E+01  3.078E+02  1.715E-01  3.080E+02  3.314E-02  3.308E-02  0.9984
2.000E+01  2.777E+02  1.520E-01  2.778E+02  4.170E-02  4.164E-02  0.9986
2.500E+01  2.333E+02  1.241E-01  2.335E+02  6.141E-02  6.134E-02  0.9989
2.750E+01  2.165E+02  1.138E-01  2.166E+02  7.254E-02  7.246E-02  0.9990
3.000E+01  2.021E+02  1.051E-01  2.022E+02  8.449E-02  8.441E-02  0.9990
3.500E+01  1.789E+02  9.123E-02  1.789E+02  1.108E-01  1.107E-01  0.9991
4.000E+01  1.608E+02  8.069E-02  1.609E+02  1.403E-01  1.402E-01  0.9992
4.500E+01  1.463E+02  7.238E-02  1.464E+02  1.730E-01  1.728E-01  0.9993
5.000E+01  1.344E+02  6.567E-02  1.345E+02  2.086E-01  2.085E-01  0.9993
5.500E+01  1.245E+02  6.011E-02  1.246E+02  2.473E-01  2.471E-01  0.9993
6.000E+01  1.161E+02  5.543E-02  1.161E+02  2.889E-01  2.887E-01  0.9994
6.500E+01  1.088E+02  5.144E-02  1.088E+02  3.334E-01  3.332E-01  0.9994
7.000E+01  1.025E+02  4.799E-02  1.025E+02  3.808E-01  3.806E-01  0.9994
7.500E+01  9.690E+01  4.498E-02  9.694E+01  4.310E-01  4.307E-01  0.9994
8.000E+01  9.197E+01  4.234E-02  9.201E+01  4.839E-01  4.836E-01  0.9994
8.500E+01  8.756E+01  4.000E-02  8.760E+01  5.396E-01  5.393E-01  0.9994
9.000E+01  8.360E+01  3.791E-02  8.364E+01  5.981E-01  5.977E-01  0.9995
9.500E+01  8.002E+01  3.603E-02  8.006E+01  6.592E-01  6.588E-01  0.9995
1.000E+02  7.677E+01  3.433E-02  7.680E+01  7.230E-01  7.226E-01  0.9995
1.250E+02  6.410E+01  2.778E-02  6.413E+01  1.081E+00  1.080E+00  0.9995
1.500E+02  5.536E+01  2.333E-02  5.538E+01  1.502E+00  1.501E+00  0.9995
1.750E+02  4.894E+01  2.012E-02  4.896E+01  1.983E+00  1.982E+00  0.9995
2.000E+02  4.401E+01  1.769E-02  4.403E+01  2.522E+00  2.521E+00  0.9996
2.250E+02  4.011E+01  1.579E-02  4.012E+01  3.118E+00  3.117E+00  0.9996
2.500E+02  3.693E+01  1.426E-02  3.694E+01  3.768E+00  3.766E+00  0.9996
2.750E+02  3.429E+01  1.301E-02  3.431E+01  4.471E+00  4.469E+00  0.9996
3.000E+02  3.207E+01  1.195E-02  3.208E+01  5.225E+00  5.223E+00  0.9996
3.500E+02  2.852E+01  1.028E-02  2.853E+01  6.881E+00  6.879E+00  0.9996
4.000E+02  2.581E+01  9.014E-03  2.582E+01  8.727E+00  8.723E+00  0.9996
4.500E+02  2.367E+01  8.028E-03  2.368E+01  1.075E+01  1.075E+01  0.9996
5.000E+02  2.193E+01  7.240E-03  2.194E+01  1.295E+01  1.294E+01  0.9996
5.500E+02  2.050E+01  6.594E-03  2.051E+01  1.531E+01  1.530E+01  0.9996
6.000E+02  1.930E+01  6.051E-03  1.930E+01  1.782E+01  1.782E+01  0.9996
6.500E+02  1.827E+01  5.588E-03  1.827E+01  2.049E+01  2.048E+01  0.9996
7.000E+02  1.738E+01  5.190E-03  1.739E+01  2.329E+01  2.328E+01  0.9996
7.500E+02  1.661E+01  4.845E-03  1.661E+01  2.623E+01  2.623E+01  0.9997
8.000E+02  1.593E+01  4.544E-03  1.594E+01  2.931E+01  2.930E+01  0.9997
8.500E+02  1.533E+01  4.280E-03  1.533E+01  3.251E+01  3.250E+01  0.9997
9.000E+02  1.479E+01  4.045E-03  1.480E+01  3.583E+01  3.582E+01  0.9997
9.500E+02  1.431E+01  3.834E-03  1.432E+01  3.926E+01  3.925E+01  0.9997
1.000E+03  1.388E+01  3.644E-03  1.388E+01  4.281E+01  4.280E+01  0.9997
