1.000E-03  1.015E+01  1.901E+01  2.917E+01  4.890E-05  4.339E-06  0.0887
1.500E-03  1.369E+01  1.988E+01  3.357E+01  6.476E-05  6.131E-06  0.0947
2.000E-03  1.693E+01  2.022E+01  3.715E+01  7.890E-05  7.925E-06  0.1005
2.500E-03  1.996E+01  2.030E+01  4.026E+01  9.181E-05  9.732E-06  0.1060
3.000E-03  2.284E+01  2.025E+01  4.308E+01  1.038E-04  1.156E-05  0.1113
4.000E-03  2.823E+01  1.993E+01  4.816E+01  1.257E-04  1.526E-05  0.1214
5.000E-03  3.329E+01  1.949E+01  5.277E+01  1.455E-04  1.904E-05  0.1308
6.000E-03  3.808E+01  1.901E+01  5.709E+01  1.638E-04  2.287E-05  0.1397
7.000E-03  4.266E+01  1.853E+01  6.119E+01  1.807E-04  2.675E-05  0.1481
8.000E-03  4.708E+01  1.806E+01  6.514E+01  1.965E-04  3.067E-05  0.1561
9.000E-03  5.135E+01  1.761E+01  6.896E+01  2.114E-04  3.461E-05  0.1637
1.000E-02  5.550E+01  1.718E+01  7.268E+01  2.255E-04  3.857E-05  0.1710
1.250E-02  6.543E+01  1.619E+01  8.162E+01  2.580E-04  4.853E-05  0.1881
1.500E-02  7.484E+01  1.533E+01  9.017E+01  2.871E-04  5.851E-05  0.2038
1.750E-02  8.385E+01  1.457E+01  9.841E+01  3.136E-04  6.845E-05  0.2182
2.000E-02  9.252E+01  1.389E+01  1.064E+02  3.380E-04  7.831E-05  0.2317
2.250E-02  1.009E+02  1.328E+01  1.142E+02  3.607E-04  8.808E-05  0.2442
2.500E-02  1.091E+02  1.274E+01  1.218E+02  3.819E-04  9.774E-05  0.2559
2.750E-02  1.170E+02  1.224E+01  1.292E+02  4.018E-04  1.073E-04  0.2670
3.000E-02  1.247E+02  1.179E+01  1.365E+02  4.206E-04  1.167E-04  0.2774
3.500E-02  1.397E+02  1.100E+01  1.507E+02  4.555E-04  1.351E-04  0.2966
4.000E-02  1.541E+02  1.032E+01  1.644E+02  4.872E-04  1.530E-04  0.3140
4.500E-02  1.680E+02  9.736E+00  1.777E+02  5.165E-04  1.703E-04  0.3298
5.000E-02  1.815E+02  9.223E+00  1.907E+02  5.436E-04  1.871E-04  0.3443
5.500E-02  1.946E+02  8.770E+00  2.034E+02  5.690E-04  2.035E-04  0.3576
6.000E-02  2.074E+02  8.366E+00  2.158E+02  5.928E-04  2.193E-04  0.3699
6.500E-02  2.199E+02  8.003E+00  2.279E+02  6.154E-04  2.347E-04  0.3814
7.000E-02  2.321E+02  7.674E+00  2.397E+02  6.368E-04  2.497E-04  0.3922
7.500E-02  2.440E+02  7.375E+00  2.514E+02  6.571E-04  2.643E-04  0.4022
8.000E-02  2.557E+02  7.102E+00  2.628E+02  6.766E-04  2.785E-04  0.4116
8.500E-02  2.672E+02  6.851E+00  2.740E+02  6.952E-04  2.923E-04  0.4205
9.000E-02  2.784E+02  6.620E+00  2.850E+02  7.131E-04  3.059E-04  0.4289
9.500E-02  2.895E+02  6.406E+00  2.959E+02  7.303E-04  3.190E-04  0.4369
1.000E-01  3.003E+02  6.207E+00  3.065E+02  7.469E-04  3.319E-04  0.4444
1.250E-01  3.519E+02  5.391E+00  3.573E+02  8.223E-04  3.923E-04  0.4771
1.500E-01  3.996E+02  4.785E+00  4.043E+02  8.880E-04  4.472E-04  0.5036
1.750E-01  4.437E+02  4.314E+00  4.480E+02  9.467E-04  4.976E-04  0.5256
2.000E-01  4.844E+02  3.936E+00  4.884E+02  1.000E-03  5.445E-04  0.5445
2.250E-01  5.221E+02  3.626E+00  5.257E+02  1.049E-03  5.886E-04  0.5609
2.500E-01  5.567E+02  3.365E+00  5.601E+02  1.095E-03  6.302E-04  0.5753
2.750E-01  5.884E+02  3.143E+00  5.915E+02  1.139E-03  6.699E-04  0.5882
3.000E-01  6.172E+02  2.951E+00  6.201E+02  1.180E-03  7.080E-04  0.5999
3.500E-01  6.666E+02  2.636E+00  6.692E+02  1.258E-03  7.802E-04  0.6204
4.000E-01  7.057E+02  2.387E+00  7.081E+02  1.330E-03  8.486E-04  0.6380
4.500E-01  7.355E+02  2.185E+00  7.377E+02  1.399E-03  9.142E-04  0.6534
5.000E-01  7.570E+02  2.017E+00  7.590E+02  1.466E-03  9.780E-04  0.6671
5.500E-01  7.714E+02  1.875E+00  7.733E+02  1.531E-03  1.041E-03  0.6796
6.000E-01  7.799E+02  1.754E+00  7.816E+02  1.596E-03  1.103E-03  0.6911
6.500E-01  7.834E+02  1.648E+00  7.850E+02  1.659E-03  1.164E-03  0.7017
7.000E-01  7.830E+02  1.556E+00  7.845E+02  1.723E-03  1.226E-03  0.7116
7.500E-01  7.794E+02  1.474E+00  7.809E+02  1.787E-03  1.288E-03  0.7210
8.000E-01  7.736E+02  1.401E+00  7.750E+02  1.851E-03  1.351E-03  0.7297
8.500E-01  7.659E+02  1.336E+00  7.672E+02  1.916E-03  1.414E-03  0.7381
9.000E-01  7.570E+02  1.277E+00  7.583E+02  1.981E-03  1.478E-03  0.7460
9.500E-01  7.472E+02  1.223E+00  7.484E+02  2.048E-03  1.543E-03  0.7535
1.000E+00  7.369E+02  1.174E+00  7.381E+02  2.115E-03  1.609E-03  0.7607
1.250E+00  6.837E+02  9.817E-01  6.846E+02  2.467E-03  1.954E-03  0.7923
1.500E+00  6.356E+02  8.468E-01  6.365E+02  2.846E-03  2.328E-03  0.8179
1.750E+00  5.952E+02  7.467E-01  5.960E+02  3.252E-03  2.729E-03  0.8391
2.000E+00  5.615E+02  6.691E-01  5.622E+02  3.684E-03  3.156E-03  0.8566
2.250E+00  5.330E+02  6.070E-01  5.336E+02  4.141E-03  3.608E-03  0.8712
2.500E+00  5.086E+02  5.562E-01  5.092E+02  4.621E-03  4.083E-03  0.8836
2.750E+00  4.873E+02  5.138E-01  4.878E+02  5.123E-03  4.580E-03  0.8940
3.000E+00  4.685E+02  4.778E-01  4.689E+02  5.646E-03  5.098E-03  0.9030
3.500E+00  4.399E+02  4.199E-01  4.403E+02  6.748E-03  6.191E-03  0.9176
4.000E+00  4.179E+02  3.752E-01  4.182E+02  7.914E-03  7.349E-03  0.9286
4.500E+00  3.988E+02  3.396E-01  3.992E+02  9.138E-03  8.564E-03  0.9372
5.000E+00  3.814E+02  3.106E-01  3.817E+02  1.042E-02  9.837E-03  0.9441
5.500E+00  3.649E+02  2.864E-01  3.652E+02  1.176E-02  1.117E-02  0.9498
6.000E+00  3.492E+02  2.659E-01  3.495E+02  1.316E-02  1.256E-02  0.9545
6.500E+00  3.342E+02  2.483E-01  3.344E+02  1.462E-02  1.401E-02  0.9585
7.000E+00  3.198E+02  2.330E-01  3.201E+02  1.615E-02  1.553E-02  0.9619
7.500E+00  3.062E+02  2.196E-01  3.064E+02  1.775E-02  1.712E-02  0.9648
8.000E+00  2.937E+02  2.078E-01  2.939E+02  1.941E-02  1.878E-02  0.9674
8.500E+00  2.828E+02  1.972E-01  2.830E+02  2.115E-02  2.050E-02  0.9696
9.000E+00  2.728E+02  1.877E-01  2.730E+02  2.295E-02  2.229E-02  0.9716
9.500E+00  2.636E+02  1.792E-01  2.638E+02  2.481E-02  2.415E-02  0.9734
1.000E+01  2.552E+02  1.714E-01  2.553E+02  2.674E-02  2.607E-02  0.9750
1.250E+01  2.212E+02  1.413E-01  2.213E+02  3.729E-02  3.657E-02  0.9808
1.500E+01  1.958E+02  1.205E-01  1.959E+02  4.932E-02  4.855E-02  0.9844
1.750E+01  1.766E+02  1.053E-01  1.767E+02  6.278E-02  6.196E-02  0.9869
2.000E+01  1.612E+02  9.371E-02  1.613E+02  7.761E-02  7.673E-02  0.9887
2.500E+01  1.381E+02  7.702E-02  1.382E+02  1.112E-01  1.102E-01  0.9910
2.750E+01  1.292E+02  7.081E-02  1.293E+02  1.299E-01  1.289E-01  0.9918
3.000E+01  1.215E+02  6.557E-02  1.216E+02  1.499E-01  1.487E-01  0.9924
3.500E+01  1.089E+02  5.720E-02  1.089E+02  1.934E-01  1.921E-01  0.9934
4.000E+01  9.891E+01  5.081E-02  9.896E+01  2.416E-01  2.402E-01  0.9940
4.500E+01  9.081E+01  4.575E-02  9.086E+01  2.944E-01  2.928E-01  0.9945
5.000E+01  8.409E+01  4.165E-02  8.413E+01  3.517E-01  3.499E-01  0.9949
5.500E+01  7.840E+01  3.825E-02  7.844E+01  4.132E-01  4.113E-01  0.9952
6.000E+01  7.353E+01  3.539E-02  7.356E+01  4.791E-01  4.769E-01  0.9955
6.500E+01  6.929E+01  3.294E-02  6.932E+01  5.492E-01  5.468E-01  0.9957
7.000E+01  6.557E+01  3.081E-02  6.560E+01  6.233E-01  6.208E-01  0.9958
7.500E+01  6.228E+01  2.896E-02  6.231E+01  7.016E-01  6.988E-01  0.9960
8.000E+01  5.934E+01  2.732E-02  5.937E+01  7.838E-01  7.808E-01  0.9961
8.500E+01  5.671E+01  2.587E-02  5.673E+01  8.700E-01  8.667E-01  0.9962
9.000E+01  5.432E+01  2.457E-02  5.435E+01  9.601E-01  9.565E-01  0.9963
9.500E+01  5.216E+01  2.340E-02  5.218E+01  1.054E+00  1.050E+00  0.9964
1.000E+02  5.018E+01  2.234E-02  5.021E+01  1.152E+00  1.148E+00  0.9965
1.250E+02  4.241E+01  1.825E-02  4.243E+01  1.696E+00  1.690E+00  0.9968
1.500E+02  3.695E+01  1.545E-02  3.697E+01  2.329E+00  2.322E+00  0.9969
1.750E+02  3.290E+01  1.342E-02  3.291E+01  3.047E+00  3.038E+00  0.9971
2.000E+02  2.976E+01  1.187E-02  2.977E+01  3.847E+00  3.836E+00  0.9972
2.250E+02  2.725E+01  1.065E-02  2.726E+01  4.725E+00  4.713E+00  0.9973
2.500E+02  2.520E+01  9.664E-03  2.521E+01  5.680E+00  5.665E+00  0.9973
2.750E+02  2.349E+01  8.848E-03  2.349E+01  6.708E+00  6.691E+00  0.9974
3.000E+02  2.203E+01  8.161E-03  2.204E+01  7.807E+00  7.787E+00  0.9974
3.500E+02  1.970E+01  7.067E-03  1.971E+01  1.021E+01  1.019E+01  0.9975
4.000E+02  1.790E+01  6.236E-03  1.791E+01  1.288E+01  1.285E+01  0.9976
4.500E+02  1.648E+01  5.583E-03  1.649E+01  1.579E+01  1.575E+01  0.9977
5.000E+02  1.532E+01  5.057E-03  1.533E+01  1.894E+01  1.890E+01  0.9977
5.500E+02  1.436E+01  4.622E-03  1.436E+01  2.231E+01  2.226E+01  0.9978
6.000E+02  1.355E+01  4.257E-03  1.355E+01  2.590E+01  2.584E+01  0.9978
6.500E+02  1.285E+01  3.945E-03  1.286E+01  2.969E+01  2.962E+01  0.9978
7.000E+02  1.225E+01  3.675E-03  1.226E+01  3.367E+01  3.360E+01  0.9979
7.500E+02  1.173E+01  3.440E-03  1.173E+01  3.784E+01  3.776E+01  0.9979
8.000E+02  1.127E+01  3.234E-03  1.127E+01  4.219E+01  4.210E+01  0.9979
8.500E+02  1.086E+01  3.051E-03  1.086E+01  4.671E+01  4.662E+01  0.9980
9.000E+02  1.049E+01  2.887E-03  1.050E+01  5.140E+01  5.129E+01  0.9980
9.500E+02  1.016E+01  2.741E-03  1.017E+01  5.624E+01  5.613E+01  0.9980
1.000E+03  9.868E+00  2.609E-03  9.870E+00  6.123E+01  6.111E+01  0.9980
