1.000E-03  5.924E+01  3.907E+01  9.831E+01  1.506E-05  3.027E-06  0.2009
1.500E-03  7.281E+01  3.954E+01  1.124E+02  1.978E-05  4.298E-06  0.2173
2.000E-03  8.428E+01  3.923E+01  1.235E+02  2.402E-05  5.567E-06  0.2318
2.500E-03  9.441E+01  3.860E+01  1.330E+02  2.791E-05  6.834E-06  0.2448
3.000E-03  1.036E+02  3.786E+01  1.414E+02  3.156E-05  8.102E-06  0.2567
4.000E-03  1.199E+02  3.626E+01  1.562E+02  3.827E-05  1.064E-05  0.2780
5.000E-03  1.343E+02  3.472E+01  1.690E+02  4.442E-05  1.318E-05  0.2966
6.000E-03  1.474E+02  3.328E+01  1.806E+02  5.014E-05  1.571E-05  0.3133
7.000E-03  1.594E+02  3.196E+01  1.913E+02  5.552E-05  1.823E-05  0.3283
8.000E-03  1.706E+02  3.076E+01  2.013E+02  6.061E-05  2.074E-05  0.3421
9.000E-03  1.811E+02  2.965E+01  2.108E+02  6.546E-05  2.323E-05  0.3549
1.000E-02  1.911E+02  2.864E+01  2.197E+02  7.011E-05  2.571E-05  0.3667
1.250E-02  2.140E+02  2.643E+01  2.404E+02  8.098E-05  3.183E-05  0.3930
1.500E-02  2.347E+02  2.459E+01  2.593E+02  9.098E-05  3.782E-05  0.4157
1.750E-02  2.538E+02  2.304E+01  2.769E+02  1.003E-04  4.370E-05  0.4357
2.000E-02  2.716E+02  2.170E+01  2.933E+02  1.091E-04  4.946E-05  0.4534
2.250E-02  2.883E+02  2.053E+01  3.089E+02  1.174E-04  5.510E-05  0.4694
2.500E-02  3.041E+02  1.950E+01  3.236E+02  1.253E-04  6.062E-05  0.4839
2.750E-02  3.191E+02  1.859E+01  3.377E+02  1.328E-04  6.604E-05  0.4971
3.000E-02  3.335E+02  1.777E+01  3.513E+02  1.401E-04  7.136E-05  0.5093
3.500E-02  3.605E+02  1.636E+01  3.768E+02  1.538E-04  8.169E-05  0.5310
4.000E-02  3.855E+02  1.518E+01  4.007E+02  1.667E-04  9.167E-05  0.5499
4.500E-02  4.090E+02  1.419E+01  4.232E+02  1.788E-04  1.013E-04  0.5666
5.000E-02  4.312E+02  1.333E+01  4.445E+02  1.904E-04  1.107E-04  0.5814
5.500E-02  4.522E+02  1.259E+01  4.648E+02  2.014E-04  1.197E-04  0.5947
6.000E-02  4.722E+02  1.193E+01  4.842E+02  2.119E-04  1.286E-04  0.6068
6.500E-02  4.914E+02  1.135E+01  5.027E+02  2.220E-04  1.372E-04  0.6178
7.000E-02  5.097E+02  1.083E+01  5.205E+02  2.318E-04  1.455E-04  0.6279
7.500E-02  5.273E+02  1.036E+01  5.377E+02  2.412E-04  1.537E-04  0.6372
8.000E-02  5.443E+02  9.932E+00  5.542E+02  2.504E-04  1.617E-04  0.6459
8.500E-02  5.606E+02  9.544E+00  5.702E+02  2.593E-04  1.696E-04  0.6539
9.000E-02  5.764E+02  9.189E+00  5.856E+02  2.680E-04  1.772E-04  0.6614
9.500E-02  5.917E+02  8.862E+00  6.005E+02  2.764E-04  1.848E-04  0.6685
1.000E-01  6.065E+02  8.561E+00  6.150E+02  2.846E-04  1.921E-04  0.6751
1.250E-01  6.742E+02  7.343E+00  6.815E+02  3.232E-04  2.272E-04  0.7030
1.500E-01  7.331E+02  6.455E+00  7.396E+02  3.583E-04  2.597E-04  0.7249
1.750E-01  7.850E+02  5.777E+00  7.908E+02  3.910E-04  2.903E-04  0.7426
2.000E-01  8.310E+02  5.239E+00  8.362E+02  4.217E-04  3.194E-04  0.7573
2.250E-01  8.717E+02  4.802E+00  8.765E+02  4.509E-04  3.472E-04  0.7699
2.500E-01  9.079E+02  4.438E+00  9.123E+02  4.788E-04  3.739E-04  0.7809
2.750E-01  9.400E+02  4.130E+00  9.441E+02  5.058E-04  3.998E-04  0.7905
3.000E-01  9.683E+02  3.865E+00  9.722E+02  5.319E-04  4.250E-04  0.7991
3.500E-01  1.015E+03  3.434E+00  1.019E+03  5.820E-04  4.736E-04  0.8137
4.000E-01  1.051E+03  3.096E+00  1.054E+03  6.303E-04  5.206E-04  0.8260
4.500E-01  1.077E+03  2.824E+00  1.080E+03  6.771E-04  5.664E-04  0.8364
5.000E-01  1.095E+03  2.599E+00  1.097E+03  7.230E-04  6.113E-04  0.8455
5.500E-01  1.106E+03  2.410E+00  1.109E+03  7.683E-04  6.558E-04  0.8535
6.000E-01  1.112E+03  2.248E+00  1.115E+03  8.133E-04  7.000E-04  0.8607
6.500E-01  1.114E+03  2.109E+00  1.116E+03  8.581E-04  7.441E-04  0.8672
7.000E-01  1.112E+03  1.987E+00  1.114E+03  9.029E-04  7.883E-04  0.8731
7.500E-01  1.107E+03  1.879E+00  1.109E+03  9.479E-04  8.327E-04  0.8785
8.000E-01  1.100E+03  1.784E+00  1.102E+03  9.931E-04  8.774E-04  0.8835
8.500E-01  1.092E+03  1.698E+00  1.093E+03  1.039E-03  9.224E-04  0.8881
9.000E-01  1.082E+03  1.621E+00  1.083E+03  1.085E-03  9.678E-04  0.8923
9.500E-01  1.071E+03  1.551E+00  1.072E+03  1.131E-03  1.014E-03  0.8963
1.000E+00  1.059E+03  1.487E+00  1.060E+03  1.178E-03  1.060E-03  0.9001
1.250E+00  9.956E+02  1.238E+00  9.968E+02  1.421E-03  1.301E-03  0.9157
1.500E+00  9.337E+02  1.064E+00  9.347E+02  1.680E-03  1.558E-03  0.9276
1.750E+00  8.776E+02  9.360E-01  8.786E+02  1.956E-03  1.833E-03  0.9369
2.000E+00  8.279E+02  8.369E-01  8.288E+02  2.249E-03  2.124E-03  0.9444
2.250E+00  7.852E+02  7.579E-01  7.860E+02  2.559E-03  2.432E-03  0.9505
2.500E+00  7.478E+02  6.934E-01  7.485E+02  2.885E-03  2.757E-03  0.9556
2.750E+00  7.145E+02  6.396E-01  7.152E+02  3.227E-03  3.097E-03  0.9598
3.000E+00  6.844E+02  5.941E-01  6.850E+02  3.584E-03  3.453E-03  0.9634
3.500E+00  6.319E+02  5.209E-01  6.324E+02  4.345E-03  4.210E-03  0.9691
4.000E+00  5.871E+02  4.647E-01  5.876E+02  5.165E-03  5.028E-03  0.9734
4.500E+00  5.483E+02  4.200E-01  5.487E+02  6.046E-03  5.906E-03  0.9768
5.000E+00  5.143E+02  3.836E-01  5.147E+02  6.988E-03  6.844E-03  0.9795
5.500E+00  4.842E+02  3.534E-01  4.846E+02  7.989E-03  7.843E-03  0.9817
6.000E+00  4.573E+02  3.278E-01  4.576E+02  9.052E-03  8.902E-03  0.9835
6.500E+00  4.334E+02  3.058E-01  4.337E+02  1.017E-02  1.002E-02  0.9850
7.000E+00  4.125E+02  2.868E-01  4.128E+02  1.136E-02  1.120E-02  0.9862
7.500E+00  3.937E+02  2.701E-01  3.939E+02  1.260E-02  1.244E-02  0.9873
8.000E+00  3.767E+02  2.554E-01  3.770E+02  1.389E-02  1.373E-02  0.9883
8.500E+00  3.615E+02  2.422E-01  3.617E+02  1.525E-02  1.508E-02  0.9891
9.000E+00  3.476E+02  2.304E-01  3.478E+02  1.666E-02  1.649E-02  0.9898
9.500E+00  3.349E+02  2.198E-01  3.351E+02  1.812E-02  1.795E-02  0.9904
1.000E+01  3.232E+02  2.102E-01  3.235E+02  1.964E-02  1.947E-02  0.9910
1.250E+01  2.767E+02  1.728E-01  2.768E+02  2.803E-02  2.783E-02  0.9929
1.500E+01  2.432E+02  1.472E-01  2.433E+02  3.768E-02  3.746E-02  0.9942
1.750E+01  2.178E+02  1.285E-01  2.179E+02  4.856E-02  4.832E-02  0.9950
2.000E+01  1.978E+02  1.142E-01  1.979E+02  6.062E-02  6.035E-02  0.9956
2.500E+01  1.680E+02  9.364E-02  1.681E+02  8.814E-02  8.782E-02  0.9963
2.750E+01  1.566E+02  8.602E-02  1.567E+02  1.036E-01  1.032E-01  0.9966
3.000E+01  1.468E+02  7.959E-02  1.469E+02  1.201E-01  1.197E-01  0.9968
3.500E+01  1.308E+02  6.935E-02  1.309E+02  1.562E-01  1.557E-01  0.9971
4.000E+01  1.183E+02  6.152E-02  1.184E+02  1.964E-01  1.959E-01  0.9973
4.500E+01  1.082E+02  5.533E-02  1.083E+02  2.406E-01  2.400E-01  0.9975
5.000E+01  9.992E+01  5.032E-02  9.997E+01  2.887E-01  2.880E-01  0.9976
5.500E+01  9.291E+01  4.617E-02  9.295E+01  3.406E-01  3.398E-01  0.9977
6.000E+01  8.692E+01  4.268E-02  8.696E+01  3.963E-01  3.954E-01  0.9978
6.500E+01  8.174E+01  3.970E-02  8.178E+01  4.556E-01  4.546E-01  0.9979
7.000E+01  7.722E+01  3.711E-02  7.725E+01  5.185E-01  5.174E-01  0.9979
7.500E+01  7.322E+01  3.486E-02  7.326E+01  5.850E-01  5.838E-01  0.9980
8.000E+01  6.967E+01  3.287E-02  6.970E+01  6.550E-01  6.537E-01  0.9980
8.500E+01  6.648E+01  3.110E-02  6.651E+01  7.285E-01  7.271E-01  0.9980
9.000E+01  6.361E+01  2.952E-02  6.364E+01  8.054E-01  8.038E-01  0.9981
9.500E+01  6.100E+01  2.809E-02  6.103E+01  8.856E-01  8.839E-01  0.9981
1.000E+02  5.863E+01  2.680E-02  5.866E+01  9.692E-01  9.674E-01  0.9981
1.250E+02  4.933E+01  2.184E-02  4.935E+01  1.436E+00  1.433E+00  0.9982
1.500E+02  4.285E+01  1.846E-02  4.286E+01  1.981E+00  1.978E+00  0.9983
1.750E+02  3.805E+01  1.600E-02  3.806E+01  2.601E+00  2.597E+00  0.9984
2.000E+02  3.434E+01  1.412E-02  3.436E+01  3.294E+00  3.289E+00  0.9984
2.250E+02  3.139E+01  1.265E-02  3.140E+01  4.056E+00  4.050E+00  0.9985
2.500E+02  2.898E+01  1.146E-02  2.899E+01  4.885E+00  4.878E+00  0.9985
2.750E+02  2.697E+01  1.048E-02  2.698E+01  5.780E+00  5.771E+00  0.9985
3.000E+02  2.527E+01  9.654E-03  2.528E+01  6.738E+00  6.728E+00  0.9985
3.500E+02  2.255E+01  8.345E-03  2.256E+01  8.836E+00  8.824E+00  0.9986
4.000E+02  2.046E+01  7.348E-03  2.047E+01  1.117E+01  1.115E+01  0.9986
4.500E+02  1.880E+01  6.565E-03  1.881E+01  1.372E+01  1.370E+01  0.9986
5.000E+02  1.746E+01  5.933E-03  1.746E+01  1.648E+01  1.646E+01  0.9987
5.500E+02  1.634E+01  5.413E-03  1.635E+01  1.944E+01  1.942E+01  0.9987
6.000E+02  1.540E+01  4.978E-03  1.541E+01  2.259E+01  2.257E+01  0.9987
6.500E+02  1.460E+01  4.609E-03  1.461E+01  2.593E+01  2.590E+01  0.9987
7.000E+02  1.391E+01  4.291E-03  1.391E+01  2.944E+01  2.940E+01  0.9988
7.500E+02  1.330E+01  4.014E-03  1.331E+01  3.311E+01  3.307E+01  0.9988
8.000E+02  1.277E+01  3.772E-03  1.277E+01  3.695E+01  3.691E+01  0.9988
8.500E+02  1.230E+01  3.557E-03  1.230E+01  4.094E+01  4.089E+01  0.9988
9.000E+02  1.188E+01  3.365E-03  1.188E+01  4.508E+01  4.502E+01  0.9988
9.500E+02  1.150E+01  3.192E-03  1.150E+01  4.936E+01  4.930E+01  0.9988
1.000E+03  1.115E+01  3.036E-03  1.116E+01  5.377E+01  5.371E+01  0.9989
