1.000E-03  1.150E+01  5.784E+00  1.728E+01  9.597E-05  6.354E-06  0.0662
1.500E-03  1.455E+01  6.326E+00  2.088E+01  1.220E-04  8.608E-06  0.0705
2.000E-03  1.720E+01  6.665E+00  2.386E+01  1.444E-04  1.078E-05  0.0747
2.500E-03  1.957E+01  6.889E+00  2.646E+01  1.642E-04  1.290E-05  0.0786
3.000E-03  2.176E+01  7.044E+00  2.880E+01  1.823E-04  1.500E-05  0.0823
4.000E-03  2.572E+01  7.223E+00  3.294E+01  2.147E-04  1.915E-05  0.0892
5.000E-03  2.927E+01  7.302E+00  3.658E+01  2.435E-04  2.329E-05  0.0956
6.000E-03  3.254E+01  7.323E+00  3.987E+01  2.697E-04  2.742E-05  0.1017
7.000E-03  3.559E+01  7.310E+00  4.290E+01  2.938E-04  3.156E-05  0.1074
8.000E-03  3.846E+01  7.275E+00  4.573E+01  3.164E-04  3.571E-05  0.1129
9.000E-03  4.118E+01  7.225E+00  4.840E+01  3.376E-04  3.988E-05  0.1181
1.000E-02  4.378E+01  7.167E+00  5.094E+01  3.578E-04  4.405E-05  0.1231
1.250E-02  4.983E+01  6.999E+00  5.683E+01  4.042E-04  5.454E-05  0.1349
1.500E-02  5.539E+01  6.820E+00  6.221E+01  4.462E-04  6.509E-05  0.1459
1.750E-02  6.056E+01  6.641E+00  6.720E+01  4.848E-04  7.567E-05  0.1561
2.000E-02  6.544E+01  6.468E+00  7.190E+01  5.208E-04  8.628E-05  0.1657
2.250E-02  7.006E+01  6.302E+00  7.636E+01  5.545E-04  9.691E-05  0.1748
2.500E-02  7.446E+01  6.144E+00  8.061E+01  5.863E-04  1.075E-04  0.1834
2.750E-02  7.868E+01  5.994E+00  8.468E+01  6.166E-04  1.181E-04  0.1916
3.000E-02  8.274E+01  5.852E+00  8.859E+01  6.455E-04  1.287E-04  0.1995
3.500E-02  9.045E+01  5.590E+00  9.604E+01  6.996E-04  1.499E-04  0.2142
4.000E-02  9.769E+01  5.354E+00  1.030E+02  7.499E-04  1.709E-04  0.2279
4.500E-02  1.045E+02  5.141E+00  1.097E+02  7.969E-04  1.917E-04  0.2406
5.000E-02  1.111E+02  4.947E+00  1.160E+02  8.412E-04  2.124E-04  0.2525
5.500E-02  1.173E+02  4.770E+00  1.221E+02  8.832E-04  2.329E-04  0.2637
6.000E-02  1.233E+02  4.607E+00  1.279E+02  9.232E-04  2.532E-04  0.2743
6.500E-02  1.291E+02  4.457E+00  1.335E+02  9.614E-04  2.733E-04  0.2843
7.000E-02  1.346E+02  4.318E+00  1.390E+02  9.981E-04  2.933E-04  0.2938
7.500E-02  1.400E+02  4.190E+00  1.442E+02  1.033E-03  3.130E-04  0.3029
8.000E-02  1.452E+02  4.070E+00  1.493E+02  1.068E-03  3.325E-04  0.3115
8.500E-02  1.503E+02  3.958E+00  1.543E+02  1.100E-03  3.518E-04  0.3197
9.000E-02  1.552E+02  3.853E+00  1.591E+02  1.132E-03  3.710E-04  0.3276
9.500E-02  1.600E+02  3.754E+00  1.638E+02  1.163E-03  3.899E-04  0.3352
1.000E-01  1.647E+02  3.662E+00  1.683E+02  1.193E-03  4.087E-04  0.3424
1.250E-01  1.864E+02  3.268E+00  1.897E+02  1.333E-03  4.999E-04  0.3750
1.500E-01  2.058E+02  2.962E+00  2.088E+02  1.459E-03  5.870E-04  0.4025
1.750E-01  2.235E+02  2.715E+00  2.262E+02  1.574E-03  6.707E-04  0.4262
2.000E-01  2.395E+02  2.511E+00  2.420E+02  1.680E-03  7.512E-04  0.4471
2.250E-01  2.542E+02  2.339E+00  2.566E+02  1.781E-03  8.291E-04  0.4656
2.500E-01  2.677E+02  2.192E+00  2.699E+02  1.876E-03  9.046E-04  0.4823
2.750E-01  2.801E+02  2.065E+00  2.822E+02  1.966E-03  9.780E-04  0.4974
3.000E-01  2.915E+02  1.953E+00  2.934E+02  2.053E-03  1.050E-03  0.5113
3.500E-01  3.116E+02  1.767E+00  3.133E+02  2.218E-03  1.188E-03  0.5358
4.000E-01  3.285E+02  1.616E+00  3.301E+02  2.373E-03  1.322E-03  0.5570
4.500E-01  3.426E+02  1.491E+00  3.441E+02  2.521E-03  1.451E-03  0.5757
5.000E-01  3.543E+02  1.387E+00  3.557E+02  2.664E-03  1.578E-03  0.5924
5.500E-01  3.638E+02  1.297E+00  3.651E+02  2.803E-03  1.702E-03  0.6074
6.000E-01  3.715E+02  1.220E+00  3.727E+02  2.938E-03  1.825E-03  0.6211
6.500E-01  3.775E+02  1.152E+00  3.787E+02  3.071E-03  1.946E-03  0.6337
7.000E-01  3.821E+02  1.092E+00  3.832E+02  3.203E-03  2.067E-03  0.6453
7.500E-01  3.855E+02  1.039E+00  3.865E+02  3.332E-03  2.186E-03  0.6561
8.000E-01  3.878E+02  9.906E-01  3.888E+02  3.461E-03  2.306E-03  0.6662
8.500E-01  3.891E+02  9.474E-01  3.900E+02  3.590E-03  2.426E-03  0.6757
9.000E-01  3.896E+02  9.081E-01  3.905E+02  3.718E-03  2.545E-03  0.6846
9.500E-01  3.894E+02  8.723E-01  3.903E+02  3.846E-03  2.665E-03  0.6931
1.000E+00  3.887E+02  8.394E-01  3.895E+02  3.974E-03  2.786E-03  0.7011
1.250E+00  3.844E+02  7.090E-01  3.851E+02  4.619E-03  3.398E-03  0.7355
1.500E+00  3.757E+02  6.162E-01  3.763E+02  5.275E-03  4.025E-03  0.7629
1.750E+00  3.626E+02  5.465E-01  3.631E+02  5.951E-03  4.675E-03  0.7855
2.000E+00  3.468E+02  4.921E-01  3.473E+02  6.655E-03  5.354E-03  0.8046
2.250E+00  3.305E+02  4.483E-01  3.310E+02  7.392E-03  6.069E-03  0.8209
2.500E+00  3.164E+02  4.122E-01  3.168E+02  8.165E-03  6.819E-03  0.8352
2.750E+00  3.040E+02  3.819E-01  3.044E+02  8.970E-03  7.602E-03  0.8475
3.000E+00  2.930E+02  3.561E-01  2.934E+02  9.807E-03  8.418E-03  0.8584
3.500E+00  2.741E+02  3.143E-01  2.744E+02  1.157E-02  1.014E-02  0.8764
4.000E+00  2.584E+02  2.819E-01  2.587E+02  1.345E-02  1.198E-02  0.8906
4.500E+00  2.450E+02  2.559E-01  2.453E+02  1.543E-02  1.392E-02  0.9021
5.000E+00  2.334E+02  2.347E-01  2.336E+02  1.752E-02  1.597E-02  0.9115
5.500E+00  2.231E+02  2.169E-01  2.234E+02  1.971E-02  1.812E-02  0.9193
6.000E+00  2.140E+02  2.018E-01  2.142E+02  2.200E-02  2.037E-02  0.9259
6.500E+00  2.058E+02  1.888E-01  2.060E+02  2.438E-02  2.271E-02  0.9315
7.000E+00  1.984E+02  1.775E-01  1.986E+02  2.685E-02  2.514E-02  0.9364
7.500E+00  1.916E+02  1.675E-01  1.918E+02  2.942E-02  2.767E-02  0.9406
8.000E+00  1.855E+02  1.587E-01  1.856E+02  3.207E-02  3.028E-02  0.9442
8.500E+00  1.797E+02  1.508E-01  1.799E+02  3.480E-02  3.297E-02  0.9475
9.000E+00  1.745E+02  1.437E-01  1.746E+02  3.762E-02  3.576E-02  0.9503
9.500E+00  1.696E+02  1.373E-01  1.697E+02  4.053E-02  3.862E-02  0.9529
1.000E+01  1.650E+02  1.315E-01  1.651E+02  4.352E-02  4.157E-02  0.9552
1.250E+01  1.461E+02  1.088E-01  1.462E+02  5.965E-02  5.749E-02  0.9638
1.500E+01  1.318E+02  9.317E-02  1.319E+02  7.768E-02  7.531E-02  0.9695
1.750E+01  1.205E+02  8.165E-02  1.206E+02  9.753E-02  9.494E-02  0.9734
2.000E+01  1.113E+02  7.279E-02  1.114E+02  1.191E-01  1.163E-01  0.9763
2.500E+01  9.720E+01  6.004E-02  9.726E+01  1.673E-01  1.640E-01  0.9802
2.750E+01  9.160E+01  5.528E-02  9.166E+01  1.938E-01  1.902E-01  0.9816
3.000E+01  8.672E+01  5.126E-02  8.677E+01  2.218E-01  2.180E-01  0.9828
3.500E+01  7.860E+01  4.483E-02  7.864E+01  2.825E-01  2.781E-01  0.9845
4.000E+01  7.207E+01  3.989E-02  7.211E+01  3.489E-01  3.440E-01  0.9858
4.500E+01  6.670E+01  3.599E-02  6.673E+01  4.211E-01  4.155E-01  0.9868
5.000E+01  6.218E+01  3.281E-02  6.221E+01  4.987E-01  4.926E-01  0.9876
5.500E+01  5.832E+01  3.018E-02  5.835E+01  5.818E-01  5.749E-01  0.9883
6.000E+01  5.498E+01  2.795E-02  5.501E+01  6.701E-01  6.626E-01  0.9888
6.500E+01  5.206E+01  2.605E-02  5.208E+01  7.635E-01  7.553E-01  0.9892
7.000E+01  4.947E+01  2.440E-02  4.950E+01  8.620E-01  8.531E-01  0.9896
7.500E+01  4.717E+01  2.295E-02  4.720E+01  9.655E-01  9.558E-01  0.9900
8.000E+01  4.511E+01  2.168E-02  4.513E+01  1.074E+00  1.063E+00  0.9903
8.500E+01  4.324E+01  2.054E-02  4.326E+01  1.187E+00  1.176E+00  0.9905
9.000E+01  4.155E+01  1.953E-02  4.157E+01  1.305E+00  1.293E+00  0.9907
9.500E+01  4.000E+01  1.861E-02  4.002E+01  1.428E+00  1.415E+00  0.9909
1.000E+02  3.859E+01  1.778E-02  3.860E+01  1.555E+00  1.541E+00  0.9911
1.250E+02  3.294E+01  1.457E-02  3.296E+01  2.258E+00  2.240E+00  0.9918
1.500E+02  2.892E+01  1.238E-02  2.893E+01  3.070E+00  3.047E+00  0.9923
1.750E+02  2.590E+01  1.078E-02  2.591E+01  3.985E+00  3.956E+00  0.9927
2.000E+02  2.354E+01  9.559E-03  2.355E+01  4.999E+00  4.963E+00  0.9930
2.250E+02  2.164E+01  8.595E-03  2.164E+01  6.107E+00  6.066E+00  0.9932
2.500E+02  2.007E+01  7.814E-03  2.008E+01  7.308E+00  7.259E+00  0.9934
2.750E+02  1.876E+01  7.168E-03  1.877E+01  8.596E+00  8.541E+00  0.9935
3.000E+02  1.764E+01  6.623E-03  1.765E+01  9.971E+00  9.908E+00  0.9937
3.500E+02  1.584E+01  5.755E-03  1.585E+01  1.297E+01  1.289E+01  0.9939
4.000E+02  1.445E+01  5.094E-03  1.445E+01  1.628E+01  1.618E+01  0.9941
4.500E+02  1.334E+01  4.572E-03  1.334E+01  1.988E+01  1.977E+01  0.9943
5.000E+02  1.243E+01  4.150E-03  1.243E+01  2.377E+01  2.363E+01  0.9944
5.500E+02  1.167E+01  3.801E-03  1.167E+01  2.792E+01  2.777E+01  0.9945
6.000E+02  1.103E+01  3.508E-03  1.103E+01  3.233E+01  3.216E+01  0.9946
6.500E+02  1.048E+01  3.258E-03  1.049E+01  3.698E+01  3.678E+01  0.9947
7.000E+02  1.001E+01  3.041E-03  1.001E+01  4.186E+01  4.164E+01  0.9948
7.500E+02  9.591E+00  2.852E-03  9.594E+00  4.697E+01  4.673E+01  0.9949
8.000E+02  9.224E+00  2.685E-03  9.227E+00  5.228E+01  5.202E+01  0.9950
8.500E+02  8.898E+00  2.537E-03  8.901E+00  5.780E+01  5.751E+01  0.9951
9.000E+02  8.606E+00  2.405E-03  8.608E+00  6.351E+01  6.320E+01  0.9951
9.500E+02  8.343E+00  2.286E-03  8.346E+00  6.941E+01  6.908E+01  0.9952
1.000E+03  8.106E+00  2.179E-03  8.108E+00  7.549E+01  7.513E+01  0.9952
