1.000E-03  2.739E+01  1.195E+01  3.934E+01  4.139E-05  4.715E-06  0.1139
1.500E-03  3.396E+01  1.275E+01  4.671E+01  5.294E-05  6.479E-06  0.1224
2.000E-03  3.955E+01  1.317E+01  5.272E+01  6.300E-05  8.200E-06  0.1302
2.500E-03  4.452E+01  1.339E+01  5.791E+01  7.203E-05  9.893E-06  0.1373
3.000E-03  4.904E+01  1.350E+01  6.254E+01  8.033E-05  1.157E-05  0.1440
4.000E-03  5.711E+01  1.353E+01  7.064E+01  9.535E-05  1.491E-05  0.1564
5.000E-03  6.428E+01  1.342E+01  7.770E+01  1.088E-04  1.824E-05  0.1676
6.000E-03  7.080E+01  1.324E+01  8.404E+01  1.212E-04  2.156E-05  0.1779
7.000E-03  7.682E+01  1.304E+01  8.986E+01  1.327E-04  2.488E-05  0.1875
8.000E-03  8.245E+01  1.282E+01  9.527E+01  1.435E-04  2.820E-05  0.1965
9.000E-03  8.776E+01  1.260E+01  1.004E+02  1.537E-04  3.152E-05  0.2050
1.000E-02  9.279E+01  1.238E+01  1.052E+02  1.634E-04  3.483E-05  0.2131
1.250E-02  1.044E+02  1.184E+01  1.163E+02  1.860E-04  4.309E-05  0.2316
1.500E-02  1.150E+02  1.134E+01  1.263E+02  2.066E-04  5.131E-05  0.2483
1.750E-02  1.248E+02  1.089E+01  1.357E+02  2.257E-04  5.948E-05  0.2635
2.000E-02  1.339E+02  1.047E+01  1.444E+02  2.436E-04  6.758E-05  0.2775
2.250E-02  1.425E+02  1.009E+01  1.526E+02  2.604E-04  7.562E-05  0.2904
2.500E-02  1.506E+02  9.744E+00  1.604E+02  2.764E-04  8.359E-05  0.3024
2.750E-02  1.584E+02  9.423E+00  1.678E+02  2.916E-04  9.148E-05  0.3137
3.000E-02  1.658E+02  9.126E+00  1.750E+02  3.062E-04  9.931E-05  0.3243
3.500E-02  1.798E+02  8.595E+00  1.884E+02  3.337E-04  1.147E-04  0.3438
4.000E-02  1.929E+02  8.133E+00  2.010E+02  3.594E-04  1.299E-04  0.3613
4.500E-02  2.052E+02  7.726E+00  2.129E+02  3.836E-04  1.447E-04  0.3773
5.000E-02  2.168E+02  7.365E+00  2.242E+02  4.064E-04  1.593E-04  0.3919
5.500E-02  2.278E+02  7.042E+00  2.349E+02  4.282E-04  1.736E-04  0.4054
6.000E-02  2.384E+02  6.751E+00  2.451E+02  4.491E-04  1.876E-04  0.4178
6.500E-02  2.484E+02  6.486E+00  2.549E+02  4.691E-04  2.014E-04  0.4295
7.000E-02  2.581E+02  6.245E+00  2.644E+02  4.883E-04  2.150E-04  0.4403
7.500E-02  2.674E+02  6.024E+00  2.735E+02  5.069E-04  2.284E-04  0.4505
8.000E-02  2.764E+02  5.821E+00  2.823E+02  5.249E-04  2.415E-04  0.4601
8.500E-02  2.851E+02  5.633E+00  2.907E+02  5.423E-04  2.545E-04  0.4692
9.000E-02  2.935E+02  5.458E+00  2.990E+02  5.593E-04  2.672E-04  0.4777
9.500E-02  3.016E+02  5.296E+00  3.069E+02  5.758E-04  2.798E-04  0.4859
1.000E-01  3.095E+02  5.144E+00  3.147E+02  5.919E-04  2.922E-04  0.4936
1.250E-01  3.457E+02  4.515E+00  3.502E+02  6.671E-04  3.517E-04  0.5273
1.500E-01  3.773E+02  4.039E+00  3.813E+02  7.354E-04  4.080E-04  0.5548
1.750E-01  4.053E+02  3.664E+00  4.089E+02  7.987E-04  4.615E-04  0.5778
2.000E-01  4.301E+02  3.360E+00  4.334E+02  8.580E-04  5.127E-04  0.5975
2.250E-01  4.521E+02  3.108E+00  4.552E+02  9.143E-04  5.620E-04  0.6148
2.500E-01  4.718E+02  2.895E+00  4.747E+02  9.680E-04  6.098E-04  0.6300
2.750E-01  4.893E+02  2.712E+00  4.920E+02  1.020E-03  6.563E-04  0.6436
3.000E-01  5.048E+02  2.554E+00  5.073E+02  1.070E-03  7.017E-04  0.6559
3.500E-01  5.307E+02  2.291E+00  5.330E+02  1.166E-03  7.897E-04  0.6774
4.000E-01  5.509E+02  2.082E+00  5.530E+02  1.258E-03  8.751E-04  0.6957
4.500E-01  5.663E+02  1.912E+00  5.682E+02  1.347E-03  9.585E-04  0.7116
5.000E-01  5.779E+02  1.770E+00  5.796E+02  1.434E-03  1.041E-03  0.7256
5.500E-01  5.863E+02  1.649E+00  5.880E+02  1.520E-03  1.122E-03  0.7381
6.000E-01  5.922E+02  1.545E+00  5.938E+02  1.604E-03  1.202E-03  0.7494
6.500E-01  5.961E+02  1.455E+00  5.976E+02  1.688E-03  1.282E-03  0.7596
7.000E-01  5.984E+02  1.375E+00  5.997E+02  1.772E-03  1.362E-03  0.7690
7.500E-01  5.993E+02  1.305E+00  6.006E+02  1.855E-03  1.442E-03  0.7776
8.000E-01  5.991E+02  1.242E+00  6.004E+02  1.938E-03  1.523E-03  0.7856
8.500E-01  5.981E+02  1.185E+00  5.993E+02  2.022E-03  1.603E-03  0.7930
9.000E-01  5.964E+02  1.134E+00  5.976E+02  2.105E-03  1.684E-03  0.8000
9.500E-01  5.942E+02  1.088E+00  5.953E+02  2.189E-03  1.765E-03  0.8064
1.000E+00  5.915E+02  1.045E+00  5.925E+02  2.273E-03  1.847E-03  0.8125
1.250E+00  5.738E+02  8.769E-01  5.746E+02  2.701E-03  2.264E-03  0.8381
1.500E+00  5.528E+02  7.585E-01  5.536E+02  3.144E-03  2.697E-03  0.8578
1.750E+00  5.312E+02  6.703E-01  5.319E+02  3.605E-03  3.149E-03  0.8735
2.000E+00  5.101E+02  6.017E-01  5.107E+02  4.085E-03  3.621E-03  0.8864
2.250E+00  4.883E+02  5.467E-01  4.889E+02  4.585E-03  4.113E-03  0.8971
2.500E+00  4.670E+02  5.016E-01  4.675E+02  5.108E-03  4.629E-03  0.9062
2.750E+00  4.470E+02  4.639E-01  4.475E+02  5.655E-03  5.168E-03  0.9139
3.000E+00  4.286E+02  4.318E-01  4.290E+02  6.225E-03  5.731E-03  0.9207
3.500E+00  3.963E+02  3.801E-01  3.967E+02  7.439E-03  6.930E-03  0.9317
4.000E+00  3.694E+02  3.401E-01  3.697E+02  8.745E-03  8.223E-03  0.9403
4.500E+00  3.468E+02  3.082E-01  3.471E+02  1.014E-02  9.606E-03  0.9471
5.000E+00  3.277E+02  2.821E-01  3.280E+02  1.162E-02  1.107E-02  0.9526
5.500E+00  3.114E+02  2.604E-01  3.117E+02  1.319E-02  1.262E-02  0.9572
6.000E+00  2.971E+02  2.419E-01  2.973E+02  1.483E-02  1.425E-02  0.9610
6.500E+00  2.839E+02  2.261E-01  2.842E+02  1.655E-02  1.596E-02  0.9641
7.000E+00  2.719E+02  2.123E-01  2.721E+02  1.835E-02  1.774E-02  0.9669
7.500E+00  2.608E+02  2.002E-01  2.610E+02  2.023E-02  1.960E-02  0.9692
8.000E+00  2.506E+02  1.895E-01  2.508E+02  2.218E-02  2.154E-02  0.9712
8.500E+00  2.417E+02  1.800E-01  2.419E+02  2.421E-02  2.356E-02  0.9730
9.000E+00  2.336E+02  1.714E-01  2.337E+02  2.632E-02  2.565E-02  0.9746
9.500E+00  2.260E+02  1.636E-01  2.262E+02  2.849E-02  2.781E-02  0.9760
1.000E+01  2.189E+02  1.566E-01  2.191E+02  3.074E-02  3.004E-02  0.9772
1.250E+01  1.905E+02  1.293E-01  1.907E+02  4.301E-02  4.223E-02  0.9818
1.500E+01  1.698E+02  1.104E-01  1.699E+02  5.693E-02  5.606E-02  0.9847
1.750E+01  1.538E+02  9.663E-02  1.539E+02  7.241E-02  7.145E-02  0.9867
2.000E+01  1.410E+02  8.603E-02  1.411E+02  8.940E-02  8.834E-02  0.9881
2.500E+01  1.217E+02  7.081E-02  1.217E+02  1.277E-01  1.264E-01  0.9900
2.750E+01  1.141E+02  6.514E-02  1.141E+02  1.489E-01  1.475E-01  0.9907
3.000E+01  1.075E+02  6.035E-02  1.076E+02  1.715E-01  1.700E-01  0.9913
3.500E+01  9.669E+01  5.270E-02  9.674E+01  2.206E-01  2.188E-01  0.9921
4.000E+01  8.812E+01  4.685E-02  8.816E+01  2.748E-01  2.728E-01  0.9927
4.500E+01  8.113E+01  4.221E-02  8.117E+01  3.340E-01  3.317E-01  0.9932
5.000E+01  7.530E+01  3.845E-02  7.534E+01  3.980E-01  3.954E-01  0.9935
5.500E+01  7.036E+01  3.533E-02  7.040E+01  4.667E-01  4.638E-01  0.9938
6.000E+01  6.611E+01  3.270E-02  6.615E+01  5.400E-01  5.368E-01  0.9941
6.500E+01  6.242E+01  3.045E-02  6.245E+01  6.178E-01  6.143E-01  0.9943
7.000E+01  5.916E+01  2.851E-02  5.919E+01  7.001E-01  6.962E-01  0.9944
7.500E+01  5.628E+01  2.681E-02  5.631E+01  7.867E-01  7.825E-01  0.9946
8.000E+01  5.370E+01  2.530E-02  5.372E+01  8.777E-01  8.730E-01  0.9947
8.500E+01  5.138E+01  2.397E-02  5.140E+01  9.728E-01  9.678E-01  0.9948
9.000E+01  4.927E+01  2.277E-02  4.930E+01  1.072E+00  1.067E+00  0.9949
9.500E+01  4.736E+01  2.169E-02  4.738E+01  1.176E+00  1.170E+00  0.9950
1.000E+02  4.561E+01  2.072E-02  4.563E+01  1.283E+00  1.277E+00  0.9951
1.250E+02  3.870E+01  1.694E-02  3.871E+01  1.880E+00  1.872E+00  0.9954
1.500E+02  3.382E+01  1.437E-02  3.383E+01  2.573E+00  2.562E+00  0.9957
1.750E+02  3.018E+01  1.250E-02  3.019E+01  3.357E+00  3.343E+00  0.9958
2.000E+02  2.735E+01  1.107E-02  2.736E+01  4.228E+00  4.211E+00  0.9960
2.250E+02  2.508E+01  9.937E-03  2.509E+01  5.184E+00  5.163E+00  0.9961
2.500E+02  2.322E+01  9.023E-03  2.323E+01  6.220E+00  6.196E+00  0.9962
2.750E+02  2.166E+01  8.268E-03  2.167E+01  7.335E+00  7.308E+00  0.9963
3.000E+02  2.034E+01  7.632E-03  2.035E+01  8.526E+00  8.495E+00  0.9963
3.500E+02  1.822E+01  6.621E-03  1.822E+01  1.113E+01  1.109E+01  0.9964
4.000E+02  1.658E+01  5.851E-03  1.659E+01  1.401E+01  1.396E+01  0.9965
4.500E+02  1.528E+01  5.244E-03  1.528E+01  1.715E+01  1.709E+01  0.9966
5.000E+02  1.422E+01  4.753E-03  1.422E+01  2.055E+01  2.048E+01  0.9967
5.500E+02  1.333E+01  4.347E-03  1.334E+01  2.418E+01  2.410E+01  0.9968
6.000E+02  1.259E+01  4.006E-03  1.259E+01  2.804E+01  2.795E+01  0.9968
6.500E+02  1.195E+01  3.716E-03  1.196E+01  3.212E+01  3.202E+01  0.9969
7.000E+02  1.140E+01  3.466E-03  1.140E+01  3.640E+01  3.629E+01  0.9969
7.500E+02  1.092E+01  3.248E-03  1.092E+01  4.088E+01  4.076E+01  0.9970
8.000E+02  1.049E+01  3.056E-03  1.050E+01  4.556E+01  4.542E+01  0.9970
8.500E+02  1.012E+01  2.886E-03  1.012E+01  5.041E+01  5.026E+01  0.9971
9.000E+02  9.778E+00  2.733E-03  9.781E+00  5.544E+01  5.528E+01  0.9971
9.500E+02  9.475E+00  2.596E-03  9.477E+00  6.063E+01  6.046E+01  0.9971
1.000E+03  9.201E+00  2.472E-03  9.203E+00  6.599E+01  6.580E+01  0.9972
