1.000E-03  6.873E+01  1.008E+02  1.695E+02  7.354E-06  2.253E-06  0.3064
1.500E-03  8.370E+01  9.653E+01  1.802E+02  1.020E-05  3.346E-06  0.3281
2.000E-03  9.626E+01  9.197E+01  1.882E+02  1.291E-05  4.477E-06  0.3467
2.500E-03  1.073E+02  8.767E+01  1.950E+02  1.552E-05  5.634E-06  0.3629
3.000E-03  1.172E+02  8.375E+01  2.010E+02  1.805E-05  6.813E-06  0.3775
4.000E-03  1.348E+02  7.698E+01  2.118E+02  2.289E-05  9.219E-06  0.4027
5.000E-03  1.503E+02  7.137E+01  2.216E+02  2.751E-05  1.167E-05  0.4242
6.000E-03  1.642E+02  6.666E+01  2.308E+02  3.192E-05  1.414E-05  0.4430
7.000E-03  1.770E+02  6.263E+01  2.396E+02  3.618E-05  1.663E-05  0.4598
8.000E-03  1.888E+02  5.915E+01  2.480E+02  4.028E-05  1.912E-05  0.4748
9.000E-03  1.999E+02  5.609E+01  2.560E+02  4.425E-05  2.161E-05  0.4885
1.000E-02  2.104E+02  5.339E+01  2.638E+02  4.809E-05  2.410E-05  0.5010
1.250E-02  2.345E+02  4.780E+01  2.823E+02  5.725E-05  3.025E-05  0.5284
1.500E-02  2.562E+02  4.342E+01  2.997E+02  6.584E-05  3.630E-05  0.5513
1.750E-02  2.761E+02  3.988E+01  3.160E+02  7.396E-05  4.224E-05  0.5711
2.000E-02  2.946E+02  3.695E+01  3.316E+02  8.168E-05  4.805E-05  0.5883
2.250E-02  3.119E+02  3.447E+01  3.464E+02  8.906E-05  5.375E-05  0.6035
2.500E-02  3.283E+02  3.234E+01  3.606E+02  9.613E-05  5.933E-05  0.6172
2.750E-02  3.438E+02  3.050E+01  3.743E+02  1.029E-04  6.479E-05  0.6294
3.000E-02  3.586E+02  2.887E+01  3.874E+02  1.095E-04  7.014E-05  0.6406
3.500E-02  3.863E+02  2.615E+01  4.125E+02  1.220E-04  8.053E-05  0.6601
4.000E-02  4.120E+02  2.395E+01  4.360E+02  1.338E-04  9.054E-05  0.6767
4.500E-02  4.361E+02  2.213E+01  4.582E+02  1.450E-04  1.002E-04  0.6911
5.000E-02  4.588E+02  2.060E+01  4.794E+02  1.556E-04  1.095E-04  0.7038
5.500E-02  4.803E+02  1.928E+01  4.996E+02  1.658E-04  1.186E-04  0.7150
6.000E-02  5.008E+02  1.814E+01  5.189E+02  1.757E-04  1.274E-04  0.7250
6.500E-02  5.203E+02  1.714E+01  5.375E+02  1.851E-04  1.359E-04  0.7341
7.000E-02  5.391E+02  1.626E+01  5.554E+02  1.943E-04  1.442E-04  0.7423
7.500E-02  5.571E+02  1.547E+01  5.726E+02  2.031E-04  1.523E-04  0.7499
8.000E-02  5.745E+02  1.476E+01  5.892E+02  2.118E-04  1.603E-04  0.7568
8.500E-02  5.912E+02  1.412E+01  6.054E+02  2.201E-04  1.680E-04  0.7632
9.000E-02  6.075E+02  1.354E+01  6.210E+02  2.283E-04  1.756E-04  0.7691
9.500E-02  6.232E+02  1.301E+01  6.362E+02  2.362E-04  1.830E-04  0.7746
1.000E-01  6.384E+02  1.253E+01  6.509E+02  2.440E-04  1.903E-04  0.7797
1.250E-01  7.084E+02  1.059E+01  7.190E+02  2.805E-04  2.247E-04  0.8011
1.500E-01  7.703E+02  9.217E+00  7.795E+02  3.139E-04  2.566E-04  0.8174
1.750E-01  8.256E+02  8.181E+00  8.338E+02  3.448E-04  2.864E-04  0.8304
2.000E-01  8.757E+02  7.371E+00  8.831E+02  3.740E-04  3.145E-04  0.8411
2.250E-01  9.212E+02  6.718E+00  9.279E+02  4.016E-04  3.414E-04  0.8501
2.500E-01  9.628E+02  6.180E+00  9.690E+02  4.279E-04  3.671E-04  0.8578
2.750E-01  1.001E+03  5.728E+00  1.007E+03  4.532E-04  3.918E-04  0.8645
3.000E-01  1.036E+03  5.342E+00  1.041E+03  4.776E-04  4.157E-04  0.8704
3.500E-01  1.098E+03  4.718E+00  1.102E+03  5.243E-04  4.615E-04  0.8803
4.000E-01  1.150E+03  4.233E+00  1.154E+03  5.685E-04  5.051E-04  0.8885
4.500E-01  1.194E+03  3.845E+00  1.197E+03  6.111E-04  5.471E-04  0.8953
5.000E-01  1.230E+03  3.527E+00  1.234E+03  6.522E-04  5.877E-04  0.9012
5.500E-01  1.260E+03  3.260E+00  1.264E+03  6.922E-04  6.274E-04  0.9063
6.000E-01  1.285E+03  3.034E+00  1.288E+03  7.314E-04  6.662E-04  0.9109
6.500E-01  1.304E+03  2.839E+00  1.307E+03  7.699E-04  7.044E-04  0.9149
7.000E-01  1.319E+03  2.669E+00  1.322E+03  8.079E-04  7.421E-04  0.9186
7.500E-01  1.330E+03  2.520E+00  1.333E+03  8.456E-04  7.795E-04  0.9219
8.000E-01  1.338E+03  2.388E+00  1.340E+03  8.830E-04  8.167E-04  0.9249
8.500E-01  1.343E+03  2.270E+00  1.345E+03  9.202E-04  8.537E-04  0.9277
9.000E-01  1.344E+03  2.163E+00  1.346E+03  9.574E-04  8.906E-04  0.9303
9.500E-01  1.344E+03  2.067E+00  1.346E+03  9.945E-04  9.276E-04  0.9327
1.000E+00  1.341E+03  1.980E+00  1.343E+03  1.032E-03  9.646E-04  0.9349
1.250E+00  1.296E+03  1.639E+00  1.297E+03  1.221E-03  1.153E-03  0.9443
1.500E+00  1.229E+03  1.404E+00  1.230E+03  1.418E-03  1.350E-03  0.9516
1.750E+00  1.160E+03  1.231E+00  1.161E+03  1.628E-03  1.558E-03  0.9574
2.000E+00  1.095E+03  1.097E+00  1.096E+03  1.849E-03  1.779E-03  0.9622
2.250E+00  1.035E+03  9.917E-01  1.036E+03  2.084E-03  2.014E-03  0.9662
2.500E+00  9.814E+02  9.056E-01  9.824E+02  2.332E-03  2.261E-03  0.9696
2.750E+00  9.326E+02  8.339E-01  9.335E+02  2.593E-03  2.522E-03  0.9724
3.000E+00  8.885E+02  7.734E-01  8.892E+02  2.868E-03  2.795E-03  0.9749
3.500E+00  8.121E+02  6.765E-01  8.127E+02  3.456E-03  3.383E-03  0.9789
4.000E+00  7.483E+02  6.022E-01  7.489E+02  4.098E-03  4.024E-03  0.9819
4.500E+00  6.956E+02  5.433E-01  6.961E+02  4.791E-03  4.716E-03  0.9843
5.000E+00  6.504E+02  4.954E-01  6.509E+02  5.534E-03  5.458E-03  0.9862
5.500E+00  6.113E+02  4.557E-01  6.117E+02  6.327E-03  6.250E-03  0.9878
6.000E+00  5.770E+02  4.221E-01  5.774E+02  7.169E-03  7.090E-03  0.9891
6.500E+00  5.468E+02  3.934E-01  5.472E+02  8.059E-03  7.979E-03  0.9901
7.000E+00  5.200E+02  3.685E-01  5.203E+02  8.996E-03  8.915E-03  0.9910
7.500E+00  4.960E+02  3.468E-01  4.963E+02  9.980E-03  9.898E-03  0.9918
8.000E+00  4.744E+02  3.275E-01  4.747E+02  1.101E-02  1.093E-02  0.9925
8.500E+00  4.548E+02  3.104E-01  4.551E+02  1.209E-02  1.200E-02  0.9930
9.000E+00  4.370E+02  2.951E-01  4.373E+02  1.321E-02  1.312E-02  0.9935
9.500E+00  4.207E+02  2.813E-01  4.210E+02  1.437E-02  1.429E-02  0.9940
1.000E+01  4.057E+02  2.688E-01  4.060E+02  1.558E-02  1.549E-02  0.9943
1.250E+01  3.458E+02  2.204E-01  3.460E+02  2.228E-02  2.218E-02  0.9957
1.500E+01  3.028E+02  1.873E-01  3.030E+02  3.002E-02  2.992E-02  0.9966
1.750E+01  2.703E+02  1.631E-01  2.704E+02  3.877E-02  3.866E-02  0.9971
2.000E+01  2.447E+02  1.446E-01  2.448E+02  4.850E-02  4.838E-02  0.9975
2.500E+01  2.068E+02  1.183E-01  2.069E+02  7.081E-02  7.067E-02  0.9980
2.750E+01  1.923E+02  1.085E-01  1.925E+02  8.334E-02  8.319E-02  0.9982
3.000E+01  1.800E+02  1.003E-01  1.801E+02  9.678E-02  9.662E-02  0.9983
3.500E+01  1.598E+02  8.717E-02  1.599E+02  1.263E-01  1.261E-01  0.9985
4.000E+01  1.441E+02  7.717E-02  1.442E+02  1.593E-01  1.591E-01  0.9987
4.500E+01  1.315E+02  6.929E-02  1.315E+02  1.956E-01  1.954E-01  0.9988
5.000E+01  1.210E+02  6.290E-02  1.211E+02  2.353E-01  2.350E-01  0.9989
5.500E+01  1.123E+02  5.763E-02  1.124E+02  2.782E-01  2.779E-01  0.9989
6.000E+01  1.049E+02  5.319E-02  1.049E+02  3.243E-01  3.239E-01  0.9990
6.500E+01  9.843E+01  4.940E-02  9.848E+01  3.735E-01  3.731E-01  0.9990
7.000E+01  9.283E+01  4.613E-02  9.287E+01  4.258E-01  4.254E-01  0.9990
7.500E+01  8.789E+01  4.327E-02  8.793E+01  4.811E-01  4.807E-01  0.9991
8.000E+01  8.350E+01  4.075E-02  8.354E+01  5.395E-01  5.390E-01  0.9991
8.500E+01  7.958E+01  3.851E-02  7.962E+01  6.008E-01  6.003E-01  0.9991
9.000E+01  7.605E+01  3.651E-02  7.609E+01  6.651E-01  6.645E-01  0.9991
9.500E+01  7.285E+01  3.470E-02  7.289E+01  7.322E-01  7.316E-01  0.9991
1.000E+02  6.995E+01  3.308E-02  6.998E+01  8.023E-01  8.016E-01  0.9992
1.250E+02  5.859E+01  2.683E-02  5.862E+01  1.194E+00  1.193E+00  0.9992
1.500E+02  5.072E+01  2.259E-02  5.074E+01  1.654E+00  1.653E+00  0.9993
1.750E+02  4.492E+01  1.951E-02  4.494E+01  2.179E+00  2.177E+00  0.9993
2.000E+02  4.046E+01  1.717E-02  4.048E+01  2.766E+00  2.764E+00  0.9993
2.250E+02  3.692E+01  1.534E-02  3.693E+01  3.413E+00  3.411E+00  0.9993
2.500E+02  3.403E+01  1.386E-02  3.405E+01  4.119E+00  4.116E+00  0.9993
2.750E+02  3.163E+01  1.264E-02  3.165E+01  4.881E+00  4.878E+00  0.9994
3.000E+02  2.961E+01  1.163E-02  2.962E+01  5.699E+00  5.695E+00  0.9994
3.500E+02  2.637E+01  1.002E-02  2.638E+01  7.492E+00  7.487E+00  0.9994
4.000E+02  2.389E+01  8.803E-03  2.390E+01  9.486E+00  9.481E+00  0.9994
4.500E+02  2.193E+01  7.848E-03  2.194E+01  1.167E+01  1.167E+01  0.9994
5.000E+02  2.034E+01  7.077E-03  2.035E+01  1.404E+01  1.403E+01  0.9994
5.500E+02  1.902E+01  6.444E-03  1.903E+01  1.658E+01  1.658E+01  0.9994
6.000E+02  1.792E+01  5.915E-03  1.792E+01  1.929E+01  1.928E+01  0.9994
6.500E+02  1.697E+01  5.468E-03  1.698E+01  2.216E+01  2.215E+01  0.9995
7.000E+02  1.616E+01  5.085E-03  1.616E+01  2.518E+01  2.517E+01  0.9995
7.500E+02  1.545E+01  4.752E-03  1.545E+01  2.835E+01  2.833E+01  0.9995
8.000E+02  1.482E+01  4.460E-03  1.483E+01  3.165E+01  3.163E+01  0.9995
8.500E+02  1.427E+01  4.200E-03  1.427E+01  3.509E+01  3.507E+01  0.9995
9.000E+02  1.378E+01  3.968E-03  1.378E+01  3.865E+01  3.863E+01  0.9995
9.500E+02  1.333E+01  3.760E-03  1.334E+01  4.234E+01  4.232E+01  0.9995
1.000E+03  1.293E+01  3.572E-03  1.294E+01  4.615E+01  4.613E+01  0.9995
