1.000E-03  1.796E+01  5.342E+00  2.330E+01  7.305E-05  6.359E-06  0.0870
1.500E-03  2.218E+01  5.854E+00  2.803E+01  9.240E-05  8.567E-06  0.0927
2.000E-03  2.576E+01  6.176E+00  3.193E+01  1.091E-04  1.069E-05  0.0980
2.500E-03  2.892E+01  6.393E+00  3.532E+01  1.240E-04  1.274E-05  0.1028
3.000E-03  3.180E+01  6.543E+00  3.834E+01  1.375E-04  1.477E-05  0.1074
4.000E-03  3.693E+01  6.721E+00  4.365E+01  1.619E-04  1.875E-05  0.1158
5.000E-03  4.147E+01  6.805E+00  4.828E+01  1.837E-04  2.269E-05  0.1236
6.000E-03  4.560E+01  6.833E+00  5.243E+01  2.035E-04  2.661E-05  0.1308
7.000E-03  4.940E+01  6.828E+00  5.623E+01  2.219E-04  3.052E-05  0.1375
8.000E-03  5.295E+01  6.802E+00  5.975E+01  2.392E-04  3.442E-05  0.1439
9.000E-03  5.630E+01  6.762E+00  6.306E+01  2.555E-04  3.831E-05  0.1500
1.000E-02  5.946E+01  6.712E+00  6.618E+01  2.709E-04  4.220E-05  0.1558
1.250E-02  6.677E+01  6.566E+00  7.334E+01  3.068E-04  5.193E-05  0.1693
1.500E-02  7.341E+01  6.407E+00  7.981E+01  3.394E-04  6.166E-05  0.1817
1.750E-02  7.952E+01  6.246E+00  8.577E+01  3.696E-04  7.137E-05  0.1931
2.000E-02  8.523E+01  6.089E+00  9.132E+01  3.978E-04  8.107E-05  0.2038
2.250E-02  9.060E+01  5.938E+00  9.654E+01  4.245E-04  9.075E-05  0.2138
2.500E-02  9.569E+01  5.794E+00  1.015E+02  4.497E-04  1.004E-04  0.2233
2.750E-02  1.005E+02  5.657E+00  1.062E+02  4.738E-04  1.100E-04  0.2322
3.000E-02  1.052E+02  5.527E+00  1.107E+02  4.968E-04  1.196E-04  0.2407
3.500E-02  1.139E+02  5.285E+00  1.192E+02  5.403E-04  1.387E-04  0.2566
4.000E-02  1.220E+02  5.068E+00  1.271E+02  5.809E-04  1.576E-04  0.2712
4.500E-02  1.297E+02  4.870E+00  1.345E+02  6.192E-04  1.763E-04  0.2847
5.000E-02  1.369E+02  4.690E+00  1.416E+02  6.554E-04  1.948E-04  0.2973
5.500E-02  1.438E+02  4.525E+00  1.483E+02  6.899E-04  2.132E-04  0.3090
6.000E-02  1.503E+02  4.373E+00  1.547E+02  7.229E-04  2.314E-04  0.3201
6.500E-02  1.566E+02  4.234E+00  1.609E+02  7.545E-04  2.494E-04  0.3305
7.000E-02  1.627E+02  4.104E+00  1.668E+02  7.851E-04  2.672E-04  0.3403
7.500E-02  1.685E+02  3.984E+00  1.725E+02  8.145E-04  2.848E-04  0.3496
8.000E-02  1.741E+02  3.872E+00  1.780E+02  8.431E-04  3.023E-04  0.3585
8.500E-02  1.795E+02  3.767E+00  1.833E+02  8.708E-04  3.195E-04  0.3670
9.000E-02  1.848E+02  3.668E+00  1.885E+02  8.977E-04  3.366E-04  0.3750
9.500E-02  1.899E+02  3.576E+00  1.935E+02  9.238E-04  3.536E-04  0.3827
1.000E-01  1.949E+02  3.489E+00  1.983E+02  9.494E-04  3.704E-04  0.3901
1.250E-01  2.177E+02  3.119E+00  2.208E+02  1.069E-03  4.521E-04  0.4230
1.500E-01  2.379E+02  2.829E+00  2.407E+02  1.177E-03  5.304E-04  0.4506
1.750E-01  2.560E+02  2.596E+00  2.586E+02  1.277E-03  6.057E-04  0.4743
2.000E-01  2.723E+02  2.403E+00  2.747E+02  1.371E-03  6.786E-04  0.4950
2.250E-01  2.870E+02  2.240E+00  2.893E+02  1.459E-03  7.492E-04  0.5133
2.500E-01  3.004E+02  2.100E+00  3.025E+02  1.544E-03  8.179E-04  0.5298
2.750E-01  3.126E+02  1.979E+00  3.145E+02  1.625E-03  8.850E-04  0.5446
3.000E-01  3.236E+02  1.873E+00  3.255E+02  1.703E-03  9.506E-04  0.5582
3.500E-01  3.426E+02  1.695E+00  3.443E+02  1.852E-03  1.078E-03  0.5821
4.000E-01  3.582E+02  1.552E+00  3.597E+02  1.994E-03  1.202E-03  0.6027
4.500E-01  3.707E+02  1.433E+00  3.721E+02  2.131E-03  1.323E-03  0.6208
5.000E-01  3.806E+02  1.333E+00  3.820E+02  2.263E-03  1.441E-03  0.6368
5.500E-01  3.883E+02  1.247E+00  3.896E+02  2.393E-03  1.558E-03  0.6513
6.000E-01  3.942E+02  1.173E+00  3.954E+02  2.520E-03  1.675E-03  0.6645
6.500E-01  3.984E+02  1.108E+00  3.995E+02  2.646E-03  1.790E-03  0.6765
7.000E-01  4.013E+02  1.051E+00  4.024E+02  2.771E-03  1.905E-03  0.6876
7.500E-01  4.031E+02  9.995E-01  4.041E+02  2.895E-03  2.020E-03  0.6979
8.000E-01  4.040E+02  9.536E-01  4.049E+02  3.018E-03  2.135E-03  0.7075
8.500E-01  4.041E+02  9.121E-01  4.050E+02  3.142E-03  2.251E-03  0.7164
9.000E-01  4.035E+02  8.745E-01  4.044E+02  3.265E-03  2.367E-03  0.7248
9.500E-01  4.024E+02  8.401E-01  4.033E+02  3.389E-03  2.483E-03  0.7328
1.000E+00  4.010E+02  8.086E-01  4.018E+02  3.513E-03  2.601E-03  0.7402
1.250E+00  3.925E+02  6.833E-01  3.932E+02  4.142E-03  3.198E-03  0.7721
1.500E+00  3.804E+02  5.942E-01  3.810E+02  4.787E-03  3.816E-03  0.7971
1.750E+00  3.653E+02  5.272E-01  3.658E+02  5.456E-03  4.460E-03  0.8175
2.000E+00  3.486E+02  4.748E-01  3.491E+02  6.156E-03  5.137E-03  0.8345
2.250E+00  3.320E+02  4.327E-01  3.324E+02  6.890E-03  5.848E-03  0.8489
2.500E+00  3.176E+02  3.979E-01  3.180E+02  7.659E-03  6.596E-03  0.8612
2.750E+00  3.049E+02  3.687E-01  3.053E+02  8.462E-03  7.377E-03  0.8719
3.000E+00  2.937E+02  3.438E-01  2.940E+02  9.297E-03  8.191E-03  0.8811
3.500E+00  2.744E+02  3.036E-01  2.747E+02  1.106E-02  9.911E-03  0.8963
4.000E+00  2.583E+02  2.723E-01  2.586E+02  1.294E-02  1.175E-02  0.9083
4.500E+00  2.447E+02  2.473E-01  2.449E+02  1.492E-02  1.370E-02  0.9178
5.000E+00  2.329E+02  2.268E-01  2.331E+02  1.702E-02  1.575E-02  0.9256
5.500E+00  2.225E+02  2.096E-01  2.227E+02  1.921E-02  1.791E-02  0.9320
6.000E+00  2.132E+02  1.951E-01  2.134E+02  2.151E-02  2.016E-02  0.9374
6.500E+00  2.050E+02  1.825E-01  2.051E+02  2.390E-02  2.251E-02  0.9420
7.000E+00  1.975E+02  1.716E-01  1.976E+02  2.638E-02  2.495E-02  0.9459
7.500E+00  1.907E+02  1.620E-01  1.908E+02  2.896E-02  2.749E-02  0.9494
8.000E+00  1.844E+02  1.535E-01  1.846E+02  3.162E-02  3.011E-02  0.9523
8.500E+00  1.787E+02  1.458E-01  1.788E+02  3.437E-02  3.283E-02  0.9550
9.000E+00  1.734E+02  1.390E-01  1.735E+02  3.721E-02  3.562E-02  0.9573
9.500E+00  1.684E+02  1.328E-01  1.686E+02  4.014E-02  3.851E-02  0.9594
1.000E+01  1.639E+02  1.272E-01  1.640E+02  4.314E-02  4.147E-02  0.9613
1.250E+01  1.449E+02  1.053E-01  1.450E+02  5.939E-02  5.751E-02  0.9683
1.500E+01  1.306E+02  9.015E-02  1.307E+02  7.758E-02  7.548E-02  0.9729
1.750E+01  1.194E+02  7.901E-02  1.195E+02  9.762E-02  9.528E-02  0.9761
2.000E+01  1.102E+02  7.046E-02  1.103E+02  1.194E-01  1.168E-01  0.9785
2.500E+01  9.618E+01  5.812E-02  9.624E+01  1.681E-01  1.650E-01  0.9817
2.750E+01  9.063E+01  5.352E-02  9.068E+01  1.949E-01  1.915E-01  0.9829
3.000E+01  8.578E+01  4.963E-02  8.583E+01  2.232E-01  2.196E-01  0.9838
3.500E+01  7.772E+01  4.341E-02  7.777E+01  2.845E-01  2.803E-01  0.9853
4.000E+01  7.126E+01  3.863E-02  7.130E+01  3.517E-01  3.470E-01  0.9864
4.500E+01  6.594E+01  3.485E-02  6.598E+01  4.247E-01  4.193E-01  0.9873
5.000E+01  6.147E+01  3.178E-02  6.150E+01  5.033E-01  4.972E-01  0.9880
5.500E+01  5.765E+01  2.923E-02  5.768E+01  5.873E-01  5.805E-01  0.9885
6.000E+01  5.435E+01  2.708E-02  5.438E+01  6.766E-01  6.691E-01  0.9890
6.500E+01  5.146E+01  2.523E-02  5.149E+01  7.711E-01  7.629E-01  0.9894
7.000E+01  4.891E+01  2.363E-02  4.893E+01  8.708E-01  8.618E-01  0.9898
7.500E+01  4.663E+01  2.224E-02  4.665E+01  9.755E-01  9.657E-01  0.9900
8.000E+01  4.459E+01  2.100E-02  4.461E+01  1.085E+00  1.075E+00  0.9903
8.500E+01  4.275E+01  1.990E-02  4.277E+01  1.200E+00  1.188E+00  0.9905
9.000E+01  4.107E+01  1.892E-02  4.109E+01  1.319E+00  1.307E+00  0.9907
9.500E+01  3.954E+01  1.803E-02  3.956E+01  1.443E+00  1.430E+00  0.9909
1.000E+02  3.814E+01  1.723E-02  3.816E+01  1.572E+00  1.558E+00  0.9911
1.250E+02  3.254E+01  1.413E-02  3.255E+01  2.284E+00  2.265E+00  0.9918
1.500E+02  2.852E+01  1.200E-02  2.853E+01  3.106E+00  3.082E+00  0.9922
1.750E+02  2.550E+01  1.045E-02  2.551E+01  4.035E+00  4.005E+00  0.9926
2.000E+02  2.314E+01  9.268E-03  2.315E+01  5.065E+00  5.029E+00  0.9928
2.250E+02  2.124E+01  8.334E-03  2.125E+01  6.194E+00  6.150E+00  0.9930
2.500E+02  1.969E+01  7.577E-03  1.970E+01  7.417E+00  7.366E+00  0.9932
2.750E+02  1.839E+01  6.951E-03  1.840E+01  8.731E+00  8.673E+00  0.9934
3.000E+02  1.728E+01  6.423E-03  1.729E+01  1.013E+01  1.007E+01  0.9935
3.500E+02  1.551E+01  5.583E-03  1.551E+01  1.319E+01  1.311E+01  0.9937
4.000E+02  1.414E+01  4.942E-03  1.415E+01  1.657E+01  1.647E+01  0.9939
4.500E+02  1.306E+01  4.436E-03  1.306E+01  2.025E+01  2.013E+01  0.9941
5.000E+02  1.217E+01  4.027E-03  1.218E+01  2.422E+01  2.408E+01  0.9942
5.500E+02  1.143E+01  3.689E-03  1.144E+01  2.846E+01  2.830E+01  0.9943
6.000E+02  1.081E+01  3.404E-03  1.081E+01  3.296E+01  3.278E+01  0.9944
6.500E+02  1.027E+01  3.162E-03  1.028E+01  3.771E+01  3.750E+01  0.9945
7.000E+02  9.809E+00  2.952E-03  9.812E+00  4.269E+01  4.246E+01  0.9946
7.500E+02  9.403E+00  2.769E-03  9.406E+00  4.790E+01  4.764E+01  0.9947
8.000E+02  9.045E+00  2.607E-03  9.047E+00  5.332E+01  5.304E+01  0.9948
8.500E+02  8.726E+00  2.464E-03  8.729E+00  5.895E+01  5.864E+01  0.9949
9.000E+02  8.441E+00  2.335E-03  8.444E+00  6.477E+01  6.444E+01  0.9949
9.500E+02  8.185E+00  2.220E-03  8.188E+00  7.079E+01  7.043E+01  0.9950
1.000E+03  7.954E+00  2.116E-03  7.956E+00  7.698E+01  7.660E+01  0.9951
