1.000E-03  5.406E+01  3.304E+01  8.709E+01  1.738E-05  3.181E-06  0.1830
1.500E-03  6.542E+01  3.382E+01  9.924E+01  2.272E-05  4.489E-06  0.1976
2.000E-03  7.491E+01  3.384E+01  1.088E+02  2.752E-05  5.797E-06  0.2106
2.500E-03  8.320E+01  3.354E+01  1.167E+02  3.195E-05  7.104E-06  0.2223
3.000E-03  9.066E+01  3.308E+01  1.237E+02  3.611E-05  8.414E-06  0.2330
4.000E-03  1.038E+02  3.198E+01  1.358E+02  4.381E-05  1.105E-05  0.2521
5.000E-03  1.153E+02  3.084E+01  1.461E+02  5.090E-05  1.369E-05  0.2689
6.000E-03  1.256E+02  2.974E+01  1.554E+02  5.754E-05  1.634E-05  0.2841
7.000E-03  1.351E+02  2.871E+01  1.638E+02  6.380E-05  1.900E-05  0.2979
8.000E-03  1.438E+02  2.775E+01  1.716E+02  6.977E-05  2.167E-05  0.3106
9.000E-03  1.520E+02  2.685E+01  1.789E+02  7.547E-05  2.433E-05  0.3223
1.000E-02  1.598E+02  2.602E+01  1.858E+02  8.096E-05  2.698E-05  0.3333
1.250E-02  1.774E+02  2.419E+01  2.016E+02  9.386E-05  3.360E-05  0.3579
1.500E-02  1.933E+02  2.264E+01  2.159E+02  1.058E-04  4.015E-05  0.3794
1.750E-02  2.078E+02  2.131E+01  2.291E+02  1.171E-04  4.665E-05  0.3984
2.000E-02  2.213E+02  2.015E+01  2.414E+02  1.277E-04  5.306E-05  0.4155
2.250E-02  2.339E+02  1.913E+01  2.530E+02  1.378E-04  5.940E-05  0.4310
2.500E-02  2.457E+02  1.823E+01  2.639E+02  1.475E-04  6.566E-05  0.4452
2.750E-02  2.569E+02  1.742E+01  2.744E+02  1.568E-04  7.184E-05  0.4582
3.000E-02  2.676E+02  1.670E+01  2.843E+02  1.657E-04  7.793E-05  0.4703
3.500E-02  2.877E+02  1.544E+01  3.031E+02  1.827E-04  8.990E-05  0.4919
4.000E-02  3.062E+02  1.438E+01  3.206E+02  1.988E-04  1.016E-04  0.5110
4.500E-02  3.235E+02  1.348E+01  3.370E+02  2.140E-04  1.129E-04  0.5278
5.000E-02  3.398E+02  1.270E+01  3.525E+02  2.285E-04  1.241E-04  0.5430
5.500E-02  3.552E+02  1.202E+01  3.672E+02  2.424E-04  1.349E-04  0.5567
6.000E-02  3.698E+02  1.141E+01  3.812E+02  2.557E-04  1.456E-04  0.5692
6.500E-02  3.838E+02  1.088E+01  3.946E+02  2.686E-04  1.560E-04  0.5807
7.000E-02  3.971E+02  1.039E+01  4.075E+02  2.811E-04  1.662E-04  0.5913
7.500E-02  4.100E+02  9.958E+00  4.199E+02  2.932E-04  1.762E-04  0.6010
8.000E-02  4.223E+02  9.561E+00  4.319E+02  3.049E-04  1.860E-04  0.6101
8.500E-02  4.342E+02  9.199E+00  4.434E+02  3.163E-04  1.957E-04  0.6186
9.000E-02  4.457E+02  8.867E+00  4.546E+02  3.275E-04  2.052E-04  0.6266
9.500E-02  4.569E+02  8.561E+00  4.654E+02  3.384E-04  2.145E-04  0.6341
1.000E-01  4.676E+02  8.277E+00  4.759E+02  3.490E-04  2.237E-04  0.6411
1.250E-01  5.171E+02  7.128E+00  5.243E+02  3.990E-04  2.677E-04  0.6711
1.500E-01  5.606E+02  6.285E+00  5.669E+02  4.448E-04  3.090E-04  0.6947
1.750E-01  5.994E+02  5.638E+00  6.050E+02  4.874E-04  3.480E-04  0.7139
2.000E-01  6.343E+02  5.123E+00  6.394E+02  5.276E-04  3.851E-04  0.7300
2.250E-01  6.659E+02  4.702E+00  6.706E+02  5.658E-04  4.208E-04  0.7437
2.500E-01  6.946E+02  4.351E+00  6.990E+02  6.023E-04  4.551E-04  0.7557
2.750E-01  7.208E+02  4.054E+00  7.249E+02  6.374E-04  4.884E-04  0.7662
3.000E-01  7.448E+02  3.798E+00  7.486E+02  6.713E-04  5.206E-04  0.7755
3.500E-01  7.866E+02  3.380E+00  7.900E+02  7.363E-04  5.828E-04  0.7915
4.000E-01  8.215E+02  3.052E+00  8.246E+02  7.982E-04  6.424E-04  0.8048
4.500E-01  8.504E+02  2.786E+00  8.532E+02  8.577E-04  7.000E-04  0.8161
5.000E-01  8.741E+02  2.567E+00  8.766E+02  9.155E-04  7.561E-04  0.8259
5.500E-01  8.931E+02  2.382E+00  8.955E+02  9.719E-04  8.111E-04  0.8345
6.000E-01  9.081E+02  2.224E+00  9.104E+02  1.027E-03  8.651E-04  0.8421
6.500E-01  9.196E+02  2.088E+00  9.217E+02  1.082E-03  9.185E-04  0.8490
7.000E-01  9.280E+02  1.968E+00  9.300E+02  1.136E-03  9.714E-04  0.8552
7.500E-01  9.336E+02  1.862E+00  9.355E+02  1.189E-03  1.024E-03  0.8609
8.000E-01  9.368E+02  1.769E+00  9.386E+02  1.243E-03  1.076E-03  0.8661
8.500E-01  9.380E+02  1.684E+00  9.397E+02  1.296E-03  1.129E-03  0.8710
9.000E-01  9.373E+02  1.608E+00  9.389E+02  1.349E-03  1.181E-03  0.8754
9.500E-01  9.351E+02  1.540E+00  9.366E+02  1.403E-03  1.234E-03  0.8796
1.000E+00  9.315E+02  1.477E+00  9.330E+02  1.456E-03  1.286E-03  0.8835
1.250E+00  8.999E+02  1.231E+00  9.012E+02  1.728E-03  1.555E-03  0.9000
1.500E+00  8.567E+02  1.059E+00  8.577E+02  2.012E-03  1.837E-03  0.9127
1.750E+00  8.109E+02  9.325E-01  8.118E+02  2.312E-03  2.134E-03  0.9229
2.000E+00  7.669E+02  8.343E-01  7.677E+02  2.629E-03  2.448E-03  0.9313
2.250E+00  7.273E+02  7.560E-01  7.281E+02  2.963E-03  2.780E-03  0.9383
2.500E+00  6.919E+02  6.920E-01  6.926E+02  3.315E-03  3.130E-03  0.9442
2.750E+00  6.602E+02  6.386E-01  6.608E+02  3.685E-03  3.498E-03  0.9492
3.000E+00  6.315E+02  5.934E-01  6.321E+02  4.072E-03  3.882E-03  0.9535
3.500E+00  5.818E+02  5.207E-01  5.823E+02  4.897E-03  4.703E-03  0.9604
4.000E+00  5.401E+02  4.647E-01  5.405E+02  5.789E-03  5.591E-03  0.9658
4.500E+00  5.046E+02  4.203E-01  5.050E+02  6.747E-03  6.544E-03  0.9700
5.000E+00  4.739E+02  3.840E-01  4.743E+02  7.769E-03  7.562E-03  0.9734
5.500E+00  4.472E+02  3.538E-01  4.476E+02  8.854E-03  8.644E-03  0.9762
6.000E+00  4.236E+02  3.283E-01  4.239E+02  1.000E-02  9.788E-03  0.9785
6.500E+00  4.026E+02  3.064E-01  4.029E+02  1.121E-02  1.099E-02  0.9804
7.000E+00  3.835E+02  2.874E-01  3.838E+02  1.249E-02  1.226E-02  0.9820
7.500E+00  3.669E+02  2.707E-01  3.672E+02  1.382E-02  1.359E-02  0.9834
8.000E+00  3.520E+02  2.560E-01  3.522E+02  1.521E-02  1.497E-02  0.9846
8.500E+00  3.383E+02  2.429E-01  3.385E+02  1.666E-02  1.642E-02  0.9857
9.000E+00  3.257E+02  2.311E-01  3.259E+02  1.816E-02  1.792E-02  0.9866
9.500E+00  3.141E+02  2.205E-01  3.143E+02  1.972E-02  1.948E-02  0.9874
1.000E+01  3.036E+02  2.109E-01  3.038E+02  2.134E-02  2.109E-02  0.9881
1.250E+01  2.611E+02  1.735E-01  2.613E+02  3.025E-02  2.996E-02  0.9907
1.500E+01  2.304E+02  1.479E-01  2.305E+02  4.046E-02  4.015E-02  0.9923
1.750E+01  2.069E+02  1.291E-01  2.070E+02  5.192E-02  5.158E-02  0.9934
2.000E+01  1.883E+02  1.148E-01  1.884E+02  6.459E-02  6.422E-02  0.9942
2.500E+01  1.606E+02  9.422E-02  1.607E+02  9.343E-02  9.299E-02  0.9952
2.750E+01  1.499E+02  8.657E-02  1.500E+02  1.095E-01  1.091E-01  0.9956
3.000E+01  1.407E+02  8.012E-02  1.408E+02  1.268E-01  1.262E-01  0.9958
3.500E+01  1.257E+02  6.984E-02  1.258E+02  1.644E-01  1.638E-01  0.9963
4.000E+01  1.139E+02  6.199E-02  1.140E+02  2.062E-01  2.055E-01  0.9966
4.500E+01  1.044E+02  5.578E-02  1.044E+02  2.521E-01  2.513E-01  0.9968
5.000E+01  9.645E+01  5.074E-02  9.650E+01  3.020E-01  3.010E-01  0.9970
5.500E+01  8.978E+01  4.657E-02  8.983E+01  3.557E-01  3.547E-01  0.9971
6.000E+01  8.408E+01  4.306E-02  8.412E+01  4.133E-01  4.121E-01  0.9972
6.500E+01  7.913E+01  4.006E-02  7.917E+01  4.746E-01  4.733E-01  0.9973
7.000E+01  7.481E+01  3.746E-02  7.485E+01  5.396E-01  5.381E-01  0.9974
7.500E+01  7.098E+01  3.519E-02  7.102E+01  6.082E-01  6.066E-01  0.9974
8.000E+01  6.758E+01  3.320E-02  6.761E+01  6.803E-01  6.786E-01  0.9975
8.500E+01  6.452E+01  3.142E-02  6.456E+01  7.560E-01  7.542E-01  0.9976
9.000E+01  6.177E+01  2.983E-02  6.180E+01  8.352E-01  8.332E-01  0.9976
9.500E+01  5.927E+01  2.839E-02  5.929E+01  9.179E-01  9.157E-01  0.9976
1.000E+02  5.699E+01  2.710E-02  5.701E+01  1.004E+00  1.002E+00  0.9977
1.250E+02  4.803E+01  2.209E-02  4.806E+01  1.484E+00  1.480E+00  0.9978
1.500E+02  4.178E+01  1.868E-02  4.180E+01  2.043E+00  2.039E+00  0.9979
1.750E+02  3.714E+01  1.621E-02  3.715E+01  2.679E+00  2.673E+00  0.9980
2.000E+02  3.355E+01  1.432E-02  3.357E+01  3.388E+00  3.381E+00  0.9981
2.250E+02  3.069E+01  1.284E-02  3.071E+01  4.167E+00  4.160E+00  0.9981
2.500E+02  2.835E+01  1.163E-02  2.837E+01  5.015E+00  5.006E+00  0.9981
2.750E+02  2.640E+01  1.064E-02  2.641E+01  5.929E+00  5.919E+00  0.9982
3.000E+02  2.475E+01  9.803E-03  2.476E+01  6.908E+00  6.895E+00  0.9982
3.500E+02  2.210E+01  8.482E-03  2.211E+01  9.049E+00  9.033E+00  0.9983
4.000E+02  2.007E+01  7.478E-03  2.007E+01  1.143E+01  1.141E+01  0.9983
4.500E+02  1.845E+01  6.686E-03  1.846E+01  1.403E+01  1.400E+01  0.9984
5.000E+02  1.714E+01  6.047E-03  1.715E+01  1.684E+01  1.681E+01  0.9984
5.500E+02  1.605E+01  5.519E-03  1.606E+01  1.986E+01  1.982E+01  0.9984
6.000E+02  1.513E+01  5.076E-03  1.514E+01  2.307E+01  2.303E+01  0.9984
6.500E+02  1.435E+01  4.700E-03  1.435E+01  2.646E+01  2.642E+01  0.9985
7.000E+02  1.367E+01  4.376E-03  1.367E+01  3.003E+01  2.999E+01  0.9985
7.500E+02  1.308E+01  4.095E-03  1.308E+01  3.377E+01  3.372E+01  0.9985
8.000E+02  1.255E+01  3.848E-03  1.256E+01  3.767E+01  3.762E+01  0.9985
8.500E+02  1.209E+01  3.629E-03  1.209E+01  4.173E+01  4.167E+01  0.9986
9.000E+02  1.168E+01  3.435E-03  1.168E+01  4.594E+01  4.588E+01  0.9986
9.500E+02  1.130E+01  3.260E-03  1.131E+01  5.029E+01  5.022E+01  0.9986
1.000E+03  1.097E+01  3.102E-03  1.097E+01  5.478E+01  5.471E+01  0.9986
