1.000E-03  2.951E+01  2.791E+01  5.742E+01  2.560E-05  3.573E-06  0.1396
1.500E-03  3.649E+01  2.878E+01  6.527E+01  3.370E-05  5.065E-06  0.1503
2.000E-03  4.242E+01  2.896E+01  7.138E+01  4.102E-05  6.563E-06  0.1600
2.500E-03  4.768E+01  2.883E+01  7.651E+01  4.778E-05  8.070E-06  0.1689
3.000E-03  5.245E+01  2.854E+01  8.099E+01  5.412E-05  9.590E-06  0.1772
4.000E-03  6.098E+01  2.776E+01  8.874E+01  6.590E-05  1.267E-05  0.1923
5.000E-03  6.854E+01  2.690E+01  9.543E+01  7.676E-05  1.580E-05  0.2059
6.000E-03  7.540E+01  2.604E+01  1.014E+02  8.691E-05  1.898E-05  0.2183
7.000E-03  8.174E+01  2.521E+01  1.069E+02  9.651E-05  2.218E-05  0.2298
8.000E-03  8.765E+01  2.444E+01  1.121E+02  1.056E-04  2.541E-05  0.2405
9.000E-03  9.323E+01  2.371E+01  1.169E+02  1.144E-04  2.866E-05  0.2506
1.000E-02  9.851E+01  2.303E+01  1.215E+02  1.228E-04  3.193E-05  0.2601
1.250E-02  1.107E+02  2.150E+01  1.322E+02  1.425E-04  4.014E-05  0.2818
1.500E-02  1.218E+02  2.020E+01  1.420E+02  1.607E-04  4.838E-05  0.3010
1.750E-02  1.320E+02  1.907E+01  1.511E+02  1.778E-04  5.660E-05  0.3184
2.000E-02  1.415E+02  1.809E+01  1.596E+02  1.938E-04  6.480E-05  0.3343
2.250E-02  1.505E+02  1.721E+01  1.677E+02  2.091E-04  7.295E-05  0.3488
2.500E-02  1.590E+02  1.644E+01  1.755E+02  2.237E-04  8.105E-05  0.3623
2.750E-02  1.672E+02  1.574E+01  1.829E+02  2.376E-04  8.908E-05  0.3748
3.000E-02  1.749E+02  1.511E+01  1.900E+02  2.510E-04  9.704E-05  0.3865
3.500E-02  1.895E+02  1.401E+01  2.036E+02  2.765E-04  1.127E-04  0.4078
4.000E-02  2.032E+02  1.308E+01  2.163E+02  3.003E-04  1.281E-04  0.4267
4.500E-02  2.160E+02  1.229E+01  2.283E+02  3.228E-04  1.432E-04  0.4438
5.000E-02  2.281E+02  1.160E+01  2.397E+02  3.441E-04  1.580E-04  0.4592
5.500E-02  2.397E+02  1.099E+01  2.507E+02  3.645E-04  1.726E-04  0.4734
6.000E-02  2.507E+02  1.045E+01  2.612E+02  3.841E-04  1.868E-04  0.4863
6.500E-02  2.613E+02  9.973E+00  2.712E+02  4.029E-04  2.007E-04  0.4983
7.000E-02  2.714E+02  9.541E+00  2.810E+02  4.210E-04  2.145E-04  0.5094
7.500E-02  2.812E+02  9.150E+00  2.904E+02  4.385E-04  2.279E-04  0.5198
8.000E-02  2.907E+02  8.793E+00  2.995E+02  4.554E-04  2.411E-04  0.5295
8.500E-02  2.998E+02  8.468E+00  3.083E+02  4.719E-04  2.542E-04  0.5386
9.000E-02  3.087E+02  8.168E+00  3.168E+02  4.879E-04  2.669E-04  0.5472
9.500E-02  3.173E+02  7.892E+00  3.251E+02  5.034E-04  2.795E-04  0.5552
1.000E-01  3.256E+02  7.636E+00  3.332E+02  5.186E-04  2.919E-04  0.5629
1.250E-01  3.642E+02  6.593E+00  3.708E+02  5.897E-04  3.513E-04  0.5957
1.500E-01  3.984E+02  5.826E+00  4.042E+02  6.542E-04  4.069E-04  0.6220
1.750E-01  4.291E+02  5.234E+00  4.343E+02  7.138E-04  4.594E-04  0.6436
2.000E-01  4.568E+02  4.762E+00  4.616E+02  7.696E-04  5.094E-04  0.6619
2.250E-01  4.821E+02  4.376E+00  4.865E+02  8.223E-04  5.572E-04  0.6776
2.500E-01  5.051E+02  4.053E+00  5.092E+02  8.725E-04  6.033E-04  0.6914
2.750E-01  5.262E+02  3.779E+00  5.300E+02  9.206E-04  6.478E-04  0.7036
3.000E-01  5.454E+02  3.543E+00  5.489E+02  9.670E-04  6.909E-04  0.7145
3.500E-01  5.790E+02  3.157E+00  5.822E+02  1.055E-03  7.739E-04  0.7333
4.000E-01  6.070E+02  2.853E+00  6.098E+02  1.139E-03  8.534E-04  0.7491
4.500E-01  6.301E+02  2.607E+00  6.327E+02  1.220E-03  9.301E-04  0.7626
5.000E-01  6.491E+02  2.403E+00  6.515E+02  1.297E-03  1.005E-03  0.7744
5.500E-01  6.644E+02  2.231E+00  6.666E+02  1.373E-03  1.078E-03  0.7848
6.000E-01  6.766E+02  2.085E+00  6.787E+02  1.448E-03  1.150E-03  0.7941
6.500E-01  6.862E+02  1.957E+00  6.881E+02  1.521E-03  1.220E-03  0.8026
7.000E-01  6.934E+02  1.846E+00  6.953E+02  1.593E-03  1.291E-03  0.8102
7.500E-01  6.988E+02  1.748E+00  7.005E+02  1.665E-03  1.360E-03  0.8173
8.000E-01  7.024E+02  1.660E+00  7.041E+02  1.736E-03  1.430E-03  0.8237
8.500E-01  7.046E+02  1.582E+00  7.062E+02  1.807E-03  1.499E-03  0.8298
9.000E-01  7.057E+02  1.511E+00  7.072E+02  1.877E-03  1.568E-03  0.8353
9.500E-01  7.057E+02  1.446E+00  7.072E+02  1.948E-03  1.638E-03  0.8406
1.000E+00  7.049E+02  1.388E+00  7.063E+02  2.019E-03  1.707E-03  0.8455
1.250E+00  6.925E+02  1.158E+00  6.936E+02  2.376E-03  2.058E-03  0.8661
1.500E+00  6.726E+02  9.973E-01  6.736E+02  2.741E-03  2.418E-03  0.8821
1.750E+00  6.503E+02  8.782E-01  6.512E+02  3.118E-03  2.791E-03  0.8949
2.000E+00  6.276E+02  7.861E-01  6.283E+02  3.509E-03  3.178E-03  0.9054
2.250E+00  6.060E+02  7.127E-01  6.067E+02  3.914E-03  3.579E-03  0.9142
2.500E+00  5.856E+02  6.525E-01  5.863E+02  4.334E-03  3.994E-03  0.9217
2.750E+00  5.663E+02  6.024E-01  5.669E+02  4.767E-03  4.424E-03  0.9281
3.000E+00  5.480E+02  5.598E-01  5.485E+02  5.216E-03  4.869E-03  0.9336
3.500E+00  5.140E+02  4.915E-01  5.145E+02  6.157E-03  5.804E-03  0.9427
4.000E+00  4.834E+02  4.388E-01  4.838E+02  7.160E-03  6.801E-03  0.9499
4.500E+00  4.558E+02  3.970E-01  4.562E+02  8.224E-03  7.859E-03  0.9556
5.000E+00  4.310E+02  3.628E-01  4.313E+02  9.352E-03  8.981E-03  0.9603
5.500E+00  4.084E+02  3.344E-01  4.088E+02  1.054E-02  1.017E-02  0.9642
6.000E+00  3.880E+02  3.103E-01  3.883E+02  1.180E-02  1.142E-02  0.9675
6.500E+00  3.696E+02  2.897E-01  3.699E+02  1.312E-02  1.273E-02  0.9703
7.000E+00  3.537E+02  2.718E-01  3.539E+02  1.450E-02  1.411E-02  0.9727
7.500E+00  3.391E+02  2.561E-01  3.394E+02  1.594E-02  1.554E-02  0.9748
8.000E+00  3.257E+02  2.422E-01  3.260E+02  1.745E-02  1.704E-02  0.9766
8.500E+00  3.134E+02  2.298E-01  3.136E+02  1.901E-02  1.860E-02  0.9782
9.000E+00  3.020E+02  2.187E-01  3.022E+02  2.064E-02  2.022E-02  0.9796
9.500E+00  2.917E+02  2.087E-01  2.919E+02  2.232E-02  2.189E-02  0.9809
1.000E+01  2.823E+02  1.996E-01  2.825E+02  2.406E-02  2.363E-02  0.9820
1.250E+01  2.439E+02  1.643E-01  2.441E+02  3.361E-02  3.314E-02  0.9861
1.500E+01  2.159E+02  1.401E-01  2.160E+02  4.452E-02  4.402E-02  0.9886
1.750E+01  1.944E+02  1.224E-01  1.945E+02  5.674E-02  5.620E-02  0.9904
2.000E+01  1.773E+02  1.088E-01  1.774E+02  7.022E-02  6.963E-02  0.9917
2.500E+01  1.516E+02  8.933E-02  1.517E+02  1.008E-01  1.001E-01  0.9933
2.750E+01  1.417E+02  8.210E-02  1.418E+02  1.179E-01  1.171E-01  0.9939
3.000E+01  1.332E+02  7.600E-02  1.332E+02  1.361E-01  1.353E-01  0.9943
3.500E+01  1.191E+02  6.626E-02  1.192E+02  1.758E-01  1.749E-01  0.9950
4.000E+01  1.081E+02  5.882E-02  1.082E+02  2.199E-01  2.189E-01  0.9955
4.500E+01  9.916E+01  5.295E-02  9.921E+01  2.682E-01  2.671E-01  0.9958
5.000E+01  9.173E+01  4.818E-02  9.178E+01  3.207E-01  3.194E-01  0.9961
5.500E+01  8.546E+01  4.423E-02  8.551E+01  3.771E-01  3.758E-01  0.9963
6.000E+01  8.009E+01  4.090E-02  8.013E+01  4.376E-01  4.361E-01  0.9965
6.500E+01  7.543E+01  3.805E-02  7.546E+01  5.019E-01  5.002E-01  0.9966
7.000E+01  7.134E+01  3.559E-02  7.138E+01  5.701E-01  5.682E-01  0.9968
7.500E+01  6.773E+01  3.344E-02  6.776E+01  6.420E-01  6.400E-01  0.9969
8.000E+01  6.451E+01  3.155E-02  6.454E+01  7.176E-01  7.155E-01  0.9970
8.500E+01  6.162E+01  2.986E-02  6.165E+01  7.969E-01  7.946E-01  0.9970
9.000E+01  5.900E+01  2.835E-02  5.903E+01  8.798E-01  8.773E-01  0.9971
9.500E+01  5.663E+01  2.700E-02  5.666E+01  9.663E-01  9.636E-01  0.9972
1.000E+02  5.447E+01  2.577E-02  5.450E+01  1.056E+00  1.053E+00  0.9972
1.250E+02  4.597E+01  2.102E-02  4.599E+01  1.558E+00  1.554E+00  0.9974
1.500E+02  4.002E+01  1.779E-02  4.004E+01  2.142E+00  2.137E+00  0.9976
1.750E+02  3.561E+01  1.543E-02  3.562E+01  2.805E+00  2.799E+00  0.9977
2.000E+02  3.219E+01  1.364E-02  3.220E+01  3.545E+00  3.537E+00  0.9978
2.250E+02  2.946E+01  1.223E-02  2.947E+01  4.357E+00  4.348E+00  0.9978
2.500E+02  2.723E+01  1.109E-02  2.724E+01  5.240E+00  5.229E+00  0.9979
2.750E+02  2.537E+01  1.015E-02  2.538E+01  6.192E+00  6.179E+00  0.9979
3.000E+02  2.379E+01  9.351E-03  2.380E+01  7.210E+00  7.195E+00  0.9980
3.500E+02  2.126E+01  8.093E-03  2.126E+01  9.437E+00  9.419E+00  0.9980
4.000E+02  1.931E+01  7.138E-03  1.932E+01  1.191E+01  1.189E+01  0.9981
4.500E+02  1.776E+01  6.387E-03  1.777E+01  1.461E+01  1.458E+01  0.9981
5.000E+02  1.651E+01  5.779E-03  1.651E+01  1.753E+01  1.750E+01  0.9982
5.500E+02  1.546E+01  5.277E-03  1.547E+01  2.066E+01  2.063E+01  0.9982
6.000E+02  1.458E+01  4.855E-03  1.459E+01  2.399E+01  2.395E+01  0.9982
6.500E+02  1.383E+01  4.496E-03  1.384E+01  2.751E+01  2.747E+01  0.9983
7.000E+02  1.318E+01  4.187E-03  1.319E+01  3.122E+01  3.116E+01  0.9983
7.500E+02  1.261E+01  3.918E-03  1.262E+01  3.510E+01  3.504E+01  0.9983
8.000E+02  1.211E+01  3.682E-03  1.212E+01  3.914E+01  3.908E+01  0.9983
8.500E+02  1.167E+01  3.473E-03  1.167E+01  4.335E+01  4.328E+01  0.9984
9.000E+02  1.127E+01  3.287E-03  1.127E+01  4.771E+01  4.763E+01  0.9984
9.500E+02  1.091E+01  3.120E-03  1.092E+01  5.221E+01  5.213E+01  0.9984
1.000E+03  1.059E+01  2.969E-03  1.060E+01  5.686E+01  5.677E+01  0.9984
