1.000E-03  3.454E+01  4.702E+01  8.155E+01  1.655E-05  3.089E-06  0.1867
1.500E-03  4.456E+01  4.691E+01  9.147E+01  2.230E-05  4.483E-06  0.2011
2.000E-03  5.339E+01  4.604E+01  9.943E+01  2.753E-05  5.896E-06  0.2142
2.500E-03  6.142E+01  4.493E+01  1.064E+02  3.239E-05  7.325E-06  0.2261
3.000E-03  6.888E+01  4.375E+01  1.126E+02  3.696E-05  8.768E-06  0.2373
4.000E-03  8.253E+01  4.145E+01  1.240E+02  4.541E-05  1.169E-05  0.2574
5.000E-03  9.495E+01  3.934E+01  1.343E+02  5.315E-05  1.463E-05  0.2753
6.000E-03  1.065E+02  3.745E+01  1.439E+02  6.034E-05  1.759E-05  0.2915
7.000E-03  1.173E+02  3.576E+01  1.531E+02  6.708E-05  2.054E-05  0.3062
8.000E-03  1.276E+02  3.423E+01  1.618E+02  7.343E-05  2.349E-05  0.3199
9.000E-03  1.374E+02  3.285E+01  1.702E+02  7.945E-05  2.642E-05  0.3325
1.000E-02  1.468E+02  3.160E+01  1.784E+02  8.519E-05  2.933E-05  0.3443
1.250E-02  1.688E+02  2.892E+01  1.977E+02  9.849E-05  3.650E-05  0.3706
1.500E-02  1.893E+02  2.673E+01  2.160E+02  1.106E-04  4.351E-05  0.3935
1.750E-02  2.085E+02  2.490E+01  2.334E+02  1.217E-04  5.034E-05  0.4136
2.000E-02  2.267E+02  2.334E+01  2.501E+02  1.320E-04  5.698E-05  0.4315
2.250E-02  2.441E+02  2.199E+01  2.661E+02  1.417E-04  6.345E-05  0.4477
2.500E-02  2.608E+02  2.082E+01  2.816E+02  1.509E-04  6.975E-05  0.4623
2.750E-02  2.768E+02  1.978E+01  2.966E+02  1.595E-04  7.588E-05  0.4757
3.000E-02  2.923E+02  1.885E+01  3.111E+02  1.677E-04  8.186E-05  0.4880
3.500E-02  3.219E+02  1.727E+01  3.391E+02  1.831E-04  9.338E-05  0.5099
4.000E-02  3.498E+02  1.597E+01  3.658E+02  1.973E-04  1.044E-04  0.5289
4.500E-02  3.765E+02  1.487E+01  3.913E+02  2.105E-04  1.149E-04  0.5456
5.000E-02  4.019E+02  1.394E+01  4.159E+02  2.229E-04  1.249E-04  0.5605
5.500E-02  4.264E+02  1.312E+01  4.395E+02  2.346E-04  1.346E-04  0.5738
6.000E-02  4.500E+02  1.241E+01  4.624E+02  2.457E-04  1.440E-04  0.5859
6.500E-02  4.728E+02  1.178E+01  4.846E+02  2.563E-04  1.530E-04  0.5969
7.000E-02  4.949E+02  1.122E+01  5.061E+02  2.663E-04  1.617E-04  0.6070
7.500E-02  5.163E+02  1.072E+01  5.270E+02  2.760E-04  1.701E-04  0.6162
8.000E-02  5.371E+02  1.026E+01  5.473E+02  2.853E-04  1.783E-04  0.6248
8.500E-02  5.573E+02  9.848E+00  5.671E+02  2.943E-04  1.862E-04  0.6328
9.000E-02  5.770E+02  9.470E+00  5.864E+02  3.030E-04  1.940E-04  0.6402
9.500E-02  5.961E+02  9.123E+00  6.053E+02  3.114E-04  2.015E-04  0.6472
1.000E-01  6.148E+02  8.803E+00  6.236E+02  3.195E-04  2.089E-04  0.6537
1.250E-01  7.021E+02  7.518E+00  7.096E+02  3.570E-04  2.432E-04  0.6813
1.500E-01  7.803E+02  6.588E+00  7.869E+02  3.904E-04  2.744E-04  0.7027
1.750E-01  8.508E+02  5.881E+00  8.566E+02  4.209E-04  3.031E-04  0.7201
2.000E-01  9.144E+02  5.323E+00  9.197E+02  4.490E-04  3.299E-04  0.7347
2.250E-01  9.719E+02  4.870E+00  9.767E+02  4.754E-04  3.551E-04  0.7470
2.500E-01  1.024E+03  4.495E+00  1.028E+03  5.003E-04  3.791E-04  0.7578
2.750E-01  1.070E+03  4.177E+00  1.074E+03  5.241E-04  4.021E-04  0.7673
3.000E-01  1.111E+03  3.906E+00  1.115E+03  5.469E-04  4.243E-04  0.7758
3.500E-01  1.181E+03  3.464E+00  1.184E+03  5.903E-04  4.666E-04  0.7904
4.000E-01  1.233E+03  3.118E+00  1.237E+03  6.316E-04  5.070E-04  0.8027
4.500E-01  1.272E+03  2.840E+00  1.275E+03  6.714E-04  5.460E-04  0.8133
5.000E-01  1.298E+03  2.611E+00  1.301E+03  7.102E-04  5.842E-04  0.8226
5.500E-01  1.314E+03  2.419E+00  1.316E+03  7.484E-04  6.218E-04  0.8309
6.000E-01  1.321E+03  2.255E+00  1.323E+03  7.863E-04  6.592E-04  0.8384
6.500E-01  1.321E+03  2.114E+00  1.323E+03  8.240E-04  6.965E-04  0.8452
7.000E-01  1.315E+03  1.991E+00  1.317E+03  8.619E-04  7.339E-04  0.8515
7.500E-01  1.305E+03  1.882E+00  1.307E+03  9.000E-04  7.716E-04  0.8574
8.000E-01  1.291E+03  1.785E+00  1.293E+03  9.384E-04  8.097E-04  0.8629
8.500E-01  1.276E+03  1.699E+00  1.277E+03  9.773E-04  8.483E-04  0.8680
9.000E-01  1.258E+03  1.621E+00  1.260E+03  1.017E-03  8.874E-04  0.8728
9.500E-01  1.240E+03  1.550E+00  1.242E+03  1.057E-03  9.270E-04  0.8773
1.000E+00  1.222E+03  1.486E+00  1.223E+03  1.097E-03  9.673E-04  0.8815
1.250E+00  1.130E+03  1.235E+00  1.131E+03  1.310E-03  1.178E-03  0.8997
1.500E+00  1.047E+03  1.060E+00  1.048E+03  1.540E-03  1.407E-03  0.9139
1.750E+00  9.740E+02  9.317E-01  9.749E+02  1.787E-03  1.653E-03  0.9251
2.000E+00  9.112E+02  8.324E-01  9.120E+02  2.052E-03  1.918E-03  0.9343
2.250E+00  8.567E+02  7.533E-01  8.575E+02  2.335E-03  2.199E-03  0.9418
2.500E+00  8.090E+02  6.888E-01  8.097E+02  2.635E-03  2.498E-03  0.9480
2.750E+00  7.670E+02  6.351E-01  7.677E+02  2.953E-03  2.815E-03  0.9532
3.000E+00  7.298E+02  5.896E-01  7.304E+02  3.287E-03  3.147E-03  0.9576
3.500E+00  6.661E+02  5.167E-01  6.666E+02  4.004E-03  3.863E-03  0.9647
4.000E+00  6.132E+02  4.606E-01  6.137E+02  4.787E-03  4.643E-03  0.9700
4.500E+00  5.697E+02  4.161E-01  5.701E+02  5.633E-03  5.487E-03  0.9741
5.000E+00  5.327E+02  3.799E-01  5.331E+02  6.540E-03  6.392E-03  0.9774
5.500E+00  5.010E+02  3.498E-01  5.013E+02  7.508E-03  7.358E-03  0.9800
6.000E+00  4.734E+02  3.243E-01  4.737E+02  8.535E-03  8.382E-03  0.9821
6.500E+00  4.491E+02  3.025E-01  4.494E+02  9.619E-03  9.464E-03  0.9839
7.000E+00  4.274E+02  2.836E-01  4.276E+02  1.076E-02  1.060E-02  0.9853
7.500E+00  4.083E+02  2.670E-01  4.085E+02  1.196E-02  1.180E-02  0.9866
8.000E+00  3.910E+02  2.524E-01  3.913E+02  1.321E-02  1.304E-02  0.9877
8.500E+00  3.754E+02  2.393E-01  3.756E+02  1.451E-02  1.435E-02  0.9886
9.000E+00  3.611E+02  2.276E-01  3.614E+02  1.587E-02  1.570E-02  0.9894
9.500E+00  3.481E+02  2.171E-01  3.483E+02  1.728E-02  1.711E-02  0.9901
1.000E+01  3.360E+02  2.075E-01  3.362E+02  1.874E-02  1.857E-02  0.9907
1.250E+01  2.876E+02  1.705E-01  2.878E+02  2.681E-02  2.662E-02  0.9929
1.500E+01  2.526E+02  1.452E-01  2.527E+02  3.610E-02  3.589E-02  0.9943
1.750E+01  2.260E+02  1.266E-01  2.261E+02  4.658E-02  4.635E-02  0.9952
2.000E+01  2.050E+02  1.125E-01  2.051E+02  5.820E-02  5.796E-02  0.9958
2.500E+01  1.738E+02  9.217E-02  1.739E+02  8.479E-02  8.450E-02  0.9966
2.750E+01  1.618E+02  8.464E-02  1.619E+02  9.970E-02  9.939E-02  0.9969
3.000E+01  1.516E+02  7.829E-02  1.517E+02  1.157E-01  1.153E-01  0.9971
3.500E+01  1.349E+02  6.816E-02  1.350E+02  1.507E-01  1.503E-01  0.9974
4.000E+01  1.219E+02  6.044E-02  1.219E+02  1.897E-01  1.893E-01  0.9977
4.500E+01  1.114E+02  5.434E-02  1.114E+02  2.327E-01  2.322E-01  0.9978
5.000E+01  1.027E+02  4.940E-02  1.028E+02  2.794E-01  2.789E-01  0.9980
5.500E+01  9.543E+01  4.531E-02  9.547E+01  3.300E-01  3.293E-01  0.9981
6.000E+01  8.922E+01  4.187E-02  8.926E+01  3.842E-01  3.834E-01  0.9981
6.500E+01  8.385E+01  3.893E-02  8.389E+01  4.420E-01  4.412E-01  0.9982
7.000E+01  7.916E+01  3.638E-02  7.919E+01  5.033E-01  5.025E-01  0.9983
7.500E+01  7.502E+01  3.416E-02  7.505E+01  5.682E-01  5.673E-01  0.9983
8.000E+01  7.134E+01  3.220E-02  7.137E+01  6.366E-01  6.355E-01  0.9984
8.500E+01  6.804E+01  3.046E-02  6.807E+01  7.083E-01  7.072E-01  0.9984
9.000E+01  6.507E+01  2.890E-02  6.510E+01  7.835E-01  7.822E-01  0.9984
9.500E+01  6.238E+01  2.750E-02  6.241E+01  8.619E-01  8.606E-01  0.9985
1.000E+02  5.993E+01  2.623E-02  5.996E+01  9.437E-01  9.422E-01  0.9985
1.250E+02  5.034E+01  2.135E-02  5.036E+01  1.401E+00  1.399E+00  0.9986
1.500E+02  4.367E+01  1.802E-02  4.369E+01  1.935E+00  1.933E+00  0.9986
1.750E+02  3.874E+01  1.560E-02  3.875E+01  2.544E+00  2.541E+00  0.9987
2.000E+02  3.494E+01  1.377E-02  3.495E+01  3.225E+00  3.220E+00  0.9987
2.250E+02  3.191E+01  1.232E-02  3.192E+01  3.974E+00  3.969E+00  0.9988
2.500E+02  2.944E+01  1.116E-02  2.946E+01  4.790E+00  4.784E+00  0.9988
2.750E+02  2.739E+01  1.020E-02  2.740E+01  5.671E+00  5.664E+00  0.9988
3.000E+02  2.565E+01  9.390E-03  2.566E+01  6.614E+00  6.606E+00  0.9988
3.500E+02  2.287E+01  8.104E-03  2.288E+01  8.682E+00  8.672E+00  0.9989
4.000E+02  2.074E+01  7.130E-03  2.075E+01  1.098E+01  1.097E+01  0.9989
4.500E+02  1.906E+01  6.366E-03  1.906E+01  1.350E+01  1.348E+01  0.9989
5.000E+02  1.769E+01  5.752E-03  1.769E+01  1.622E+01  1.621E+01  0.9989
5.500E+02  1.655E+01  5.247E-03  1.656E+01  1.915E+01  1.913E+01  0.9990
6.000E+02  1.560E+01  4.824E-03  1.560E+01  2.226E+01  2.224E+01  0.9990
6.500E+02  1.478E+01  4.465E-03  1.479E+01  2.555E+01  2.553E+01  0.9990
7.000E+02  1.408E+01  4.156E-03  1.408E+01  2.902E+01  2.899E+01  0.9990
7.500E+02  1.347E+01  3.886E-03  1.347E+01  3.265E+01  3.262E+01  0.9990
8.000E+02  1.293E+01  3.649E-03  1.293E+01  3.644E+01  3.640E+01  0.9990
8.500E+02  1.245E+01  3.438E-03  1.245E+01  4.038E+01  4.034E+01  0.9991
9.000E+02  1.202E+01  3.251E-03  1.202E+01  4.447E+01  4.443E+01  0.9991
9.500E+02  1.164E+01  3.082E-03  1.164E+01  4.870E+01  4.865E+01  0.9991
1.000E+03  1.129E+01  2.931E-03  1.129E+01  5.306E+01  5.301E+01  0.9991
