1.000E-03  2.075E+01  6.388E+00  2.714E+01  6.237E-05  5.914E-06  0.0948
1.500E-03  2.523E+01  6.963E+00  3.220E+01  7.911E-05  8.003E-06  0.1012
2.000E-03  2.899E+01  7.316E+00  3.631E+01  9.371E-05  1.002E-05  0.1069
2.500E-03  3.229E+01  7.547E+00  3.983E+01  1.068E-04  1.198E-05  0.1122
3.000E-03  3.526E+01  7.701E+00  4.296E+01  1.189E-04  1.392E-05  0.1171
4.000E-03  4.051E+01  7.872E+00  4.838E+01  1.408E-04  1.776E-05  0.1261
5.000E-03  4.511E+01  7.936E+00  5.305E+01  1.605E-04  2.157E-05  0.1344
6.000E-03  4.926E+01  7.942E+00  5.720E+01  1.787E-04  2.537E-05  0.1420
7.000E-03  5.306E+01  7.912E+00  6.097E+01  1.956E-04  2.917E-05  0.1491
8.000E-03  5.659E+01  7.861E+00  6.445E+01  2.115E-04  3.297E-05  0.1559
9.000E-03  5.990E+01  7.796E+00  6.769E+01  2.267E-04  3.678E-05  0.1623
1.000E-02  6.302E+01  7.722E+00  7.074E+01  2.411E-04  4.060E-05  0.1684
1.250E-02  7.018E+01  7.519E+00  7.770E+01  2.748E-04  5.016E-05  0.1825
1.500E-02  7.663E+01  7.309E+00  8.394E+01  3.057E-04  5.976E-05  0.1955
1.750E-02  8.254E+01  7.103E+00  8.964E+01  3.345E-04  6.938E-05  0.2074
2.000E-02  8.802E+01  6.905E+00  9.493E+01  3.616E-04  7.901E-05  0.2185
2.250E-02  9.316E+01  6.717E+00  9.988E+01  3.873E-04  8.864E-05  0.2289
2.500E-02  9.801E+01  6.540E+00  1.045E+02  4.117E-04  9.827E-05  0.2387
2.750E-02  1.026E+02  6.372E+00  1.090E+02  4.351E-04  1.079E-04  0.2480
3.000E-02  1.070E+02  6.214E+00  1.132E+02  4.576E-04  1.175E-04  0.2568
3.500E-02  1.152E+02  5.923E+00  1.212E+02  5.003E-04  1.367E-04  0.2731
4.000E-02  1.229E+02  5.663E+00  1.285E+02  5.404E-04  1.557E-04  0.2882
4.500E-02  1.300E+02  5.429E+00  1.354E+02  5.782E-04  1.746E-04  0.3020
5.000E-02  1.367E+02  5.217E+00  1.420E+02  6.143E-04  1.934E-04  0.3149
5.500E-02  1.431E+02  5.024E+00  1.481E+02  6.488E-04  2.121E-04  0.3269
6.000E-02  1.492E+02  4.847E+00  1.541E+02  6.819E-04  2.306E-04  0.3382
6.500E-02  1.550E+02  4.685E+00  1.597E+02  7.137E-04  2.490E-04  0.3488
7.000E-02  1.606E+02  4.535E+00  1.651E+02  7.445E-04  2.672E-04  0.3588
7.500E-02  1.659E+02  4.396E+00  1.703E+02  7.743E-04  2.852E-04  0.3683
8.000E-02  1.711E+02  4.266E+00  1.754E+02  8.032E-04  3.031E-04  0.3774
8.500E-02  1.761E+02  4.146E+00  1.802E+02  8.314E-04  3.209E-04  0.3860
9.000E-02  1.809E+02  4.033E+00  1.850E+02  8.587E-04  3.385E-04  0.3942
9.500E-02  1.856E+02  3.928E+00  1.895E+02  8.854E-04  3.559E-04  0.4020
1.000E-01  1.901E+02  3.828E+00  1.940E+02  9.115E-04  3.732E-04  0.4095
1.250E-01  2.111E+02  3.408E+00  2.145E+02  1.034E-03  4.578E-04  0.4427
1.500E-01  2.296E+02  3.082E+00  2.327E+02  1.146E-03  5.391E-04  0.4706
1.750E-01  2.462E+02  2.821E+00  2.491E+02  1.249E-03  6.177E-04  0.4943
2.000E-01  2.613E+02  2.605E+00  2.639E+02  1.347E-03  6.937E-04  0.5150
2.250E-01  2.751E+02  2.425E+00  2.775E+02  1.439E-03  7.676E-04  0.5333
2.500E-01  2.877E+02  2.270E+00  2.900E+02  1.527E-03  8.395E-04  0.5496
2.750E-01  2.993E+02  2.136E+00  3.015E+02  1.612E-03  9.096E-04  0.5644
3.000E-01  3.100E+02  2.019E+00  3.120E+02  1.693E-03  9.783E-04  0.5777
3.500E-01  3.288E+02  1.824E+00  3.307E+02  1.849E-03  1.112E-03  0.6012
4.000E-01  3.447E+02  1.667E+00  3.464E+02  1.996E-03  1.241E-03  0.6214
4.500E-01  3.581E+02  1.537E+00  3.596E+02  2.138E-03  1.366E-03  0.6389
5.000E-01  3.692E+02  1.428E+00  3.706E+02  2.275E-03  1.489E-03  0.6545
5.500E-01  3.783E+02  1.335E+00  3.796E+02  2.408E-03  1.610E-03  0.6684
6.000E-01  3.856E+02  1.255E+00  3.868E+02  2.539E-03  1.729E-03  0.6809
6.500E-01  3.913E+02  1.184E+00  3.925E+02  2.667E-03  1.847E-03  0.6924
7.000E-01  3.956E+02  1.122E+00  3.967E+02  2.794E-03  1.964E-03  0.7030
7.500E-01  3.987E+02  1.067E+00  3.997E+02  2.919E-03  2.080E-03  0.7127
8.000E-01  4.006E+02  1.017E+00  4.017E+02  3.044E-03  2.197E-03  0.7218
8.500E-01  4.017E+02  9.726E-01  4.027E+02  3.168E-03  2.313E-03  0.7302
9.000E-01  4.019E+02  9.320E-01  4.028E+02  3.292E-03  2.430E-03  0.7381
9.500E-01  4.014E+02  8.950E-01  4.023E+02  3.416E-03  2.547E-03  0.7456
1.000E+00  4.004E+02  8.611E-01  4.012E+02  3.541E-03  2.665E-03  0.7526
1.250E+00  3.895E+02  7.265E-01  3.902E+02  4.172E-03  3.266E-03  0.7828
1.500E+00  3.748E+02  6.310E-01  3.754E+02  4.825E-03  3.892E-03  0.8067
1.750E+00  3.595E+02  5.593E-01  3.601E+02  5.505E-03  4.548E-03  0.8262
2.000E+00  3.448E+02  5.034E-01  3.453E+02  6.214E-03  5.234E-03  0.8424
2.250E+00  3.310E+02  4.584E-01  3.315E+02  6.953E-03  5.952E-03  0.8560
2.500E+00  3.183E+02  4.213E-01  3.187E+02  7.722E-03  6.700E-03  0.8677
2.750E+00  3.065E+02  3.902E-01  3.069E+02  8.522E-03  7.480E-03  0.8777
3.000E+00  2.957E+02  3.638E-01  2.961E+02  9.351E-03  8.290E-03  0.8865
3.500E+00  2.767E+02  3.209E-01  2.770E+02  1.110E-02  9.998E-03  0.9009
4.000E+00  2.608E+02  2.877E-01  2.611E+02  1.296E-02  1.182E-02  0.9122
4.500E+00  2.473E+02  2.612E-01  2.476E+02  1.493E-02  1.375E-02  0.9213
5.000E+00  2.355E+02  2.394E-01  2.358E+02  1.700E-02  1.579E-02  0.9287
5.500E+00  2.252E+02  2.212E-01  2.255E+02  1.917E-02  1.792E-02  0.9348
6.000E+00  2.161E+02  2.058E-01  2.163E+02  2.143E-02  2.015E-02  0.9400
6.500E+00  2.078E+02  1.925E-01  2.080E+02  2.379E-02  2.247E-02  0.9444
7.000E+00  2.003E+02  1.809E-01  2.005E+02  2.624E-02  2.488E-02  0.9482
7.500E+00  1.935E+02  1.707E-01  1.937E+02  2.878E-02  2.738E-02  0.9515
8.000E+00  1.873E+02  1.617E-01  1.874E+02  3.140E-02  2.997E-02  0.9543
8.500E+00  1.815E+02  1.537E-01  1.817E+02  3.411E-02  3.264E-02  0.9569
9.000E+00  1.762E+02  1.464E-01  1.764E+02  3.691E-02  3.540E-02  0.9591
9.500E+00  1.713E+02  1.399E-01  1.714E+02  3.978E-02  3.823E-02  0.9611
1.000E+01  1.667E+02  1.340E-01  1.668E+02  4.274E-02  4.115E-02  0.9629
1.250E+01  1.476E+02  1.108E-01  1.477E+02  5.870E-02  5.692E-02  0.9697
1.500E+01  1.332E+02  9.485E-02  1.333E+02  7.655E-02  7.457E-02  0.9742
1.750E+01  1.218E+02  8.310E-02  1.219E+02  9.618E-02  9.400E-02  0.9773
2.000E+01  1.126E+02  7.407E-02  1.126E+02  1.175E-01  1.151E-01  0.9796
2.500E+01  9.827E+01  6.107E-02  9.833E+01  1.652E-01  1.623E-01  0.9827
2.750E+01  9.262E+01  5.622E-02  9.267E+01  1.914E-01  1.883E-01  0.9839
3.000E+01  8.769E+01  5.213E-02  8.774E+01  2.191E-01  2.158E-01  0.9848
3.500E+01  7.946E+01  4.558E-02  7.950E+01  2.791E-01  2.752E-01  0.9863
4.000E+01  7.285E+01  4.055E-02  7.289E+01  3.448E-01  3.405E-01  0.9873
4.500E+01  6.740E+01  3.658E-02  6.744E+01  4.162E-01  4.113E-01  0.9882
5.000E+01  6.283E+01  3.334E-02  6.286E+01  4.931E-01  4.876E-01  0.9888
5.500E+01  5.892E+01  3.066E-02  5.895E+01  5.753E-01  5.691E-01  0.9894
6.000E+01  5.554E+01  2.840E-02  5.557E+01  6.627E-01  6.559E-01  0.9898
6.500E+01  5.258E+01  2.646E-02  5.261E+01  7.552E-01  7.478E-01  0.9902
7.000E+01  4.996E+01  2.478E-02  4.999E+01  8.527E-01  8.447E-01  0.9905
7.500E+01  4.763E+01  2.331E-02  4.766E+01  9.552E-01  9.464E-01  0.9908
8.000E+01  4.554E+01  2.202E-02  4.557E+01  1.063E+00  1.053E+00  0.9911
8.500E+01  4.365E+01  2.086E-02  4.368E+01  1.175E+00  1.164E+00  0.9913
9.000E+01  4.194E+01  1.983E-02  4.196E+01  1.291E+00  1.280E+00  0.9915
9.500E+01  4.038E+01  1.890E-02  4.039E+01  1.413E+00  1.401E+00  0.9917
1.000E+02  3.894E+01  1.805E-02  3.896E+01  1.539E+00  1.526E+00  0.9918
1.250E+02  3.328E+01  1.480E-02  3.330E+01  2.236E+00  2.219E+00  0.9924
1.500E+02  2.927E+01  1.257E-02  2.928E+01  3.039E+00  3.017E+00  0.9929
1.750E+02  2.626E+01  1.094E-02  2.627E+01  3.942E+00  3.915E+00  0.9932
2.000E+02  2.390E+01  9.697E-03  2.391E+01  4.941E+00  4.908E+00  0.9934
2.250E+02  2.200E+01  8.718E-03  2.200E+01  6.032E+00  5.994E+00  0.9937
2.500E+02  2.042E+01  7.925E-03  2.043E+01  7.212E+00  7.168E+00  0.9938
2.750E+02  1.910E+01  7.268E-03  1.911E+01  8.478E+00  8.427E+00  0.9940
3.000E+02  1.798E+01  6.715E-03  1.798E+01  9.828E+00  9.770E+00  0.9941
3.500E+02  1.615E+01  5.833E-03  1.615E+01  1.277E+01  1.269E+01  0.9943
4.000E+02  1.473E+01  5.162E-03  1.473E+01  1.601E+01  1.592E+01  0.9945
4.500E+02  1.359E+01  4.633E-03  1.359E+01  1.955E+01  1.945E+01  0.9947
5.000E+02  1.266E+01  4.204E-03  1.266E+01  2.336E+01  2.324E+01  0.9948
5.500E+02  1.189E+01  3.850E-03  1.189E+01  2.744E+01  2.730E+01  0.9949
6.000E+02  1.123E+01  3.553E-03  1.124E+01  3.177E+01  3.161E+01  0.9950
6.500E+02  1.067E+01  3.298E-03  1.068E+01  3.634E+01  3.616E+01  0.9951
7.000E+02  1.019E+01  3.079E-03  1.019E+01  4.113E+01  4.094E+01  0.9952
7.500E+02  9.763E+00  2.887E-03  9.765E+00  4.615E+01  4.593E+01  0.9953
8.000E+02  9.388E+00  2.717E-03  9.391E+00  5.137E+01  5.113E+01  0.9953
8.500E+02  9.055E+00  2.567E-03  9.058E+00  5.679E+01  5.653E+01  0.9954
9.000E+02  8.758E+00  2.433E-03  8.760E+00  6.241E+01  6.213E+01  0.9955
9.500E+02  8.490E+00  2.313E-03  8.492E+00  6.821E+01  6.790E+01  0.9955
1.000E+03  8.248E+00  2.204E-03  8.250E+00  7.418E+01  7.385E+01  0.9956
