1.000E-03  3.811E+01  7.993E+00  4.611E+01  3.711E-05  5.164E-06  0.1391
1.500E-03  4.540E+01  8.647E+00  5.405E+01  4.703E-05  6.984E-06  0.1485
2.000E-03  5.141E+01  9.030E+00  6.044E+01  5.576E-05  8.744E-06  0.1568
2.500E-03  5.661E+01  9.267E+00  6.588E+01  6.368E-05  1.046E-05  0.1643
3.000E-03  6.125E+01  9.415E+00  7.066E+01  7.100E-05  1.215E-05  0.1711
4.000E-03  6.934E+01  9.555E+00  7.890E+01  8.436E-05  1.548E-05  0.1835
5.000E-03  7.636E+01  9.576E+00  8.593E+01  9.649E-05  1.877E-05  0.1945
6.000E-03  8.261E+01  9.535E+00  9.214E+01  1.077E-04  2.204E-05  0.2046
7.000E-03  8.829E+01  9.458E+00  9.775E+01  1.183E-04  2.529E-05  0.2139
8.000E-03  9.353E+01  9.361E+00  1.029E+02  1.282E-04  2.854E-05  0.2226
9.000E-03  9.841E+01  9.251E+00  1.077E+02  1.377E-04  3.177E-05  0.2307
1.000E-02  1.030E+02  9.136E+00  1.121E+02  1.468E-04  3.501E-05  0.2384
1.250E-02  1.134E+02  8.838E+00  1.222E+02  1.681E-04  4.306E-05  0.2561
1.500E-02  1.227E+02  8.545E+00  1.312E+02  1.879E-04  5.108E-05  0.2719
1.750E-02  1.311E+02  8.266E+00  1.394E+02  2.063E-04  5.907E-05  0.2863
2.000E-02  1.389E+02  8.004E+00  1.469E+02  2.238E-04  6.701E-05  0.2994
2.250E-02  1.461E+02  7.759E+00  1.539E+02  2.404E-04  7.493E-05  0.3116
2.500E-02  1.529E+02  7.530E+00  1.604E+02  2.563E-04  8.280E-05  0.3230
2.750E-02  1.593E+02  7.316E+00  1.666E+02  2.716E-04  9.062E-05  0.3336
3.000E-02  1.654E+02  7.116E+00  1.725E+02  2.864E-04  9.841E-05  0.3436
3.500E-02  1.767E+02  6.753E+00  1.834E+02  3.145E-04  1.138E-04  0.3620
4.000E-02  1.871E+02  6.431E+00  1.935E+02  3.410E-04  1.291E-04  0.3786
4.500E-02  1.968E+02  6.144E+00  2.029E+02  3.662E-04  1.442E-04  0.3937
5.000E-02  2.059E+02  5.886E+00  2.118E+02  3.903E-04  1.591E-04  0.4076
5.500E-02  2.144E+02  5.653E+00  2.201E+02  4.135E-04  1.738E-04  0.4204
6.000E-02  2.225E+02  5.441E+00  2.280E+02  4.358E-04  1.884E-04  0.4323
6.500E-02  2.303E+02  5.247E+00  2.355E+02  4.574E-04  2.028E-04  0.4434
7.000E-02  2.376E+02  5.068E+00  2.427E+02  4.783E-04  2.171E-04  0.4539
7.500E-02  2.447E+02  4.904E+00  2.496E+02  4.986E-04  2.312E-04  0.4636
8.000E-02  2.515E+02  4.752E+00  2.562E+02  5.184E-04  2.451E-04  0.4729
8.500E-02  2.580E+02  4.610E+00  2.626E+02  5.376E-04  2.589E-04  0.4816
9.000E-02  2.643E+02  4.478E+00  2.687E+02  5.565E-04  2.726E-04  0.4899
9.500E-02  2.703E+02  4.354E+00  2.747E+02  5.749E-04  2.861E-04  0.4977
1.000E-01  2.762E+02  4.239E+00  2.805E+02  5.929E-04  2.995E-04  0.5052
1.250E-01  3.031E+02  3.753E+00  3.068E+02  6.780E-04  3.647E-04  0.5380
1.500E-01  3.266E+02  3.379E+00  3.299E+02  7.565E-04  4.273E-04  0.5648
1.750E-01  3.474E+02  3.082E+00  3.505E+02  8.299E-04  4.875E-04  0.5874
2.000E-01  3.662E+02  2.839E+00  3.690E+02  8.994E-04  5.457E-04  0.6068
2.250E-01  3.831E+02  2.636E+00  3.857E+02  9.657E-04  6.023E-04  0.6237
2.500E-01  3.985E+02  2.463E+00  4.010E+02  1.029E-03  6.573E-04  0.6387
2.750E-01  4.125E+02  2.314E+00  4.149E+02  1.090E-03  7.110E-04  0.6520
3.000E-01  4.254E+02  2.183E+00  4.276E+02  1.150E-03  7.636E-04  0.6641
3.500E-01  4.478E+02  1.967E+00  4.498E+02  1.264E-03  8.658E-04  0.6851
4.000E-01  4.665E+02  1.794E+00  4.683E+02  1.373E-03  9.648E-04  0.7029
4.500E-01  4.821E+02  1.651E+00  4.837E+02  1.478E-03  1.061E-03  0.7182
5.000E-01  4.948E+02  1.532E+00  4.963E+02  1.580E-03  1.156E-03  0.7317
5.500E-01  5.051E+02  1.430E+00  5.065E+02  1.679E-03  1.249E-03  0.7436
6.000E-01  5.132E+02  1.343E+00  5.146E+02  1.777E-03  1.341E-03  0.7544
6.500E-01  5.194E+02  1.266E+00  5.207E+02  1.874E-03  1.432E-03  0.7641
7.000E-01  5.239E+02  1.198E+00  5.251E+02  1.969E-03  1.522E-03  0.7729
7.500E-01  5.269E+02  1.138E+00  5.280E+02  2.064E-03  1.612E-03  0.7811
8.000E-01  5.286E+02  1.085E+00  5.297E+02  2.159E-03  1.702E-03  0.7886
8.500E-01  5.291E+02  1.036E+00  5.301E+02  2.253E-03  1.793E-03  0.7956
9.000E-01  5.286E+02  9.925E-01  5.296E+02  2.348E-03  1.883E-03  0.8021
9.500E-01  5.273E+02  9.525E-01  5.282E+02  2.442E-03  1.974E-03  0.8082
1.000E+00  5.252E+02  9.160E-01  5.261E+02  2.537E-03  2.065E-03  0.8140
1.250E+00  5.056E+02  7.712E-01  5.064E+02  3.020E-03  2.532E-03  0.8383
1.500E+00  4.810E+02  6.687E-01  4.817E+02  3.526E-03  3.024E-03  0.8574
1.750E+00  4.568E+02  5.920E-01  4.574E+02  4.059E-03  3.543E-03  0.8729
2.000E+00  4.346E+02  5.323E-01  4.351E+02  4.620E-03  4.091E-03  0.8856
2.250E+00  4.146E+02  4.843E-01  4.151E+02  5.208E-03  4.667E-03  0.8962
2.500E+00  3.966E+02  4.448E-01  3.971E+02  5.824E-03  5.271E-03  0.9051
2.750E+00  3.805E+02  4.117E-01  3.810E+02  6.467E-03  5.903E-03  0.9128
3.000E+00  3.660E+02  3.836E-01  3.664E+02  7.136E-03  6.561E-03  0.9194
3.500E+00  3.409E+02  3.381E-01  3.412E+02  8.552E-03  7.954E-03  0.9301
4.000E+00  3.197E+02  3.029E-01  3.200E+02  1.007E-02  9.446E-03  0.9384
4.500E+00  3.016E+02  2.748E-01  3.018E+02  1.168E-02  1.103E-02  0.9450
5.000E+00  2.858E+02  2.517E-01  2.861E+02  1.338E-02  1.271E-02  0.9504
5.500E+00  2.720E+02  2.325E-01  2.722E+02  1.517E-02  1.448E-02  0.9548
6.000E+00  2.598E+02  2.162E-01  2.600E+02  1.705E-02  1.634E-02  0.9584
6.500E+00  2.488E+02  2.021E-01  2.490E+02  1.902E-02  1.829E-02  0.9616
7.000E+00  2.390E+02  1.899E-01  2.392E+02  2.107E-02  2.031E-02  0.9642
7.500E+00  2.301E+02  1.792E-01  2.303E+02  2.320E-02  2.242E-02  0.9665
8.000E+00  2.220E+02  1.697E-01  2.222E+02  2.541E-02  2.461E-02  0.9685
8.500E+00  2.146E+02  1.612E-01  2.147E+02  2.770E-02  2.687E-02  0.9703
9.000E+00  2.077E+02  1.536E-01  2.079E+02  3.006E-02  2.922E-02  0.9719
9.500E+00  2.014E+02  1.467E-01  2.015E+02  3.251E-02  3.164E-02  0.9732
1.000E+01  1.956E+02  1.404E-01  1.957E+02  3.503E-02  3.413E-02  0.9745
1.250E+01  1.716E+02  1.161E-01  1.717E+02  4.870E-02  4.768E-02  0.9791
1.500E+01  1.537E+02  9.927E-02  1.538E+02  6.411E-02  6.296E-02  0.9821
1.750E+01  1.398E+02  8.692E-02  1.399E+02  8.118E-02  7.989E-02  0.9842
2.000E+01  1.285E+02  7.745E-02  1.286E+02  9.984E-02  9.841E-02  0.9857
2.500E+01  1.114E+02  6.381E-02  1.115E+02  1.417E-01  1.400E-01  0.9878
2.750E+01  1.047E+02  5.873E-02  1.047E+02  1.649E-01  1.630E-01  0.9885
3.000E+01  9.884E+01  5.444E-02  9.889E+01  1.895E-01  1.874E-01  0.9891
3.500E+01  8.916E+01  4.757E-02  8.921E+01  2.428E-01  2.404E-01  0.9901
4.000E+01  8.145E+01  4.231E-02  8.149E+01  3.015E-01  2.987E-01  0.9908
4.500E+01  7.513E+01  3.815E-02  7.516E+01  3.654E-01  3.623E-01  0.9913
5.000E+01  6.984E+01  3.477E-02  6.988E+01  4.345E-01  4.309E-01  0.9917
5.500E+01  6.534E+01  3.196E-02  6.537E+01  5.085E-01  5.045E-01  0.9921
6.000E+01  6.146E+01  2.960E-02  6.149E+01  5.874E-01  5.830E-01  0.9924
6.500E+01  5.808E+01  2.757E-02  5.811E+01  6.711E-01  6.662E-01  0.9926
7.000E+01  5.510E+01  2.582E-02  5.512E+01  7.595E-01  7.541E-01  0.9929
7.500E+01  5.244E+01  2.428E-02  5.246E+01  8.525E-01  8.466E-01  0.9930
8.000E+01  5.008E+01  2.293E-02  5.011E+01  9.501E-01  9.436E-01  0.9932
8.500E+01  4.795E+01  2.172E-02  4.797E+01  1.052E+00  1.045E+00  0.9933
9.000E+01  4.601E+01  2.064E-02  4.603E+01  1.158E+00  1.151E+00  0.9935
9.500E+01  4.424E+01  1.967E-02  4.426E+01  1.269E+00  1.261E+00  0.9936
1.000E+02  4.263E+01  1.879E-02  4.265E+01  1.384E+00  1.376E+00  0.9937
1.250E+02  3.620E+01  1.539E-02  3.621E+01  2.023E+00  2.011E+00  0.9941
1.500E+02  3.162E+01  1.306E-02  3.163E+01  2.764E+00  2.748E+00  0.9944
1.750E+02  2.819E+01  1.137E-02  2.821E+01  3.602E+00  3.583E+00  0.9946
2.000E+02  2.553E+01  1.007E-02  2.554E+01  4.535E+00  4.512E+00  0.9948
2.250E+02  2.340E+01  9.053E-03  2.341E+01  5.559E+00  5.531E+00  0.9949
2.500E+02  2.165E+01  8.226E-03  2.166E+01  6.670E+00  6.638E+00  0.9951
2.750E+02  2.019E+01  7.541E-03  2.020E+01  7.867E+00  7.829E+00  0.9952
3.000E+02  1.895E+01  6.965E-03  1.896E+01  9.145E+00  9.102E+00  0.9953
3.500E+02  1.697E+01  6.047E-03  1.698E+01  1.194E+01  1.188E+01  0.9954
4.000E+02  1.545E+01  5.349E-03  1.546E+01  1.503E+01  1.496E+01  0.9955
4.500E+02  1.425E+01  4.799E-03  1.425E+01  1.840E+01  1.832E+01  0.9956
5.000E+02  1.326E+01  4.353E-03  1.327E+01  2.204E+01  2.195E+01  0.9957
5.500E+02  1.244E+01  3.985E-03  1.245E+01  2.593E+01  2.583E+01  0.9958
6.000E+02  1.175E+01  3.675E-03  1.176E+01  3.007E+01  2.995E+01  0.9959
6.500E+02  1.116E+01  3.410E-03  1.116E+01  3.444E+01  3.430E+01  0.9960
7.000E+02  1.065E+01  3.182E-03  1.065E+01  3.903E+01  3.887E+01  0.9960
7.500E+02  1.020E+01  2.982E-03  1.020E+01  4.383E+01  4.365E+01  0.9961
8.000E+02  9.802E+00  2.807E-03  9.804E+00  4.883E+01  4.864E+01  0.9961
8.500E+02  9.450E+00  2.652E-03  9.453E+00  5.402E+01  5.382E+01  0.9962
9.000E+02  9.136E+00  2.513E-03  9.138E+00  5.940E+01  5.918E+01  0.9962
9.500E+02  8.853E+00  2.389E-03  8.856E+00  6.496E+01  6.472E+01  0.9963
1.000E+03  8.598E+00  2.276E-03  8.600E+00  7.069E+01  7.043E+01  0.9963
