1.000E-03  4.732E+01  7.396E+01  1.213E+02  1.066E-05  2.534E-06  0.2377
1.500E-03  6.163E+01  7.254E+01  1.342E+02  1.455E-05  3.711E-06  0.2550
2.000E-03  7.434E+01  7.031E+01  1.447E+02  1.814E-05  4.907E-06  0.2705
2.500E-03  8.598E+01  6.794E+01  1.539E+02  2.149E-05  6.114E-06  0.2845
3.000E-03  9.682E+01  6.562E+01  1.624E+02  2.465E-05  7.332E-06  0.2974
4.000E-03  1.168E+02  6.137E+01  1.782E+02  3.052E-05  9.782E-06  0.3205
5.000E-03  1.351E+02  5.767E+01  1.927E+02  3.592E-05  1.224E-05  0.3407
6.000E-03  1.521E+02  5.445E+01  2.066E+02  4.092E-05  1.468E-05  0.3587
7.000E-03  1.682E+02  5.163E+01  2.198E+02  4.562E-05  1.711E-05  0.3750
8.000E-03  1.834E+02  4.913E+01  2.326E+02  5.004E-05  1.950E-05  0.3898
9.000E-03  1.981E+02  4.691E+01  2.450E+02  5.423E-05  2.188E-05  0.4034
1.000E-02  2.121E+02  4.492E+01  2.570E+02  5.821E-05  2.421E-05  0.4160
1.250E-02  2.453E+02  4.072E+01  2.860E+02  6.742E-05  2.991E-05  0.4437
1.500E-02  2.761E+02  3.735E+01  3.135E+02  7.577E-05  3.540E-05  0.4672
1.750E-02  3.052E+02  3.457E+01  3.397E+02  8.342E-05  4.068E-05  0.4877
2.000E-02  3.327E+02  3.224E+01  3.650E+02  9.052E-05  4.577E-05  0.5056
2.250E-02  3.591E+02  3.024E+01  3.893E+02  9.715E-05  5.067E-05  0.5216
2.500E-02  3.844E+02  2.851E+01  4.129E+02  1.034E-04  5.541E-05  0.5359
2.750E-02  4.087E+02  2.700E+01  4.357E+02  1.093E-04  5.998E-05  0.5489
3.000E-02  4.322E+02  2.566E+01  4.579E+02  1.149E-04  6.441E-05  0.5607
3.500E-02  4.770E+02  2.339E+01  5.004E+02  1.253E-04  7.287E-05  0.5815
4.000E-02  5.193E+02  2.153E+01  5.408E+02  1.349E-04  8.086E-05  0.5993
4.500E-02  5.594E+02  1.998E+01  5.793E+02  1.438E-04  8.844E-05  0.6148
5.000E-02  5.975E+02  1.866E+01  6.162E+02  1.522E-04  9.567E-05  0.6285
5.500E-02  6.339E+02  1.753E+01  6.514E+02  1.601E-04  1.026E-04  0.6407
6.000E-02  6.686E+02  1.654E+01  6.852E+02  1.676E-04  1.092E-04  0.6516
6.500E-02  7.019E+02  1.567E+01  7.176E+02  1.747E-04  1.156E-04  0.6616
7.000E-02  7.337E+02  1.489E+01  7.486E+02  1.815E-04  1.217E-04  0.6706
7.500E-02  7.643E+02  1.420E+01  7.785E+02  1.881E-04  1.277E-04  0.6789
8.000E-02  7.935E+02  1.357E+01  8.071E+02  1.944E-04  1.335E-04  0.6866
8.500E-02  8.216E+02  1.301E+01  8.346E+02  2.005E-04  1.391E-04  0.6937
9.000E-02  8.485E+02  1.249E+01  8.610E+02  2.064E-04  1.445E-04  0.7003
9.500E-02  8.744E+02  1.202E+01  8.864E+02  2.121E-04  1.498E-04  0.7065
1.000E-01  8.991E+02  1.159E+01  9.107E+02  2.177E-04  1.550E-04  0.7123
1.250E-01  1.008E+03  9.850E+00  1.018E+03  2.436E-04  1.794E-04  0.7367
1.500E-01  1.097E+03  8.603E+00  1.105E+03  2.671E-04  2.019E-04  0.7558
1.750E-01  1.168E+03  7.660E+00  1.175E+03  2.890E-04  2.229E-04  0.7714
2.000E-01  1.225E+03  6.918E+00  1.232E+03  3.097E-04  2.430E-04  0.7846
2.250E-01  1.270E+03  6.318E+00  1.277E+03  3.297E-04  2.624E-04  0.7959
2.500E-01  1.307E+03  5.822E+00  1.312E+03  3.490E-04  2.812E-04  0.8058
2.750E-01  1.336E+03  5.405E+00  1.341E+03  3.678E-04  2.996E-04  0.8146
3.000E-01  1.359E+03  5.047E+00  1.364E+03  3.863E-04  3.177E-04  0.8225
3.500E-01  1.390E+03  4.468E+00  1.395E+03  4.225E-04  3.533E-04  0.8362
4.000E-01  1.408E+03  4.016E+00  1.412E+03  4.581E-04  3.884E-04  0.8478
4.500E-01  1.416E+03  3.653E+00  1.420E+03  4.934E-04  4.232E-04  0.8577
5.000E-01  1.417E+03  3.355E+00  1.420E+03  5.286E-04  4.580E-04  0.8664
5.500E-01  1.413E+03  3.105E+00  1.416E+03  5.639E-04  4.929E-04  0.8741
6.000E-01  1.405E+03  2.893E+00  1.408E+03  5.993E-04  5.279E-04  0.8810
6.500E-01  1.395E+03  2.709E+00  1.398E+03  6.349E-04  5.632E-04  0.8872
7.000E-01  1.383E+03  2.549E+00  1.386E+03  6.708E-04  5.989E-04  0.8928
7.500E-01  1.370E+03  2.409E+00  1.372E+03  7.071E-04  6.348E-04  0.8979
8.000E-01  1.356E+03  2.284E+00  1.358E+03  7.437E-04  6.712E-04  0.9026
8.500E-01  1.341E+03  2.172E+00  1.343E+03  7.807E-04  7.080E-04  0.9069
9.000E-01  1.326E+03  2.071E+00  1.328E+03  8.181E-04  7.452E-04  0.9108
9.500E-01  1.310E+03  1.980E+00  1.312E+03  8.560E-04  7.829E-04  0.9145
1.000E+00  1.295E+03  1.897E+00  1.296E+03  8.944E-04  8.210E-04  0.9179
1.250E+00  1.218E+03  1.574E+00  1.219E+03  1.093E-03  1.019E-03  0.9319
1.500E+00  1.146E+03  1.350E+00  1.148E+03  1.305E-03  1.229E-03  0.9423
1.750E+00  1.081E+03  1.185E+00  1.082E+03  1.529E-03  1.453E-03  0.9502
2.000E+00  1.023E+03  1.058E+00  1.024E+03  1.767E-03  1.690E-03  0.9565
2.250E+00  9.706E+02  9.568E-01  9.715E+02  2.017E-03  1.940E-03  0.9615
2.500E+00  9.239E+02  8.743E-01  9.248E+02  2.281E-03  2.203E-03  0.9656
2.750E+00  8.814E+02  8.057E-01  8.822E+02  2.558E-03  2.479E-03  0.9690
3.000E+00  8.424E+02  7.476E-01  8.432E+02  2.848E-03  2.768E-03  0.9719
3.500E+00  7.731E+02  6.546E-01  7.738E+02  3.468E-03  3.386E-03  0.9765
4.000E+00  7.131E+02  5.832E-01  7.137E+02  4.141E-03  4.058E-03  0.9800
4.500E+00  6.612E+02  5.266E-01  6.618E+02  4.869E-03  4.785E-03  0.9827
5.000E+00  6.174E+02  4.805E-01  6.179E+02  5.651E-03  5.566E-03  0.9848
5.500E+00  5.797E+02  4.422E-01  5.802E+02  6.487E-03  6.400E-03  0.9865
6.000E+00  5.470E+02  4.098E-01  5.474E+02  7.375E-03  7.286E-03  0.9879
6.500E+00  5.182E+02  3.821E-01  5.186E+02  8.314E-03  8.223E-03  0.9891
7.000E+00  4.927E+02  3.581E-01  4.931E+02  9.303E-03  9.210E-03  0.9901
7.500E+00  4.700E+02  3.371E-01  4.703E+02  1.034E-02  1.025E-02  0.9909
8.000E+00  4.495E+02  3.185E-01  4.498E+02  1.143E-02  1.133E-02  0.9916
8.500E+00  4.309E+02  3.020E-01  4.312E+02  1.256E-02  1.247E-02  0.9922
9.000E+00  4.140E+02  2.872E-01  4.143E+02  1.375E-02  1.365E-02  0.9928
9.500E+00  3.986E+02  2.738E-01  3.989E+02  1.498E-02  1.488E-02  0.9932
1.000E+01  3.844E+02  2.617E-01  3.847E+02  1.625E-02  1.615E-02  0.9936
1.250E+01  3.278E+02  2.148E-01  3.280E+02  2.332E-02  2.321E-02  0.9951
1.500E+01  2.872E+02  1.827E-01  2.874E+02  3.148E-02  3.136E-02  0.9960
1.750E+01  2.565E+02  1.593E-01  2.567E+02  4.070E-02  4.057E-02  0.9966
2.000E+01  2.325E+02  1.414E-01  2.326E+02  5.095E-02  5.080E-02  0.9970
2.500E+01  1.968E+02  1.158E-01  1.969E+02  7.440E-02  7.422E-02  0.9976
2.750E+01  1.832E+02  1.063E-01  1.833E+02  8.757E-02  8.738E-02  0.9978
3.000E+01  1.715E+02  9.825E-02  1.716E+02  1.017E-01  1.015E-01  0.9979
3.500E+01  1.526E+02  8.549E-02  1.526E+02  1.326E-01  1.324E-01  0.9981
4.000E+01  1.377E+02  7.576E-02  1.378E+02  1.672E-01  1.669E-01  0.9983
4.500E+01  1.258E+02  6.809E-02  1.259E+02  2.052E-01  2.048E-01  0.9984
5.000E+01  1.159E+02  6.186E-02  1.160E+02  2.466E-01  2.462E-01  0.9985
5.500E+01  1.077E+02  5.671E-02  1.077E+02  2.914E-01  2.909E-01  0.9985
6.000E+01  1.006E+02  5.237E-02  1.007E+02  3.394E-01  3.389E-01  0.9986
6.500E+01  9.454E+01  4.867E-02  9.458E+01  3.907E-01  3.901E-01  0.9986
7.000E+01  8.922E+01  4.547E-02  8.926E+01  4.451E-01  4.445E-01  0.9987
7.500E+01  8.453E+01  4.267E-02  8.457E+01  5.027E-01  5.020E-01  0.9987
8.000E+01  8.036E+01  4.021E-02  8.040E+01  5.633E-01  5.626E-01  0.9988
8.500E+01  7.662E+01  3.803E-02  7.666E+01  6.270E-01  6.263E-01  0.9988
9.000E+01  7.326E+01  3.607E-02  7.330E+01  6.938E-01  6.929E-01  0.9988
9.500E+01  7.021E+01  3.431E-02  7.025E+01  7.635E-01  7.626E-01  0.9988
1.000E+02  6.744E+01  3.272E-02  6.747E+01  8.361E-01  8.351E-01  0.9988
1.250E+02  5.659E+01  2.659E-02  5.662E+01  1.242E+00  1.241E+00  0.9989
1.500E+02  4.905E+01  2.241E-02  4.908E+01  1.718E+00  1.716E+00  0.9990
1.750E+02  4.349E+01  1.939E-02  4.351E+01  2.260E+00  2.258E+00  0.9990
2.000E+02  3.920E+01  1.710E-02  3.922E+01  2.867E+00  2.864E+00  0.9990
2.250E+02  3.580E+01  1.529E-02  3.581E+01  3.535E+00  3.531E+00  0.9990
2.500E+02  3.302E+01  1.383E-02  3.303E+01  4.262E+00  4.258E+00  0.9991
2.750E+02  3.070E+01  1.263E-02  3.072E+01  5.048E+00  5.043E+00  0.9991
3.000E+02  2.875E+01  1.162E-02  2.876E+01  5.889E+00  5.884E+00  0.9991
3.500E+02  2.562E+01  1.002E-02  2.563E+01  7.735E+00  7.728E+00  0.9991
4.000E+02  2.323E+01  8.807E-03  2.324E+01  9.787E+00  9.779E+00  0.9991
4.500E+02  2.133E+01  7.862E-03  2.134E+01  1.204E+01  1.203E+01  0.9992
5.000E+02  1.979E+01  7.101E-03  1.980E+01  1.447E+01  1.446E+01  0.9992
5.500E+02  1.852E+01  6.475E-03  1.853E+01  1.708E+01  1.707E+01  0.9992
6.000E+02  1.745E+01  5.949E-03  1.745E+01  1.987E+01  1.985E+01  0.9992
6.500E+02  1.653E+01  5.501E-03  1.654E+01  2.281E+01  2.279E+01  0.9992
7.000E+02  1.574E+01  5.115E-03  1.575E+01  2.591E+01  2.589E+01  0.9992
7.500E+02  1.505E+01  4.780E-03  1.506E+01  2.916E+01  2.914E+01  0.9992
8.000E+02  1.444E+01  4.485E-03  1.445E+01  3.255E+01  3.253E+01  0.9993
8.500E+02  1.391E+01  4.226E-03  1.391E+01  3.608E+01  3.605E+01  0.9993
9.000E+02  1.343E+01  3.995E-03  1.343E+01  3.974E+01  3.971E+01  0.9993
9.500E+02  1.299E+01  3.789E-03  1.300E+01  4.352E+01  4.349E+01  0.9993
1.000E+03  1.260E+01  3.603E-03  1.261E+01  4.743E+01  4.740E+01  0.9993
